#Walking Trial Path#
#TimeStamp#	#Collision Event#	#Mode Switch Event#	#Reset Event#	#Waypoint Event#	#PositionX#	#PositionY#	#PositionZ#	#OrientationX#	#OrientationY#	#OrientationZ#	#OrientationW#	#HeadOrientationX#	#HeadOrientationY#	#HeadOrientationZ#	#WayPointX#	#WayPointY#	#WayPointZ#	
364.4982	COLLISION_NONE	CORRECT_SWITCH	NOT_RESET	NOT_WAYPOINT	-298.2394	4.063554	-320.883	0	0	0	1	19.47891	15.97141	9.074611	-296.7278	1.259546	-315	
364.5182	COLLISION_NONE	NOT_SWITCH	NOT_RESET	NOT_WAYPOINT	-299.4535	4.11686	-320.9371	0	0	0	1	19.43516	15.96103	9.103535	-296.7278	1.259546	-315	
364.5382	COLLISION_NONE	NOT_SWITCH	NOT_RESET	NOT_WAYPOINT	-300.57	4.155394	-320.9725	0	0	0	1	19.47097	16.05313	9.136771	-296.7278	1.259546	-315	
364.5582	COLLISION_NONE	NOT_SWITCH	NOT_RESET	NOT_WAYPOINT	-301.4909	4.165695	-320.9714	0	0	0	1	19.48051	16.07239	9.159857	-296.7278	1.259546	-315	
364.5782	COLLISION_NONE	NOT_SWITCH	NOT_RESET	NOT_WAYPOINT	-302.3138	4.163318	-320.9524	0	0	0	1	19.53496	16.16211	9.180326	-296.7278	1.259546	-315	
364.5982	COLLISION_NONE	NOT_SWITCH	NOT_RESET	NOT_WAYPOINT	-303.0384	4.149196	-320.9162	0	0	0	1	19.52162	16.14502	9.156662	-296.7278	1.259546	-315	
364.6182	COLLISION_NONE	NOT_SWITCH	NOT_RESET	NOT_WAYPOINT	-303.6647	4.124414	-320.8633	0	0	0	1	19.53511	16.15791	9.132861	-296.7278	1.259546	-315	
364.6382	COLLISION_NONE	NOT_SWITCH	NOT_RESET	NOT_WAYPOINT	-304.0939	4.080922	-320.7787	0	0	0	1	19.55299	16.13447	9.110516	-296.7278	1.259546	-315	
364.6581	COLLISION_NONE	NOT_SWITCH	NOT_RESET	NOT_WAYPOINT	-304.4241	4.032433	-320.6795	0	0	0	1	19.49513	16.03769	9.093558	-296.7278	1.259546	-315	
364.6781	COLLISION_NONE	NOT_SWITCH	NOT_RESET	NOT_WAYPOINT	-304.6551	3.983154	-320.5683	0	0	0	1	19.46971	16.06213	9.078951	-296.7278	1.259546	-315	
364.6981	COLLISION_NONE	NOT_SWITCH	NOT_RESET	NOT_WAYPOINT	-304.7887	3.952586	-320.4565	0	0	0	1	19.41201	15.94849	9.058793	-296.7278	1.259546	-315	
364.7181	COLLISION_NONE	NOT_SWITCH	NOT_RESET	NOT_WAYPOINT	-305.0207	3.900626	-320.3484	0	0	0	1	19.42337	15.9902	9.073064	-296.7278	1.259546	-315	
364.7381	COLLISION_NONE	NOT_SWITCH	NOT_RESET	NOT_WAYPOINT	-305.1571	3.87399	-320.2436	0	0	0	1	19.43041	15.95842	9.085379	-296.7278	1.259546	-315	
364.7581	COLLISION_NONE	NOT_SWITCH	NOT_RESET	NOT_WAYPOINT	-305.4878	3.791627	-320.1386	0	0	0	1	19.46487	15.98399	9.086216	-296.7278	1.259546	-315	
364.7781	COLLISION_NONE	NOT_SWITCH	NOT_RESET	NOT_WAYPOINT	-305.7227	3.734247	-320.0351	0	0	0	1	19.51124	16.00237	9.104024	-296.7278	1.259546	-315	
364.7981	COLLISION_NONE	NOT_SWITCH	NOT_RESET	NOT_WAYPOINT	-305.8643	3.708193	-319.9369	0	0	0	1	19.52849	16.03992	9.12622	-296.7278	1.259546	-315	
364.8181	COLLISION_NONE	NOT_SWITCH	NOT_RESET	NOT_WAYPOINT	-306.1018	3.649904	-319.8374	0	0	0	1	19.56594	16.03023	9.144217	-296.7278	1.259546	-315	
364.838	COLLISION_NONE	NOT_SWITCH	NOT_RESET	NOT_WAYPOINT	-306.1512	3.650904	-319.7465	0	0	0	1	19.61222	16.09438	9.150543	-296.7278	1.259546	-315	
364.858	COLLISION_NONE	NOT_SWITCH	NOT_RESET	NOT_WAYPOINT	-306.2963	3.619369	-319.6525	0	0	0	1	19.5789	16.07327	9.174913	-296.7278	1.259546	-315	
364.878	COLLISION_NONE	NOT_SWITCH	NOT_RESET	NOT_WAYPOINT	-306.54	3.567302	-319.5616	0	0	0	1	19.55056	16.10473	9.177423	-296.7278	1.259546	-315	
364.898	COLLISION_NONE	NOT_SWITCH	NOT_RESET	NOT_WAYPOINT	-306.6862	3.533129	-319.4703	0	0	0	1	19.49622	16.063	9.177341	-296.7278	1.259546	-315	
364.918	COLLISION_NONE	NOT_SWITCH	NOT_RESET	NOT_WAYPOINT	-306.9318	3.492535	-319.3885	0	0	0	1	19.4849	16.02126	9.163028	-296.7278	1.259546	-315	
364.938	COLLISION_NONE	NOT_SWITCH	NOT_RESET	NOT_WAYPOINT	-306.9786	3.459849	-319.2926	0	0	0	1	19.49425	16.05746	9.18948	-296.7278	1.259546	-315	
364.958	COLLISION_NONE	NOT_SWITCH	NOT_RESET	NOT_WAYPOINT	-307.125	3.422715	-319.2055	0	0	0	1	19.51516	16.10904	9.204059	-296.7278	1.259546	-315	
364.978	COLLISION_NONE	NOT_SWITCH	NOT_RESET	NOT_WAYPOINT	-307.3608	3.419302	-319.1424	0	0	0	1	19.52426	16.11154	9.189226	-296.7278	1.259546	-315	
364.998	COLLISION_NONE	NOT_SWITCH	NOT_RESET	NOT_WAYPOINT	-307.5046	3.379757	-319.0574	0	0	0	1	19.5172	16.13726	9.189953	-296.7278	1.259546	-315	
365.0179	COLLISION_NONE	NOT_SWITCH	NOT_RESET	NOT_WAYPOINT	-307.7056	3.409931	-319.0082	0	0	0	1	19.49187	16.13076	9.185221	-296.7278	1.259546	-315	
365.0379	COLLISION_NONE	NOT_SWITCH	NOT_RESET	NOT_WAYPOINT	-307.7825	3.291665	-318.8893	0	0	0	1	19.51289	16.18489	9.15088	-296.7278	1.259546	-315	
365.0579	COLLISION_NONE	NOT_SWITCH	NOT_RESET	NOT_WAYPOINT	-307.9162	3.243963	-318.8051	0	0	0	1	19.44891	16.08467	9.118666	-296.7278	1.259546	-315	
365.0779	COLLISION_NONE	NOT_SWITCH	NOT_RESET	NOT_WAYPOINT	-308.086	3.277913	-318.7578	0	0	0	1	19.45095	16.10415	9.093221	-296.7278	1.259546	-315	
365.0979	COLLISION_NONE	NOT_SWITCH	NOT_RESET	NOT_WAYPOINT	-308.2144	3.224499	-318.674	0	0	0	1	19.3898	16.00569	9.055352	-296.7278	1.259546	-315	
365.1179	COLLISION_NONE	NOT_SWITCH	NOT_RESET	NOT_WAYPOINT	-308.3689	3.256192	-318.6273	0	0	0	1	19.41467	16.0301	9.067263	-296.7278	1.259546	-315	
365.1379	COLLISION_NONE	NOT_SWITCH	NOT_RESET	NOT_WAYPOINT	-308.4606	3.105114	-318.5063	0	0	0	1	19.46681	16.114	9.072845	-296.7278	1.259546	-315	
365.1579	COLLISION_NONE	NOT_SWITCH	NOT_RESET	NOT_WAYPOINT	-308.5802	3.039004	-318.4215	0	0	0	1	19.47114	16.14257	9.098038	-296.7278	1.259546	-315	
365.1779	COLLISION_NONE	NOT_SWITCH	NOT_RESET	NOT_WAYPOINT	-308.7193	3.060086	-318.3728	0	0	0	1	19.49532	16.14449	9.077437	-296.7278	1.259546	-315	
365.1978	COLLISION_NONE	NOT_SWITCH	NOT_RESET	NOT_WAYPOINT	-308.8323	2.987687	-318.2878	0	0	0	1	19.4799	16.09057	9.056634	-296.7278	1.259546	-315	
365.2178	COLLISION_NONE	NOT_SWITCH	NOT_RESET	NOT_WAYPOINT	-308.9647	3.002545	-318.2389	0	0	0	1	19.50722	16.10856	9.036162	-296.7278	1.259546	-315	
365.2378	COLLISION_NONE	NOT_SWITCH	NOT_RESET	NOT_WAYPOINT	-309.0435	2.83094	-318.1173	0	0	0	1	19.45171	16.04425	8.976672	-296.7278	1.259546	-315	
365.2578	COLLISION_NONE	NOT_SWITCH	NOT_RESET	NOT_WAYPOINT	-309.1464	2.745674	-318.0311	0	0	0	1	19.40601	15.96886	8.969517	-296.7278	1.259546	-315	
365.2778	COLLISION_NONE	NOT_SWITCH	NOT_RESET	NOT_WAYPOINT	-309.2689	2.747949	-317.9802	0	0	0	1	19.38965	15.99917	8.975924	-296.7278	1.259546	-315	
365.2978	COLLISION_NONE	NOT_SWITCH	NOT_RESET	NOT_WAYPOINT	-309.359	2.658592	-317.8935	0	0	0	1	19.38782	15.96204	8.986476	-296.7278	1.259546	-315	
365.3178	COLLISION_NONE	NOT_SWITCH	NOT_RESET	NOT_WAYPOINT	-309.5052	2.739549	-317.878	0	0	0	1	19.38948	15.95389	8.979959	-296.7278	1.259546	-315	
365.3378	COLLISION_NONE	NOT_SWITCH	NOT_RESET	NOT_WAYPOINT	-309.6195	2.729132	-317.8257	0	0	0	1	19.41523	15.99587	8.965409	-296.7278	1.259546	-315	
365.3578	COLLISION_NONE	NOT_SWITCH	NOT_RESET	NOT_WAYPOINT	-309.6745	2.643117	-317.7367	0	0	0	1	19.41855	16.00637	8.99778	-296.7278	1.259546	-315	
365.3777	COLLISION_NONE	NOT_SWITCH	NOT_RESET	NOT_WAYPOINT	-309.785	2.627621	-317.6846	0	0	0	1	19.43014	16.03035	8.997121	-296.7278	1.259546	-315	
365.3977	COLLISION_NONE	NOT_SWITCH	NOT_RESET	NOT_WAYPOINT	-309.8	2.591886	-317.6078	0	0	0	1	19.47254	15.95202	8.957057	-296.7278	1.259546	-315	
365.4177	COLLISION_NONE	NOT_SWITCH	NOT_RESET	NOT_WAYPOINT	-310.0034	2.590269	-317.5832	0	0	0	1	19.45161	15.86021	8.929655	-296.7278	1.259546	-315	
365.4377	COLLISION_NONE	NOT_SWITCH	NOT_RESET	NOT_WAYPOINT	-310.1109	2.571501	-317.5335	0	0	0	1	19.46025	15.91346	8.924892	-296.7278	1.259546	-315	
365.4577	COLLISION_NONE	NOT_SWITCH	NOT_RESET	NOT_WAYPOINT	-310.1242	2.581086	-317.4743	0	0	0	1	19.46025	15.91346	8.924892	-296.7278	1.259546	-315	
365.4777	COLLISION_NONE	NOT_SWITCH	NOT_RESET	NOT_WAYPOINT	-310.2328	2.558154	-317.4261	0	0	0	1	19.41953	15.83697	8.90774	-296.7278	1.259546	-315	
365.4977	COLLISION_NONE	NOT_SWITCH	NOT_RESET	NOT_WAYPOINT	-310.2552	2.581867	-317.3758	0	0	0	1	19.42914	15.8079	8.918123	-296.7278	1.259546	-315	
365.5177	COLLISION_NONE	NOT_SWITCH	NOT_RESET	NOT_WAYPOINT	-310.4532	2.50226	-317.3322	0	0	0	1	19.45711	15.81025	8.92228	-296.7278	1.259546	-315	
365.5377	COLLISION_NONE	NOT_SWITCH	NOT_RESET	NOT_WAYPOINT	-310.566	2.470838	-317.2862	0	0	0	1	19.46885	15.81733	8.918245	-296.7278	1.259546	-315	
365.5576	COLLISION_NONE	WAIT_SWITCH	NOT_RESET	NOT_WAYPOINT	-315	1.8	-315	0	0	0	1	19.48656	15.82817	8.921813	-296.7278	1.259546	-315	
365.5776	COLLISION_NONE	NOT_SWITCH	NOT_RESET	NOT_WAYPOINT	-315.0327	1.824406	-314.955	0	0	0	1	19.50766	15.84536	8.910325	-296.7278	1.259546	-315	
365.5976	COLLISION_NONE	NOT_SWITCH	NOT_RESET	NOT_WAYPOINT	-315.0327	1.824406	-314.955	0	0	0	1	19.50152	15.72838	8.866295	-296.7278	1.259546	-315	
365.6176	COLLISION_NONE	NOT_SWITCH	NOT_RESET	NOT_WAYPOINT	-315.0327	1.824406	-314.955	0	0	0	1	19.4602	15.63771	8.835582	-296.7278	1.259546	-315	
365.6376	COLLISION_NONE	NOT_SWITCH	NOT_RESET	NOT_WAYPOINT	-315.0327	1.824406	-314.955	0	0	0	1	19.49313	15.67934	8.842579	-296.7278	1.259546	-315	
365.6576	COLLISION_NONE	NOT_SWITCH	NOT_RESET	NOT_WAYPOINT	-315.0327	1.824406	-314.955	0	0	0	1	19.43037	15.63708	8.831832	-296.7278	1.259546	-315	
365.6776	COLLISION_NONE	NOT_SWITCH	NOT_RESET	NOT_WAYPOINT	-315.0327	1.824406	-314.955	0	0	0	1	19.43587	15.64074	8.812546	-296.7278	1.259546	-315	
365.6976	COLLISION_NONE	NOT_SWITCH	NOT_RESET	NOT_WAYPOINT	-315.0327	1.824406	-314.955	0	0	0	1	19.41558	15.60233	8.807863	-296.7278	1.259546	-315	
365.7176	COLLISION_NONE	NOT_SWITCH	NOT_RESET	NOT_WAYPOINT	-315.0327	1.824406	-314.955	0	0	0	1	19.4207	15.61861	8.820373	-296.7278	1.259546	-315	
365.7375	COLLISION_NONE	NOT_SWITCH	NOT_RESET	NOT_WAYPOINT	-315.0327	1.824406	-314.955	0	0	0	1	19.41359	15.62774	8.81009	-296.7278	1.259546	-315	
365.7575	COLLISION_NONE	NOT_SWITCH	NOT_RESET	NOT_WAYPOINT	-315.0327	1.824406	-314.955	0	0	0	1	19.39374	15.62038	8.82236	-296.7278	1.259546	-315	
365.7775	COLLISION_NONE	NOT_SWITCH	NOT_RESET	NOT_WAYPOINT	-315.0327	1.824406	-314.955	0	0	0	1	19.3615	15.51394	8.750504	-296.7278	1.259546	-315	
365.7975	COLLISION_NONE	NOT_SWITCH	NOT_RESET	NOT_WAYPOINT	-315.0327	1.824406	-314.955	0	0	0	1	19.36095	15.54019	8.749821	-296.7278	1.259546	-315	
365.8175	COLLISION_NONE	NOT_SWITCH	NOT_RESET	NOT_WAYPOINT	-315.0327	1.824406	-314.955	0	0	0	1	19.33601	15.49096	8.734997	-296.7278	1.259546	-315	
365.8375	COLLISION_NONE	NOT_SWITCH	NOT_RESET	NOT_WAYPOINT	-315.0327	1.824406	-314.955	0	0	0	1	19.35563	15.53291	8.740937	-296.7278	1.259546	-315	
365.8575	COLLISION_NONE	NOT_SWITCH	NOT_RESET	NOT_WAYPOINT	-315.0327	1.824406	-314.955	0	0	0	1	19.32529	15.53298	8.721921	-296.7278	1.259546	-315	
365.8775	COLLISION_NONE	NOT_SWITCH	NOT_RESET	NOT_WAYPOINT	-315.0327	1.824406	-314.955	0	0	0	1	19.29865	15.54847	8.718296	-296.7278	1.259546	-315	
365.8975	COLLISION_NONE	NOT_SWITCH	NOT_RESET	NOT_WAYPOINT	-315.0327	1.824406	-314.955	0	0	0	1	19.30556	15.55295	8.696087	-296.7278	1.259546	-315	
365.9174	COLLISION_NONE	NOT_SWITCH	NOT_RESET	NOT_WAYPOINT	-315.0327	1.824406	-314.955	0	0	0	1	19.31234	15.55573	8.726625	-296.7278	1.259546	-315	
365.9374	COLLISION_NONE	NOT_SWITCH	NOT_RESET	NOT_WAYPOINT	-315.0327	1.824406	-314.955	0	0	0	1	19.32296	15.55003	8.705193	-296.7278	1.259546	-315	
365.9574	COLLISION_NONE	NOT_SWITCH	NOT_RESET	NOT_WAYPOINT	-315.0327	1.824406	-314.955	0	0	0	1	19.30427	15.52914	8.708694	-296.7278	1.259546	-315	
365.9774	COLLISION_NONE	NOT_SWITCH	NOT_RESET	NOT_WAYPOINT	-315.0327	1.824406	-314.955	0	0	0	1	19.25267	15.45518	8.677496	-296.7278	1.259546	-315	
365.9974	COLLISION_NONE	NOT_SWITCH	NOT_RESET	NOT_WAYPOINT	-315.0327	1.824406	-314.955	0	0	0	1	19.24905	15.44912	8.68491	-296.7278	1.259546	-315	
366.0174	COLLISION_NONE	NOT_SWITCH	NOT_RESET	NOT_WAYPOINT	-315.0327	1.824406	-314.955	0	0	0	1	19.16991	15.37526	8.681802	-296.7278	1.259546	-315	
366.0374	COLLISION_NONE	NOT_SWITCH	NOT_RESET	NOT_WAYPOINT	-315.0327	1.824406	-314.955	0	0	0	1	19.20084	15.4281	8.703999	-296.7278	1.259546	-315	
366.0574	COLLISION_NONE	NOT_SWITCH	NOT_RESET	NOT_WAYPOINT	-315.0327	1.824406	-314.955	0	0	0	1	19.13296	15.33098	8.691512	-296.7278	1.259546	-315	
366.0774	COLLISION_NONE	NOT_SWITCH	NOT_RESET	NOT_WAYPOINT	-315.0327	1.824406	-314.955	0	0	0	1	19.12164	15.32005	8.675151	-296.7278	1.259546	-315	
366.0974	COLLISION_NONE	NOT_SWITCH	NOT_RESET	NOT_WAYPOINT	-315.0327	1.824406	-314.955	0	0	0	1	19.14816	15.30867	8.718373	-296.7278	1.259546	-315	
366.1173	COLLISION_NONE	NOT_SWITCH	NOT_RESET	NOT_WAYPOINT	-315.0327	1.824406	-314.955	0	0	0	1	19.17306	15.30408	8.745045	-296.7278	1.259546	-315	
366.1373	COLLISION_NONE	NOT_SWITCH	NOT_RESET	NOT_WAYPOINT	-315.0327	1.824406	-314.955	0	0	0	1	19.17659	15.32846	8.764001	-296.7278	1.259546	-315	
366.1573	COLLISION_NONE	NOT_SWITCH	NOT_RESET	NOT_WAYPOINT	-315.0327	1.824406	-314.955	0	0	0	1	19.16743	15.24338	8.740566	-296.7278	1.259546	-315	
366.1773	COLLISION_NONE	NOT_SWITCH	NOT_RESET	NOT_WAYPOINT	-315.0327	1.824406	-314.955	0	0	0	1	19.14162	15.15289	8.742867	-296.7278	1.259546	-315	
366.1973	COLLISION_NONE	NOT_SWITCH	NOT_RESET	NOT_WAYPOINT	-315.0327	1.824406	-314.955	0	0	0	1	19.14027	15.14854	8.71764	-296.7278	1.259546	-315	
366.2173	COLLISION_NONE	NOT_SWITCH	NOT_RESET	NOT_WAYPOINT	-315.0327	1.824406	-314.955	0	0	0	1	19.06805	15.06577	8.717455	-296.7278	1.259546	-315	
366.2373	COLLISION_NONE	NOT_SWITCH	NOT_RESET	NOT_WAYPOINT	-315.0327	1.824406	-314.955	0	0	0	1	19.06018	15.09624	8.723372	-296.7278	1.259546	-315	
366.2573	COLLISION_NONE	NOT_SWITCH	NOT_RESET	NOT_WAYPOINT	-315.0327	1.824406	-314.955	0	0	0	1	19.01891	15.04071	8.73074	-296.7278	1.259546	-315	
366.2773	COLLISION_NONE	NOT_SWITCH	NOT_RESET	NOT_WAYPOINT	-315.0327	1.824406	-314.955	0	0	0	1	19.04689	15.08321	8.747345	-296.7278	1.259546	-315	
366.2972	COLLISION_NONE	NOT_SWITCH	NOT_RESET	NOT_WAYPOINT	-315.0327	1.824406	-314.955	0	0	0	1	19.13413	15.17813	8.792482	-296.7278	1.259546	-315	
366.3172	COLLISION_NONE	NOT_SWITCH	NOT_RESET	NOT_WAYPOINT	-315.0327	1.824406	-314.955	0	0	0	1	19.15819	15.23993	8.81204	-296.7278	1.259546	-315	
366.3372	COLLISION_NONE	NOT_SWITCH	NOT_RESET	NOT_WAYPOINT	-315.0327	1.824406	-314.955	0	0	0	1	19.1986	15.29464	8.834588	-296.7278	1.259546	-315	
366.3572	COLLISION_NONE	NOT_SWITCH	NOT_RESET	NOT_WAYPOINT	-315.0327	1.824406	-314.955	0	0	0	1	19.22913	15.33927	8.83791	-296.7278	1.259546	-315	
366.3772	COLLISION_NONE	NOT_SWITCH	NOT_RESET	NOT_WAYPOINT	-315.0327	1.824406	-314.955	0	0	0	1	19.21389	15.33409	8.849167	-296.7278	1.259546	-315	
366.3972	COLLISION_NONE	NOT_SWITCH	NOT_RESET	NOT_WAYPOINT	-315.0327	1.824406	-314.955	0	0	0	1	19.23034	15.37475	8.853215	-296.7278	1.259546	-315	
366.4172	COLLISION_NONE	NOT_SWITCH	NOT_RESET	NOT_WAYPOINT	-315.0327	1.824406	-314.955	0	0	0	1	19.15991	15.29493	8.816296	-296.7278	1.259546	-315	
366.4372	COLLISION_NONE	NOT_SWITCH	NOT_RESET	NOT_WAYPOINT	-315.0327	1.824406	-314.955	0	0	0	1	19.16123	15.32684	8.803408	-296.7278	1.259546	-315	
366.4572	COLLISION_NONE	NOT_SWITCH	NOT_RESET	NOT_WAYPOINT	-315.0327	1.824406	-314.955	0	0	0	1	19.17122	15.33274	8.783031	-296.7278	1.259546	-315	
366.4771	COLLISION_NONE	NOT_SWITCH	NOT_RESET	NOT_WAYPOINT	-315.0327	1.824406	-314.955	0	0	0	1	19.20291	15.36509	8.800587	-296.7278	1.259546	-315	
366.4971	COLLISION_NONE	NOT_SWITCH	NOT_RESET	NOT_WAYPOINT	-315.0327	1.824406	-314.955	0	0	0	1	19.22128	15.41128	8.792453	-296.7278	1.259546	-315	
366.5171	COLLISION_NONE	NOT_SWITCH	NOT_RESET	NOT_WAYPOINT	-315.0327	1.824406	-314.955	0	0	0	1	19.27126	15.44152	8.78939	-296.7278	1.259546	-315	
366.5371	COLLISION_NONE	NOT_SWITCH	NOT_RESET	NOT_WAYPOINT	-315.0327	1.824406	-314.955	0	0	0	1	19.27935	15.44181	8.781165	-296.7278	1.259546	-315	
366.5571	COLLISION_NONE	NOT_SWITCH	NOT_RESET	NOT_WAYPOINT	-315.0327	1.824406	-314.955	0	0	0	1	19.3148	15.43705	8.761918	-296.7278	1.259546	-315	
366.5771	COLLISION_NONE	NOT_SWITCH	NOT_RESET	NOT_WAYPOINT	-315.0327	1.824406	-314.955	0	0	0	1	19.28177	15.38684	8.743848	-296.7278	1.259546	-315	
366.5971	COLLISION_NONE	NOT_SWITCH	NOT_RESET	NOT_WAYPOINT	-315.0327	1.824406	-314.955	0	0	0	1	19.30446	15.43622	8.738544	-296.7278	1.259546	-315	
366.6171	COLLISION_NONE	NOT_SWITCH	NOT_RESET	NOT_WAYPOINT	-315.0327	1.824406	-314.955	0	0	0	1	19.24647	15.38873	8.746488	-296.7278	1.259546	-315	
366.6371	COLLISION_NONE	NOT_SWITCH	NOT_RESET	NOT_WAYPOINT	-315.0327	1.824406	-314.955	0	0	0	1	19.2595	15.37391	8.741499	-296.7278	1.259546	-315	
366.657	COLLISION_NONE	NOT_SWITCH	NOT_RESET	NOT_WAYPOINT	-315.0327	1.824406	-314.955	0	0	0	1	19.2587	15.34135	8.769661	-296.7278	1.259546	-315	
366.677	COLLISION_NONE	NOT_SWITCH	NOT_RESET	NOT_WAYPOINT	-315.0327	1.824406	-314.955	0	0	0	1	19.27952	15.37974	8.801047	-296.7278	1.259546	-315	
366.697	COLLISION_NONE	NOT_SWITCH	NOT_RESET	NOT_WAYPOINT	-315.0327	1.824406	-314.955	0	0	0	1	19.28057	15.39789	8.793828	-296.7278	1.259546	-315	
366.717	COLLISION_NONE	NOT_SWITCH	NOT_RESET	NOT_WAYPOINT	-315.0327	1.824406	-314.955	0	0	0	1	19.27514	15.40759	8.788313	-296.7278	1.259546	-315	
366.737	COLLISION_NONE	NOT_SWITCH	NOT_RESET	NOT_WAYPOINT	-315.0327	1.824406	-314.955	0	0	0	1	19.23939	15.37912	8.785603	-296.7278	1.259546	-315	
366.757	COLLISION_NONE	NOT_SWITCH	NOT_RESET	NOT_WAYPOINT	-315.0327	1.824406	-314.955	0	0	0	1	19.18466	15.31467	8.769061	-296.7278	1.259546	-315	
366.777	COLLISION_NONE	NOT_SWITCH	NOT_RESET	NOT_WAYPOINT	-315.0327	1.824406	-314.955	0	0	0	1	19.18306	15.33689	8.762278	-296.7278	1.259546	-315	
366.797	COLLISION_NONE	CORRECT_SWITCH	NOT_RESET	NOT_WAYPOINT	-315.0327	1.824406	-314.955	0	0.0008614321	0	0.9999996	19.10284	15.27526	8.745043	-296.7278	1.259546	-315	
366.817	COLLISION_NONE	NOT_SWITCH	NOT_RESET	NOT_WAYPOINT	-315.0246	1.820406	-314.9978	0	0.002153578	0	0.9999977	19.10571	15.31728	8.751981	-296.7278	1.259546	-315	
366.8369	COLLISION_NONE	NOT_SWITCH	NOT_RESET	NOT_WAYPOINT	-315.0166	1.812406	-315.0406	0	0.003658446	0	0.9999933	19.04864	15.24454	8.704348	-296.7278	1.259546	-315	
366.8569	COLLISION_NONE	NOT_SWITCH	NOT_RESET	NOT_WAYPOINT	-315.0088	1.802481	-315.0822	0	0.006937346	0	0.999976	19.10498	15.40556	8.731215	-296.7278	1.259546	-315	
366.8769	COLLISION_NONE	NOT_SWITCH	NOT_RESET	NOT_WAYPOINT	-315.0027	1.800496	-315.1145	0	0.008631922	0	0.9999628	19.12935	15.45535	8.730543	-296.7278	1.259546	-315	
366.8969	COLLISION_NONE	NOT_SWITCH	NOT_RESET	NOT_WAYPOINT	-314.9963	1.800099	-315.1543	0	0.01034092	0	0.9999465	19.13998	15.50946	8.749483	-296.7278	1.259546	-315	
366.9169	COLLISION_NONE	NOT_SWITCH	NOT_RESET	NOT_WAYPOINT	-314.9899	1.80002	-315.1951	0	0.01205727	0	0.9999273	19.14776	15.57592	8.760939	-296.7278	1.259546	-315	
366.9369	COLLISION_NONE	NOT_SWITCH	NOT_RESET	NOT_WAYPOINT	-314.984	1.800004	-315.236	0	0.01377646	0	0.9999051	19.1303	15.53065	8.739356	-296.7278	1.259546	-315	
366.9569	COLLISION_NONE	NOT_SWITCH	NOT_RESET	NOT_WAYPOINT	-314.9783	1.800001	-315.2771	0	0.01721551	0	0.9998518	19.07802	15.45176	8.698418	-296.7278	1.259546	-315	
366.9769	COLLISION_NONE	NOT_SWITCH	NOT_RESET	NOT_WAYPOINT	-314.9729	1.8	-315.3186	0	0.01893321	0	0.9998208	19.07803	15.4255	8.672344	-296.7278	1.259546	-315	
366.9969	COLLISION_NONE	NOT_SWITCH	NOT_RESET	NOT_WAYPOINT	-314.9676	1.8	-315.3602	0	0.02064771	0	0.9997868	19.00769	15.32299	8.64538	-296.7278	1.259546	-315	
367.0168	COLLISION_NONE	NOT_SWITCH	NOT_RESET	NOT_WAYPOINT	-314.9628	1.8	-315.4012	0	0.0223614	0	0.99975	19.03396	15.33935	8.642769	-296.7278	1.259546	-315	
367.0368	COLLISION_NONE	NOT_SWITCH	NOT_RESET	NOT_WAYPOINT	-314.9582	1.8	-315.4428	0	0.02407365	0	0.9997102	19.03396	15.33935	8.642769	-296.7278	1.259546	-315	
367.0568	COLLISION_NONE	NOT_SWITCH	NOT_RESET	NOT_WAYPOINT	-314.9541	1.8	-315.4838	0	0.02749748	0	0.9996219	19.00659	15.1428	8.619769	-296.7278	1.259546	-315	
367.0768	COLLISION_NONE	NOT_SWITCH	NOT_RESET	NOT_WAYPOINT	-314.9489	1.8	-315.5246	0	0.02920984	0	0.9995733	19.01081	15.14949	8.650654	-296.7278	1.259546	-315	
367.0968	COLLISION_NONE	NOT_SWITCH	NOT_RESET	NOT_WAYPOINT	-314.9436	1.8	-315.5654	0	0.0309234	0	0.9995218	19.02183	15.13188	8.67443	-296.7278	1.259546	-315	
367.1168	COLLISION_NONE	NOT_SWITCH	NOT_RESET	NOT_WAYPOINT	-314.9376	1.8	-315.6062	0	0.03263785	0	0.9994673	19.02872	15.16333	8.689763	-296.7278	1.259546	-315	
367.1368	COLLISION_NONE	NOT_SWITCH	NOT_RESET	NOT_WAYPOINT	-314.9322	1.8	-315.6475	0	0.03607037	0	0.9993493	19.061	15.05806	8.703913	-296.7278	1.259546	-315	
367.1568	COLLISION_NONE	NOT_SWITCH	NOT_RESET	NOT_WAYPOINT	-314.9279	1.8	-315.6891	0	0.03778812	0	0.9992858	19.04193	14.97499	8.700745	-296.7278	1.259546	-315	
367.1768	COLLISION_NONE	NOT_SWITCH	NOT_RESET	NOT_WAYPOINT	-314.9234	1.8	-315.7309	0	0.03950673	0	0.9992194	19.05719	15.00639	8.715462	-296.7278	1.259546	-315	
367.1967	COLLISION_NONE	NOT_SWITCH	NOT_RESET	NOT_WAYPOINT	-314.919	1.8	-315.7727	0	0.04122343	0	0.99915	18.99576	14.91702	8.690135	-296.7278	1.259546	-315	
367.2167	COLLISION_NONE	NOT_SWITCH	NOT_RESET	NOT_WAYPOINT	-314.9151	1.8	-315.8144	0	0.04293877	0	0.9990777	18.99575	14.93119	8.67684	-296.7278	1.259546	-315	
367.2367	COLLISION_NONE	NOT_SWITCH	NOT_RESET	NOT_WAYPOINT	-314.9114	1.8	-315.8562	0	0.04636719	0	0.9989245	18.98995	14.86177	8.661251	-296.7278	1.259546	-315	
367.2567	COLLISION_NONE	NOT_SWITCH	NOT_RESET	NOT_WAYPOINT	-314.9077	1.8	-315.8981	0	0.04808287	0	0.9988434	19.0338	14.90927	8.693213	-296.7278	1.259546	-315	
367.2767	COLLISION_NONE	NOT_SWITCH	NOT_RESET	NOT_WAYPOINT	-314.9044	1.8	-315.9403	0	0.04979971	0	0.9987592	19.05337	14.9256	8.684347	-296.7278	1.259546	-315	
367.2967	COLLISION_NONE	NOT_SWITCH	NOT_RESET	NOT_WAYPOINT	-314.9013	1.8	-315.9821	0	0.05151773	0	0.9986721	19.06974	14.94345	8.690287	-296.7278	1.259546	-315	
367.3167	COLLISION_NONE	NOT_SWITCH	NOT_RESET	NOT_WAYPOINT	-314.8987	1.8	-316.0239	0	0.05323692	0	0.9985819	19.0972	14.96908	8.676763	-296.7278	1.259546	-315	
367.3367	COLLISION_NONE	NOT_SWITCH	NOT_RESET	NOT_WAYPOINT	-314.8841	1.8	-315.9486	0	0.05667694	0	0.9983926	19.11426	14.8833	8.647395	-296.7278	1.259546	-315	
367.3567	COLLISION_NONE	NOT_SWITCH	NOT_RESET	NOT_WAYPOINT	-314.8425	1.8	-315.6397	0	0.05839604	0	0.9982935	19.0721	14.79701	8.630334	-296.7278	1.259546	-315	
367.3766	COLLISION_NONE	NOT_SWITCH	NOT_RESET	NOT_WAYPOINT	-314.7953	1.8	-315.3002	0	0.06011493	0	0.9981915	19.08217	14.7974	8.634418	-296.7278	1.259546	-315	
367.3966	COLLISION_NONE	NOT_SWITCH	NOT_RESET	NOT_WAYPOINT	-314.7472	1.8	-314.9611	0	0.06183116	0	0.9980866	19.01214	14.7347	8.628249	-296.7278	1.259546	-315	
367.4166	COLLISION_NONE	NOT_SWITCH	NOT_RESET	NOT_WAYPOINT	-314.6974	1.8	-314.6225	0	0.06354613	0	0.9979789	19.02062	14.75745	8.625549	-296.7278	1.259546	-315	
367.4366	COLLISION_NONE	NOT_SWITCH	NOT_RESET	NOT_WAYPOINT	-314.646	1.8	-314.2841	0	0.06697325	0	0.9977548	19.01024	14.72844	8.62891	-296.7278	1.259546	-315	
367.4566	COLLISION_NONE	NOT_SWITCH	NOT_RESET	NOT_WAYPOINT	-314.5914	1.8	-313.9461	0	0.06868716	0	0.9976382	19.02257	14.73189	8.623359	-296.7278	1.259546	-315	
367.4766	COLLISION_NONE	NOT_SWITCH	NOT_RESET	NOT_WAYPOINT	-314.5364	1.8	-313.6078	0	0.07040155	0	0.9975188	19.0417	14.74681	8.651785	-296.7278	1.259546	-315	
367.4966	COLLISION_NONE	NOT_SWITCH	NOT_RESET	NOT_WAYPOINT	-314.494	1.8	-313.2697	0	0.07211526	0	0.9973963	19.01796	14.68985	8.623225	-296.7278	1.259546	-315	
367.5166	COLLISION_NONE	NOT_SWITCH	NOT_RESET	NOT_WAYPOINT	-314.4661	1.8	-312.9312	0	0.0738295	0	0.9972709	19.04347	14.74447	8.63991	-296.7278	1.259546	-315	
367.5366	COLLISION_NONE	NOT_SWITCH	NOT_RESET	NOT_WAYPOINT	-314.4608	1.8	-312.59	0	0.07725777	0	0.9970112	19.06505	14.70062	8.610671	-296.7278	1.259546	-315	
367.5565	COLLISION_NONE	NOT_SWITCH	NOT_RESET	NOT_WAYPOINT	-314.53	1.8	-312.237	0	0.0789706	0	0.996877	19.00525	14.6293	8.605052	-296.7278	1.259546	-315	
367.5765	COLLISION_NONE	NOT_SWITCH	NOT_RESET	NOT_WAYPOINT	-314.6218	1.8	-311.8786	0	0.08068394	0	0.9967397	19.03874	14.66196	8.626981	-296.7278	1.259546	-315	
367.5965	COLLISION_NONE	NOT_SWITCH	NOT_RESET	NOT_WAYPOINT	-314.7292	1.8	-311.516	0	0.0823961	0	0.9965997	19.00681	14.56422	8.593967	-296.7278	1.259546	-315	
367.6165	COLLISION_NONE	NOT_SWITCH	NOT_RESET	NOT_WAYPOINT	-314.8506	1.8	-311.15	0	0.08410887	0	0.9964566	19.03097	14.60374	8.626802	-296.7278	1.259546	-315	
367.6365	COLLISION_NONE	NOT_SWITCH	NOT_RESET	NOT_WAYPOINT	-315.0006	1.8	-310.7784	0	0.08753912	0	0.9961611	19.07303	14.62788	8.655963	-296.7278	1.259546	-315	
367.6565	COLLISION_NONE	NOT_SWITCH	NOT_RESET	NOT_WAYPOINT	-315.2445	1.8	-310.3875	0	0.08925669	0	0.9960087	19.0827	14.63823	8.667485	-296.7278	1.259546	-315	
367.6765	COLLISION_NONE	NOT_SWITCH	NOT_RESET	NOT_WAYPOINT	-315.4858	1.8	-309.998	0	0.09097507	0	0.9958532	19.09852	14.62836	8.68461	-296.7278	1.259546	-315	
367.6965	COLLISION_NONE	NOT_SWITCH	NOT_RESET	NOT_WAYPOINT	-315.7249	1.8	-309.6098	0	0.09269518	0	0.9956946	19.13773	14.64749	8.691575	-296.7278	1.259546	-315	
367.7165	COLLISION_NONE	NOT_SWITCH	NOT_RESET	NOT_WAYPOINT	-315.9608	1.8	-309.2208	0	0.09441472	0	0.995533	19.10098	14.60817	8.684659	-296.7278	1.259546	-315	
367.7365	COLLISION_NONE	NOT_SWITCH	NOT_RESET	NOT_WAYPOINT	-316.1937	1.8	-308.8297	0	0.09785043	0	0.9952012	19.09475	14.57362	8.679483	-296.7278	1.259546	-315	
367.7564	COLLISION_NONE	NOT_SWITCH	NOT_RESET	NOT_WAYPOINT	-316.4216	1.8	-308.4348	0	0.09956647	0	0.9950309	19.04808	14.52494	8.664978	-296.7278	1.259546	-315	
367.7764	COLLISION_NONE	NOT_SWITCH	NOT_RESET	NOT_WAYPOINT	-316.6492	1.8	-308.0386	0	0.1012819	0	0.9948578	19.05977	14.57475	8.678638	-296.7278	1.259546	-315	
367.7964	COLLISION_NONE	NOT_SWITCH	NOT_RESET	NOT_WAYPOINT	-316.8755	1.8	-307.6421	0	0.1029959	0	0.9946818	19.02819	14.4941	8.66804	-296.7278	1.259546	-315	
367.8164	COLLISION_NONE	NOT_SWITCH	NOT_RESET	NOT_WAYPOINT	-317.1005	1.8	-307.2448	0	0.1064246	0	0.9943208	19.07884	14.6243	8.72517	-296.7278	1.259546	-315	
367.8364	COLLISION_NONE	NOT_SWITCH	NOT_RESET	NOT_WAYPOINT	-317.3218	1.8	-306.8462	0	0.1081424	0	0.9941354	19.13892	14.69541	8.738539	-296.7278	1.259546	-315	
367.8564	COLLISION_NONE	NOT_SWITCH	NOT_RESET	NOT_WAYPOINT	-317.5426	1.8	-306.4463	0	0.1098628	0	0.9939468	19.17246	14.73621	8.760299	-296.7278	1.259546	-315	
367.8764	COLLISION_NONE	NOT_SWITCH	NOT_RESET	NOT_WAYPOINT	-317.762	1.8	-306.0459	0	0.1115848	0	0.9937549	19.18803	14.78156	8.76945	-296.7278	1.259546	-315	
367.8964	COLLISION_NONE	NOT_SWITCH	NOT_RESET	NOT_WAYPOINT	-317.98	1.8	-305.6448	0	0.1133093	0	0.9935598	19.2401	14.77721	8.760175	-296.7278	1.259546	-315	
367.9164	COLLISION_NONE	NOT_SWITCH	NOT_RESET	NOT_WAYPOINT	-318.1967	1.8	-305.2429	0	0.1167584	0	0.9931604	19.20132	14.66253	8.709705	-296.7278	1.259546	-315	
367.9363	COLLISION_NONE	NOT_SWITCH	NOT_RESET	NOT_WAYPOINT	-318.4097	1.8	-304.8398	0	0.118483	0	0.9929562	19.23179	14.74199	8.731081	-296.7278	1.259546	-315	
367.9563	COLLISION_NONE	NOT_SWITCH	NOT_RESET	NOT_WAYPOINT	-318.6221	1.8	-304.4354	0	0.1202057	0	0.9927491	19.18471	14.67072	8.710748	-296.7278	1.259546	-315	
367.9763	COLLISION_NONE	NOT_SWITCH	NOT_RESET	NOT_WAYPOINT	-318.8331	1.8	-304.0305	0	0.1219273	0	0.9925391	19.19093	14.70528	8.715963	-296.7278	1.259546	-315	
367.9963	COLLISION_NONE	NOT_SWITCH	NOT_RESET	NOT_WAYPOINT	-319.0428	1.8	-303.625	0	0.1236477	0	0.9923263	19.15773	14.65313	8.743139	-296.7278	1.259546	-315	
368.0163	COLLISION_NONE	NOT_SWITCH	NOT_RESET	NOT_WAYPOINT	-319.251	1.8	-303.2187	0	0.1270881	0	0.9918914	19.19308	14.73495	8.782478	-296.7278	1.259546	-315	
368.0363	COLLISION_NONE	NOT_SWITCH	NOT_RESET	NOT_WAYPOINT	-319.4557	1.8	-302.8112	0	0.1288103	0	0.9916693	19.22027	14.79021	8.804065	-296.7278	1.259546	-315	
368.0563	COLLISION_NONE	NOT_SWITCH	NOT_RESET	NOT_WAYPOINT	-319.6596	1.8	-302.4025	0	0.1305339	0	0.9914439	19.23805	14.80899	8.807113	-296.7278	1.259546	-315	
368.0763	COLLISION_NONE	NOT_SWITCH	NOT_RESET	NOT_WAYPOINT	-319.8622	1.8	-301.9933	0	0.1322577	0	0.9912154	19.23607	14.83461	8.809373	-296.7278	1.259546	-315	
368.0963	COLLISION_NONE	NOT_SWITCH	NOT_RESET	NOT_WAYPOINT	-320.0619	1.8	-301.5859	0	0.1339815	0	0.9909839	19.23963	14.83333	8.813728	-296.7278	1.259546	-315	
368.1162	COLLISION_NONE	NOT_SWITCH	NOT_RESET	NOT_WAYPOINT	-320.241	1.8	-301.1846	0	0.1374217	0	0.9905127	19.17413	14.76858	8.766629	-296.7278	1.259546	-315	
368.1362	COLLISION_NONE	NOT_SWITCH	NOT_RESET	NOT_WAYPOINT	-320.3793	1.8	-300.7957	0	0.1391384	0	0.990273	19.13529	14.69201	8.762531	-296.7278	1.259546	-315	
368.1562	COLLISION_NONE	NOT_SWITCH	NOT_RESET	NOT_WAYPOINT	-320.4971	1.8	-300.4114	0	0.1408534	0	0.9900305	19.07002	14.62229	8.751628	-296.7278	1.259546	-315	
368.1762	COLLISION_NONE	NOT_SWITCH	NOT_RESET	NOT_WAYPOINT	-320.5997	1.8	-300.0306	0	0.142566	0	0.9897853	19.09686	14.63458	8.736046	-296.7278	1.259546	-315	
368.1962	COLLISION_NONE	NOT_SWITCH	NOT_RESET	NOT_WAYPOINT	-320.6917	1.8	-299.6527	0	0.1442769	0	0.9895374	19.09188	14.65265	8.749457	-296.7278	1.259546	-315	
368.2162	COLLISION_NONE	NOT_SWITCH	NOT_RESET	TRIGGER_WAYPOINT	-320.7784	1.8	-299.277	0	0.1476968	0	0.9890327	19.08785	14.58398	8.749928	-315	1.8	-285	
368.2362	COLLISION_NONE	NOT_SWITCH	NOT_RESET	NOT_WAYPOINT	-320.8615	1.8	-298.9055	0	0.1494059	0	0.988776	19.08911	14.57624	8.735793	-315	1.8	-285	
368.2562	COLLISION_NONE	NOT_SWITCH	NOT_RESET	NOT_WAYPOINT	-320.9388	1.8	-298.5362	0	0.1511148	0	0.9885163	19.09274	14.60061	8.754686	-315	1.8	-285	
368.2762	COLLISION_NONE	NOT_SWITCH	NOT_RESET	NOT_WAYPOINT	-321.0014	1.8	-298.1705	0	0.152823	0	0.9882536	19.09168	14.57894	8.73382	-315	1.8	-285	
368.2961	COLLISION_NONE	NOT_SWITCH	NOT_RESET	NOT_WAYPOINT	-321.048	1.8	-297.8093	0	0.1562428	0	0.9877187	19.13909	14.57174	8.714039	-315	1.8	-285	
368.3161	COLLISION_NONE	NOT_SWITCH	NOT_RESET	NOT_WAYPOINT	-321.0573	1.8	-297.461	0	0.1579534	0	0.9874466	19.15821	14.58332	8.714373	-315	1.8	-285	
368.3361	COLLISION_NONE	NOT_SWITCH	NOT_RESET	NOT_WAYPOINT	-321.0157	1.8	-297.1289	0	0.1596628	0	0.9871716	19.13671	14.57489	8.710664	-315	1.8	-285	
368.3561	COLLISION_NONE	NOT_SWITCH	NOT_RESET	NOT_WAYPOINT	-320.8597	1.8	-296.8315	0	0.1613721	0	0.9868937	19.15037	14.63158	8.735246	-315	1.8	-285	
368.3761	COLLISION_NONE	NOT_SWITCH	NOT_RESET	NOT_WAYPOINT	-320.5904	1.8	-296.5674	0	0.16308	0	0.9866129	19.11276	14.56486	8.731902	-315	1.8	-285	
368.3961	COLLISION_NONE	NOT_SWITCH	NOT_RESET	NOT_WAYPOINT	-320.2477	1.8	-296.3249	0	0.1664929	0	0.9860427	19.13546	14.565	8.709974	-315	1.8	-285	
368.4161	COLLISION_NONE	NOT_SWITCH	NOT_RESET	NOT_WAYPOINT	-319.8409	1.8	-296.1027	0	0.1681996	0	0.9857531	19.14446	14.57895	8.722819	-315	1.8	-285	
368.4361	COLLISION_NONE	NOT_SWITCH	NOT_RESET	NOT_WAYPOINT	-319.444	1.8	-295.8785	0	0.1699068	0	0.9854601	19.18371	14.56005	8.683507	-315	1.8	-285	
368.4561	COLLISION_NONE	NOT_SWITCH	NOT_RESET	NOT_WAYPOINT	-319.0497	1.8	-295.6551	0	0.1716155	0	0.985164	19.22499	14.55885	8.671363	-315	1.8	-285	
368.476	COLLISION_NONE	NOT_SWITCH	NOT_RESET	NOT_WAYPOINT	-318.6558	1.8	-295.4318	0	0.1733236	0	0.984865	19.20434	14.50307	8.644491	-315	1.8	-285	
368.496	COLLISION_NONE	NOT_SWITCH	NOT_RESET	NOT_WAYPOINT	-318.2616	1.8	-295.2099	0	0.176738	0	0.9842579	19.19584	14.37276	8.564433	-315	1.8	-285	
368.516	COLLISION_NONE	NOT_SWITCH	NOT_RESET	NOT_WAYPOINT	-317.8662	1.8	-294.9915	0	0.1784431	0	0.9839503	19.20292	14.39475	8.564703	-315	1.8	-285	
368.536	COLLISION_NONE	NOT_SWITCH	NOT_RESET	NOT_WAYPOINT	-317.4695	1.8	-294.7738	0	0.1801466	0	0.9836398	19.16556	14.29562	8.567411	-315	1.8	-285	
368.556	COLLISION_NONE	NOT_SWITCH	NOT_RESET	NOT_WAYPOINT	-317.0722	1.8	-294.5574	0	0.181849	0	0.9833266	19.15976	14.31825	8.586058	-315	1.8	-285	
368.576	COLLISION_NONE	NOT_SWITCH	NOT_RESET	NOT_WAYPOINT	-316.6743	1.8	-294.3424	0	0.1835496	0	0.9830105	19.10892	14.23544	8.590248	-315	1.8	-285	
368.596	COLLISION_NONE	NOT_SWITCH	NOT_RESET	NOT_WAYPOINT	-316.2757	1.8	-294.1287	0	0.1869501	0	0.9823695	19.14275	14.48615	8.683714	-315	1.8	-285	
368.616	COLLISION_NONE	NOT_SWITCH	NOT_RESET	NOT_WAYPOINT	-315.8758	1.8	-293.9186	0	0.1886502	0	0.9820444	19.15453	14.57323	8.68222	-315	1.8	-285	
368.636	COLLISION_NONE	NOT_SWITCH	NOT_RESET	NOT_WAYPOINT	-315.4746	1.8	-293.7091	0	0.1903486	0	0.9817166	19.13124	14.57864	8.660571	-315	1.8	-285	
368.6559	COLLISION_NONE	NOT_SWITCH	NOT_RESET	NOT_WAYPOINT	-315.073	1.8	-293.501	0	0.192046	0	0.9813859	19.15732	14.55122	8.616895	-315	1.8	-285	
368.6759	COLLISION_NONE	NOT_SWITCH	NOT_RESET	NOT_WAYPOINT	-314.6707	1.8	-293.2943	0	0.1937415	0	0.9810526	19.12236	14.46062	8.593201	-315	1.8	-285	
368.6959	COLLISION_NONE	NOT_SWITCH	NOT_RESET	NOT_WAYPOINT	-314.2677	1.8	-293.0889	0	0.1971269	0	0.980378	19.06874	14.34629	8.556759	-315	1.8	-285	
368.7159	COLLISION_NONE	NOT_SWITCH	NOT_RESET	NOT_WAYPOINT	-313.8635	1.8	-292.8871	0	0.1988164	0	0.9800368	19.06934	14.36253	8.575335	-315	1.8	-285	
368.7359	COLLISION_NONE	NOT_SWITCH	NOT_RESET	NOT_WAYPOINT	-313.4581	1.8	-292.6861	0	0.2005022	0	0.9796933	18.98292	14.2847	8.580256	-315	1.8	-285	
368.7559	COLLISION_NONE	NOT_SWITCH	NOT_RESET	NOT_WAYPOINT	-313.0522	1.8	-292.4863	0	0.2021864	0	0.9793471	18.99336	14.29948	8.59012	-315	1.8	-285	
368.7759	COLLISION_NONE	NOT_SWITCH	NOT_RESET	NOT_WAYPOINT	-312.6458	1.8	-292.2879	0	0.2038684	0	0.9789983	18.95471	14.21444	8.594272	-315	1.8	-285	
368.7959	COLLISION_NONE	NOT_SWITCH	NOT_RESET	NOT_WAYPOINT	-312.2386	1.8	-292.0909	0	0.2072338	0	0.9782915	19.00765	14.32751	8.660116	-315	1.8	-285	
368.8159	COLLISION_NONE	NOT_SWITCH	NOT_RESET	NOT_WAYPOINT	-311.8303	1.8	-291.8976	0	0.2089178	0	0.9779332	19.03938	14.38159	8.652246	-315	1.8	-285	
368.8358	COLLISION_NONE	NOT_SWITCH	NOT_RESET	NOT_WAYPOINT	-311.4208	1.8	-291.7049	0	0.2106012	0	0.9775721	19.02358	14.37723	8.648417	-315	1.8	-285	
368.8558	COLLISION_NONE	NOT_SWITCH	NOT_RESET	NOT_WAYPOINT	-311.0109	1.8	-291.5135	0	0.2122857	0	0.9772077	19.07814	14.43248	8.641566	-315	1.8	-285	
368.8758	COLLISION_NONE	NOT_SWITCH	NOT_RESET	NOT_WAYPOINT	-310.6004	1.8	-291.3236	0	0.2139685	0	0.9768406	19.02137	14.33667	8.623308	-315	1.8	-285	
368.8958	COLLISION_NONE	NOT_SWITCH	NOT_RESET	NOT_WAYPOINT	-310.1893	1.8	-291.135	0	0.2173314	0	0.9760979	19.00266	14.27292	8.609209	-315	1.8	-285	
368.9158	COLLISION_NONE	NOT_SWITCH	NOT_RESET	NOT_WAYPOINT	-309.7771	1.8	-290.9501	0	0.2190111	0	0.9757224	19.01622	14.32098	8.62244	-315	1.8	-285	
368.9358	COLLISION_NONE	NOT_SWITCH	NOT_RESET	NOT_WAYPOINT	-309.3637	1.8	-290.766	0	0.2206888	0	0.9753443	18.96953	14.21796	8.620066	-315	1.8	-285	
368.9558	COLLISION_NONE	NOT_SWITCH	NOT_RESET	NOT_WAYPOINT	-308.95	1.8	-290.5831	0	0.2223657	0	0.9749634	18.98426	14.27815	8.639022	-315	1.8	-285	
368.9758	COLLISION_NONE	NOT_SWITCH	NOT_RESET	NOT_WAYPOINT	-308.5356	1.8	-290.4017	0	0.2240432	0	0.9745792	19.00126	14.24748	8.670481	-315	1.8	-285	
368.9958	COLLISION_NONE	NOT_SWITCH	NOT_RESET	NOT_WAYPOINT	-308.1207	1.8	-290.2217	0	0.227404	0	0.9738005	19.06492	14.34303	8.752337	-315	1.8	-285	
369.0157	COLLISION_NONE	NOT_SWITCH	NOT_RESET	NOT_WAYPOINT	-307.7048	1.8	-290.0453	0	0.2290878	0	0.9734058	19.10635	14.36798	8.76614	-315	1.8	-285	
369.0357	COLLISION_NONE	NOT_SWITCH	NOT_RESET	NOT_WAYPOINT	-307.2877	1.8	-289.8698	0	0.2307727	0	0.9730077	19.11311	14.33595	8.770619	-315	1.8	-285	
369.0557	COLLISION_NONE	NOT_SWITCH	NOT_RESET	NOT_WAYPOINT	-306.8703	1.8	-289.6955	0	0.2324588	0	0.9726063	19.13296	14.36963	8.784143	-315	1.8	-285	
369.0757	COLLISION_NONE	NOT_SWITCH	NOT_RESET	NOT_WAYPOINT	-306.4523	1.8	-289.5227	0	0.23583	0	0.9717944	19.12309	14.30785	8.743481	-315	1.8	-285	
369.0957	COLLISION_NONE	NOT_SWITCH	NOT_RESET	NOT_WAYPOINT	-306.0334	1.8	-289.3536	0	0.2375122	0	0.9713846	19.05976	14.21234	8.730571	-315	1.8	-285	
369.1157	COLLISION_NONE	NOT_SWITCH	NOT_RESET	NOT_WAYPOINT	-305.6133	1.8	-289.1853	0	0.2391926	0	0.9709722	19.06219	14.2493	8.735291	-315	1.8	-285	
369.1357	COLLISION_NONE	NOT_SWITCH	NOT_RESET	NOT_WAYPOINT	-305.1929	1.8	-289.0183	0	0.24087	0	0.9705575	19.00648	14.14925	8.723389	-315	1.8	-285	
369.1557	COLLISION_NONE	NOT_SWITCH	NOT_RESET	NOT_WAYPOINT	-304.772	1.8	-288.8528	0	0.2425466	0	0.9701398	19.00997	14.16502	8.731032	-315	1.8	-285	
369.1757	COLLISION_NONE	NOT_SWITCH	NOT_RESET	NOT_WAYPOINT	-304.3505	1.8	-288.6887	0	0.2459015	0	0.9692948	19.09663	14.22015	8.747167	-315	1.8	-285	
369.1956	COLLISION_NONE	NOT_SWITCH	NOT_RESET	NOT_WAYPOINT	-303.9282	1.8	-288.5283	0	0.2475807	0	0.9688673	19.1192	14.21004	8.770245	-315	1.8	-285	
369.2156	COLLISION_NONE	NOT_SWITCH	NOT_RESET	NOT_WAYPOINT	-303.5047	1.8	-288.3687	0	0.2492614	0	0.9684363	19.14858	14.24548	8.784011	-315	1.8	-285	
369.2356	COLLISION_NONE	NOT_SWITCH	NOT_RESET	NOT_WAYPOINT	-303.0809	1.8	-288.2105	0	0.2509421	0	0.9680021	19.13773	14.15074	8.763676	-315	1.8	-285	
369.2556	COLLISION_NONE	NOT_SWITCH	NOT_RESET	NOT_WAYPOINT	-302.6567	1.8	-288.0538	0	0.2526231	0	0.9675648	19.1477	14.17776	8.786122	-315	1.8	-285	
369.2756	COLLISION_NONE	NOT_SWITCH	NOT_RESET	NOT_WAYPOINT	-302.2319	1.8	-287.8985	0	0.2559816	0	0.9666817	19.1537	14.08869	8.75906	-315	1.8	-285	
369.2956	COLLISION_NONE	NOT_SWITCH	NOT_RESET	NOT_WAYPOINT	-301.8063	1.8	-287.7469	0	0.2576579	0	0.9662362	19.06718	14.00184	8.752802	-315	1.8	-285	
369.3156	COLLISION_NONE	NOT_SWITCH	NOT_RESET	NOT_WAYPOINT	-301.3796	1.8	-287.5962	0	0.2593347	0	0.9657875	19.11641	14.09082	8.79986	-315	1.8	-285	
369.3356	COLLISION_NONE	NOT_SWITCH	NOT_RESET	NOT_WAYPOINT	-300.9526	1.8	-287.4469	0	0.2610102	0	0.9653361	19.07574	14.04012	8.809731	-315	1.8	-285	
369.3556	COLLISION_NONE	NOT_SWITCH	NOT_RESET	NOT_WAYPOINT	-300.5252	1.8	-287.299	0	0.2626849	0	0.9648817	19.08666	14.06803	8.810168	-315	1.8	-285	
369.3755	COLLISION_NONE	NOT_SWITCH	NOT_RESET	NOT_WAYPOINT	-300.0973	1.8	-287.1526	0	0.2660331	0	0.9639639	19.08826	14.05488	8.831881	-315	1.8	-285	
369.3955	COLLISION_NONE	NOT_SWITCH	NOT_RESET	NOT_WAYPOINT	-299.6687	1.8	-287.0099	0	0.2677063	0	0.9635006	19.08243	14.07753	8.850526	-315	1.8	-285	
369.4155	COLLISION_NONE	NOT_SWITCH	NOT_RESET	NOT_WAYPOINT	-299.2389	1.8	-286.8681	0	0.2693799	0	0.963034	19.10785	14.16727	8.885383	-315	1.8	-285	
369.4355	COLLISION_NONE	NOT_SWITCH	NOT_RESET	NOT_WAYPOINT	-298.8089	1.8	-286.7277	0	0.2710531	0	0.9625645	19.13272	14.19369	8.901727	-315	1.8	-285	
369.4555	COLLISION_NONE	NOT_SWITCH	NOT_RESET	TRIGGER_WAYPOINT	-298.3785	1.8	-286.5887	0	0.2727255	0	0.9620919	19.10025	14.13161	8.88308	-286.4683	1.8	-275.7295	
369.4755	COLLISION_NONE	NOT_SWITCH	NOT_RESET	NOT_WAYPOINT	-297.9476	1.8	-286.4513	0	0.2760641	0	0.9611392	19.05279	14.07782	8.858869	-286.4683	1.8	-275.7295	
369.4955	COLLISION_NONE	NOT_SWITCH	NOT_RESET	NOT_WAYPOINT	-297.5161	1.8	-286.3176	0	0.2777289	0	0.9606596	18.98997	14.02742	8.838335	-286.4683	1.8	-275.7295	
369.5155	COLLISION_NONE	NOT_SWITCH	NOT_RESET	NOT_WAYPOINT	-297.0835	1.8	-286.1848	0	0.2793919	0	0.9601772	19.00207	14.05981	8.856222	-286.4683	1.8	-275.7295	
369.5355	COLLISION_NONE	NOT_SWITCH	NOT_RESET	NOT_WAYPOINT	-296.6507	1.8	-286.0533	0	0.2810532	0	0.9596922	18.97773	14.01889	8.872196	-286.4683	1.8	-275.7295	
369.5555	COLLISION_NONE	NOT_SWITCH	NOT_RESET	NOT_WAYPOINT	-296.2174	1.8	-285.9234	0	0.2827137	0	0.9592043	18.98863	14.04681	8.872591	-286.4683	1.8	-275.7295	
369.5754	COLLISION_NONE	NOT_SWITCH	NOT_RESET	NOT_WAYPOINT	-295.7838	1.8	-285.795	0	0.2860364	0	0.9582188	19.05514	14.15237	8.898355	-286.4683	1.8	-275.7295	
369.5954	COLLISION_NONE	NOT_SWITCH	NOT_RESET	NOT_WAYPOINT	-295.3496	1.8	-285.6703	0	0.2876985	0	0.9577211	19.08365	14.18285	8.9022	-286.4683	1.8	-275.7295	
369.6154	COLLISION_NONE	NOT_SWITCH	NOT_RESET	NOT_WAYPOINT	-294.9143	1.8	-285.5464	0	0.2893607	0	0.9572201	19.08718	14.14621	8.876828	-286.4683	1.8	-275.7295	
369.6354	COLLISION_NONE	NOT_SWITCH	NOT_RESET	NOT_WAYPOINT	-294.4789	1.8	-285.424	0	0.2910217	0	0.9567165	19.06986	14.05731	8.845151	-286.4683	1.8	-275.7295	
369.6554	COLLISION_NONE	NOT_SWITCH	NOT_RESET	NOT_WAYPOINT	-294.043	1.8	-285.3031	0	0.2943401	0	0.9557008	19.03891	14.01242	8.823187	-286.4683	1.8	-275.7295	
369.6754	COLLISION_NONE	NOT_SWITCH	NOT_RESET	NOT_WAYPOINT	-293.6068	1.8	-285.186	0	0.2959961	0	0.9551892	19.0422	14.04228	8.806204	-286.4683	1.8	-275.7295	
369.6954	COLLISION_NONE	NOT_SWITCH	NOT_RESET	NOT_WAYPOINT	-293.1694	1.8	-285.0697	0	0.2976488	0	0.9546754	18.98222	13.98867	8.808116	-286.4683	1.8	-275.7295	
369.7154	COLLISION_NONE	NOT_SWITCH	NOT_RESET	NOT_WAYPOINT	-292.7318	1.8	-284.9549	0	0.2992997	0	0.9541592	18.9974	14.00208	8.796412	-286.4683	1.8	-275.7295	
369.7354	COLLISION_NONE	NOT_SWITCH	NOT_RESET	NOT_WAYPOINT	-292.294	1.8	-284.8416	0	0.3009489	0	0.9536403	18.98128	13.96063	8.800226	-286.4683	1.8	-275.7295	
369.7553	COLLISION_NONE	NOT_SWITCH	NOT_RESET	NOT_WAYPOINT	-291.8557	1.8	-284.7297	0	0.3042444	0	0.952594	19.00226	14.03091	8.832719	-286.4683	1.8	-275.7295	
369.7753	COLLISION_NONE	NOT_SWITCH	NOT_RESET	NOT_WAYPOINT	-291.4171	1.8	-284.6216	0	0.3058925	0	0.9520661	19.02347	14.10029	8.861406	-286.4683	1.8	-275.7295	
369.7953	COLLISION_NONE	NOT_SWITCH	NOT_RESET	NOT_WAYPOINT	-290.9915	1.8	-284.531	0	0.3075409	0	0.9515349	19.03686	14.10783	8.861829	-286.4683	1.8	-275.7295	
369.8153	COLLISION_NONE	NOT_SWITCH	NOT_RESET	NOT_WAYPOINT	-290.5794	1.8	-284.4574	0	0.3091896	0	0.9510005	19.05958	14.19166	8.870598	-286.4683	1.8	-275.7295	
369.8353	COLLISION_NONE	NOT_SWITCH	NOT_RESET	NOT_WAYPOINT	-290.1812	1.8	-284.4005	0	0.3108363	0	0.9504635	19.03417	14.13952	8.820635	-286.4683	1.8	-275.7295	
369.8553	COLLISION_NONE	NOT_SWITCH	NOT_RESET	NOT_WAYPOINT	-289.7966	1.8	-284.3603	0	0.3141253	0	0.9493816	18.9969	14.14939	8.799829	-286.4683	1.8	-275.7295	
369.8753	COLLISION_NONE	NOT_SWITCH	NOT_RESET	NOT_WAYPOINT	-289.4398	1.8	-284.353	0	0.3157654	0	0.9488373	18.98834	14.12329	8.774524	-286.4683	1.8	-275.7295	
369.8953	COLLISION_NONE	NOT_SWITCH	NOT_RESET	NOT_WAYPOINT	-289.1051	1.8	-284.3737	0	0.3174019	0	0.9482911	18.98654	14.14003	8.773187	-286.4683	1.8	-275.7295	
369.9153	COLLISION_NONE	NOT_SWITCH	NOT_RESET	NOT_WAYPOINT	-288.8046	1.8	-284.4398	0	0.3190353	0	0.9477429	18.92381	14.11273	8.750654	-286.4683	1.8	-275.7295	
369.9352	COLLISION_NONE	NOT_SWITCH	NOT_RESET	NOT_WAYPOINT	-288.5537	1.8	-284.5735	0	0.3206664	0	0.9471923	18.92693	14.11135	8.735883	-286.4683	1.8	-275.7295	
369.9552	COLLISION_NONE	NOT_SWITCH	NOT_RESET	NOT_WAYPOINT	-288.3646	1.8	-284.7936	0	0.3239293	0	0.9460813	18.99539	14.1679	8.761281	-286.4683	1.8	-275.7295	
369.9752	COLLISION_NONE	NOT_SWITCH	NOT_RESET	NOT_WAYPOINT	-288.2895	1.8	-285.1763	0	0.3255619	0	0.9455208	19.02509	14.22536	8.769127	-286.4683	1.8	-275.7295	
369.9952	COLLISION_NONE	NOT_SWITCH	NOT_RESET	NOT_WAYPOINT	-288.2138	1.8	-285.5572	0	0.3271954	0	0.9449568	19.06573	14.32554	8.775685	-286.4683	1.8	-275.7295	
370.0152	COLLISION_NONE	NOT_SWITCH	NOT_RESET	NOT_WAYPOINT	-288.1387	1.8	-285.9386	0	0.3288288	0	0.9443895	19.07905	14.32985	8.748115	-286.4683	1.8	-275.7295	
370.0352	COLLISION_NONE	NOT_SWITCH	NOT_RESET	NOT_WAYPOINT	-288.0647	1.8	-286.32	0	0.3304638	0	0.9438187	19.11115	14.36651	8.744582	-286.4683	1.8	-275.7295	
370.0552	COLLISION_NONE	NOT_SWITCH	NOT_RESET	NOT_WAYPOINT	-287.9921	1.8	-286.7016	0	0.3337303	0	0.9426687	19.10906	14.4413	8.751816	-286.4683	1.8	-275.7295	
370.0752	COLLISION_NONE	NOT_SWITCH	NOT_RESET	NOT_WAYPOINT	-287.9228	1.8	-287.0833	0	0.3353606	0	0.9420899	19.05303	14.34174	8.732153	-286.4683	1.8	-275.7295	
370.0952	COLLISION_NONE	NOT_SWITCH	NOT_RESET	NOT_WAYPOINT	-287.8543	1.8	-287.4659	0	0.336989	0	0.9415087	19.07103	14.40642	8.731081	-286.4683	1.8	-275.7295	
370.1151	COLLISION_NONE	NOT_SWITCH	NOT_RESET	NOT_WAYPOINT	-287.787	1.8	-287.8486	0	0.338614	0	0.9409255	19.00631	14.31017	8.721121	-286.4683	1.8	-275.7295	
370.1351	COLLISION_NONE	NOT_SWITCH	NOT_RESET	NOT_WAYPOINT	-287.7209	1.8	-288.2314	0	0.3402359	0	0.9403401	18.98946	14.25216	8.6949	-286.4683	1.8	-275.7295	
370.1551	COLLISION_NONE	NOT_SWITCH	NOT_RESET	NOT_WAYPOINT	-287.6563	1.8	-288.6144	0	0.3434695	0	0.9391639	18.91837	14.15285	8.670135	-286.4683	1.8	-275.7295	
370.1751	COLLISION_NONE	NOT_SWITCH	NOT_RESET	NOT_WAYPOINT	-287.5949	1.8	-288.9975	0	0.3450814	0	0.9385728	18.88125	14.07396	8.654649	-286.4683	1.8	-275.7295	
370.1951	COLLISION_NONE	NOT_SWITCH	NOT_RESET	NOT_WAYPOINT	-287.5343	1.8	-289.3814	0	0.3466901	0	0.9379798	18.85636	14.01565	8.636889	-286.4683	1.8	-275.7295	
370.2151	COLLISION_NONE	NOT_SWITCH	NOT_RESET	NOT_WAYPOINT	-287.4749	1.8	-289.7654	0	0.3482952	0	0.9373849	18.80869	13.8819	8.610478	-286.4683	1.8	-275.7295	
370.2351	COLLISION_NONE	NOT_SWITCH	NOT_RESET	TRIGGER_WAYPOINT	-287.4168	1.8	-290.1495	0	0.3498968	0	0.9367883	18.77537	13.78356	8.592325	-286.4683	1.8	-305.7295	
370.2551	COLLISION_NONE	NOT_SWITCH	NOT_RESET	NOT_WAYPOINT	-287.36	1.8	-290.5338	0	0.3530872	0	0.9355904	18.67174	13.58163	8.545089	-286.4683	1.8	-305.7295	
370.2751	COLLISION_NONE	NOT_SWITCH	NOT_RESET	NOT_WAYPOINT	-287.3065	1.8	-290.918	0	0.3546764	0	0.9349892	18.61212	13.47054	8.550768	-286.4683	1.8	-305.7295	
370.295	COLLISION_NONE	NOT_SWITCH	NOT_RESET	NOT_WAYPOINT	-287.2538	1.8	-291.3031	0	0.3562632	0	0.9343857	18.61624	13.51698	8.56353	-286.4683	1.8	-305.7295	
370.315	COLLISION_NONE	NOT_SWITCH	NOT_RESET	NOT_WAYPOINT	-287.2023	1.8	-291.6882	0	0.3578472	0	0.9337803	18.57343	13.41147	8.562374	-286.4683	1.8	-305.7295	
370.335	COLLISION_NONE	NOT_SWITCH	NOT_RESET	NOT_WAYPOINT	-287.152	1.8	-292.0734	0	0.361012	0	0.9325612	18.60504	13.41209	8.58127	-286.4683	1.8	-305.7295	
370.355	COLLISION_NONE	NOT_SWITCH	NOT_RESET	NOT_WAYPOINT	-287.1051	1.8	-292.4586	0	0.362593	0	0.9319476	18.57958	13.36004	8.5817	-286.4683	1.8	-305.7295	
370.375	COLLISION_NONE	NOT_SWITCH	NOT_RESET	NOT_WAYPOINT	-287.0589	1.8	-292.8445	0	0.3641719	0	0.9313318	18.5539	13.29725	8.565969	-286.4683	1.8	-305.7295	
370.395	COLLISION_NONE	NOT_SWITCH	NOT_RESET	NOT_WAYPOINT	-287.0139	1.8	-293.2304	0	0.3657493	0	0.9307135	18.55256	13.24697	8.564139	-286.4683	1.8	-305.7295	
370.415	COLLISION_NONE	NOT_SWITCH	NOT_RESET	NOT_WAYPOINT	-286.9702	1.8	-293.6164	0	0.3673249	0	0.9300928	18.53395	13.12239	8.537184	-286.4683	1.8	-305.7295	
370.435	COLLISION_NONE	NOT_SWITCH	NOT_RESET	NOT_WAYPOINT	-286.9278	1.8	-294.0025	0	0.3704689	0	0.9288449	18.48294	12.94336	8.488448	-286.4683	1.8	-305.7295	
370.455	COLLISION_NONE	NOT_SWITCH	NOT_RESET	NOT_WAYPOINT	-286.8887	1.8	-294.3885	0	0.3720378	0	0.9282176	18.48294	12.94336	8.488448	-286.4683	1.8	-305.7295	
370.4749	COLLISION_NONE	NOT_SWITCH	NOT_RESET	NOT_WAYPOINT	-286.8503	1.8	-294.7754	0	0.3736038	0	0.9275885	18.44161	12.80885	8.457611	-286.4683	1.8	-305.7295	
370.4949	COLLISION_NONE	NOT_SWITCH	NOT_RESET	NOT_WAYPOINT	-286.8132	1.8	-295.1621	0	0.3751685	0	0.9269567	18.45905	12.78786	8.462708	-286.4683	1.8	-305.7295	
370.5149	COLLISION_NONE	NOT_SWITCH	NOT_RESET	NOT_WAYPOINT	-286.7773	1.8	-295.5489	0	0.376732	0	0.9263223	18.44621	12.72133	8.461864	-286.4683	1.8	-305.7295	
370.5349	COLLISION_NONE	NOT_SWITCH	NOT_RESET	NOT_WAYPOINT	-286.7484	1.8	-295.9292	0	0.3798584	0	0.9250447	18.49909	12.71547	8.489143	-286.4683	1.8	-305.7295	
370.5549	COLLISION_NONE	NOT_SWITCH	NOT_RESET	NOT_WAYPOINT	-286.7422	1.8	-296.2894	0	0.3814226	0	0.9244008	18.51414	12.71503	8.494201	-286.4683	1.8	-305.7295	
370.5749	COLLISION_NONE	NOT_SWITCH	NOT_RESET	NOT_WAYPOINT	-286.7407	1.8	-296.645	0	0.3829864	0	0.923754	18.52486	12.71154	8.49664	-286.4683	1.8	-305.7295	
370.5949	COLLISION_NONE	NOT_SWITCH	NOT_RESET	NOT_WAYPOINT	-286.7512	1.8	-296.9896	0	0.38455	0	0.9231042	18.52022	12.6688	8.496635	-286.4683	1.8	-305.7295	
370.6149	COLLISION_NONE	NOT_SWITCH	NOT_RESET	NOT_WAYPOINT	-286.7692	1.8	-297.3274	0	0.3861121	0	0.922452	18.49671	12.55868	8.462882	-286.4683	1.8	-305.7295	
370.6349	COLLISION_NONE	NOT_SWITCH	NOT_RESET	NOT_WAYPOINT	-286.7929	1.8	-297.6596	0	0.3892286	0	0.9211413	18.43012	12.4539	8.450493	-286.4683	1.8	-305.7295	
370.6548	COLLISION_NONE	NOT_SWITCH	NOT_RESET	NOT_WAYPOINT	-286.8269	1.8	-297.9818	0	0.3907845	0	0.9204823	18.46457	12.46085	8.442502	-286.4683	1.8	-305.7295	
370.6748	COLLISION_NONE	NOT_SWITCH	NOT_RESET	NOT_WAYPOINT	-286.8636	1.8	-298.3026	0	0.3923381	0	0.9198211	18.44209	12.39612	8.419859	-286.4683	1.8	-305.7295	
370.6948	COLLISION_NONE	NOT_SWITCH	NOT_RESET	NOT_WAYPOINT	-286.9002	1.8	-298.621	0	0.3938908	0	0.9191573	18.46348	12.40085	8.402606	-286.4683	1.8	-305.7295	
370.7148	COLLISION_NONE	NOT_SWITCH	NOT_RESET	NOT_WAYPOINT	-286.9387	1.8	-298.9371	0	0.3954433	0	0.9184904	18.47497	12.3879	8.420393	-286.4683	1.8	-305.7295	
370.7348	COLLISION_NONE	NOT_SWITCH	NOT_RESET	NOT_WAYPOINT	-286.981	1.8	-299.2519	0	0.398548	0	0.9171475	18.50739	12.36296	8.410069	-286.4683	1.8	-305.7295	
370.7548	COLLISION_NONE	NOT_SWITCH	NOT_RESET	NOT_WAYPOINT	-287.0266	1.8	-299.5607	0	0.4001001	0	0.9164715	18.5183	12.35639	8.40359	-286.4683	1.8	-305.7295	
370.7748	COLLISION_NONE	NOT_SWITCH	NOT_RESET	NOT_WAYPOINT	-287.0834	1.8	-299.8601	0	0.4016515	0	0.9157926	18.52442	12.27129	8.375273	-286.4683	1.8	-305.7295	
370.7948	COLLISION_NONE	NOT_SWITCH	NOT_RESET	NOT_WAYPOINT	-287.1453	1.8	-300.1545	0	0.4032033	0	0.9151105	18.53025	12.26944	8.39162	-286.4683	1.8	-305.7295	
370.8148	COLLISION_NONE	NOT_SWITCH	NOT_RESET	NOT_WAYPOINT	-287.2087	1.8	-300.4457	0	0.4047539	0	0.9144257	18.52776	12.17929	8.37334	-286.4683	1.8	-305.7295	
370.8347	COLLISION_NONE	NOT_SWITCH	NOT_RESET	NOT_WAYPOINT	-287.2689	1.8	-300.7547	0	0.4078537	0	0.9130474	18.53398	12.1298	8.366801	-286.4683	1.8	-305.7295	
370.8547	COLLISION_NONE	NOT_SWITCH	NOT_RESET	NOT_WAYPOINT	-287.304	1.8	-301.0598	0	0.4094013	0	0.9123544	18.52876	12.14033	8.372954	-286.4683	1.8	-305.7295	
370.8747	COLLISION_NONE	NOT_SWITCH	NOT_RESET	NOT_WAYPOINT	-287.2386	1.8	-301.2979	0	0.4109466	0	0.9116595	18.50501	12.02998	8.339272	-286.4683	1.8	-305.7295	
370.8947	COLLISION_NONE	NOT_SWITCH	NOT_RESET	NOT_WAYPOINT	-287.0732	1.8	-301.4706	0	0.4124902	0	0.910962	18.50971	12.00272	8.322275	-286.4683	1.8	-305.7295	
370.9147	COLLISION_NONE	NOT_SWITCH	NOT_RESET	NOT_WAYPOINT	-286.8076	1.8	-301.5797	0	0.4155739	0	0.9095595	18.51351	11.97387	8.315747	-286.4683	1.8	-305.7295	
370.9347	COLLISION_NONE	NOT_SWITCH	NOT_RESET	NOT_WAYPOINT	-286.34	1.8	-301.5674	0	0.4171141	0	0.9088542	18.51098	11.92232	8.328143	-286.4683	1.8	-305.7295	
370.9547	COLLISION_NONE	NOT_SWITCH	NOT_RESET	NOT_WAYPOINT	-285.8838	1.8	-301.5639	0	0.4186534	0	0.9081462	18.52095	11.91922	8.311563	-286.4683	1.8	-305.7295	
370.9747	COLLISION_NONE	NOT_SWITCH	NOT_RESET	NOT_WAYPOINT	-285.4301	1.8	-301.5616	0	0.4201913	0	0.9074355	18.50979	11.82384	8.303344	-286.4683	1.8	-305.7295	
370.9947	COLLISION_NONE	NOT_SWITCH	NOT_RESET	NOT_WAYPOINT	-284.9785	1.8	-301.5607	0	0.4217288	0	0.9067221	18.53017	11.83614	8.300028	-286.4683	1.8	-305.7295	
371.0146	COLLISION_NONE	NOT_SWITCH	NOT_RESET	NOT_WAYPOINT	-284.5274	1.8	-301.5628	0	0.4248012	0	0.9052867	18.55064	11.72834	8.286115	-286.4683	1.8	-305.7295	
371.0346	COLLISION_NONE	NOT_SWITCH	NOT_RESET	NOT_WAYPOINT	-284.0759	1.8	-301.5709	0	0.4263355	0	0.9045652	18.50418	11.65593	8.283006	-286.4683	1.8	-305.7295	
371.0546	COLLISION_NONE	NOT_SWITCH	NOT_RESET	NOT_WAYPOINT	-283.6234	1.8	-301.5801	0	0.4278693	0	0.9038405	18.54337	11.69167	8.291688	-286.4683	1.8	-305.7295	
371.0746	COLLISION_NONE	NOT_SWITCH	NOT_RESET	NOT_WAYPOINT	-283.1711	1.8	-301.5906	0	0.4294035	0	0.9031128	18.55664	11.64396	8.307269	-286.4683	1.8	-305.7295	
371.0946	COLLISION_NONE	NOT_SWITCH	NOT_RESET	NOT_WAYPOINT	-282.719	1.8	-301.6026	0	0.4309385	0	0.9023813	18.60102	11.66917	8.309781	-286.4683	1.8	-305.7295	
371.1146	COLLISION_NONE	NOT_SWITCH	NOT_RESET	NOT_WAYPOINT	-282.2668	1.8	-301.6161	0	0.4340119	0	0.9009072	18.65566	11.7016	8.360262	-286.4683	1.8	-305.7295	
371.1346	COLLISION_NONE	NOT_SWITCH	NOT_RESET	NOT_WAYPOINT	-281.8154	1.8	-301.6333	0	0.4355504	0	0.9001643	18.69984	11.68988	8.385489	-286.4683	1.8	-305.7295	
371.1546	COLLISION_NONE	NOT_SWITCH	NOT_RESET	NOT_WAYPOINT	-281.3633	1.8	-301.6516	0	0.4370902	0	0.8994177	18.7229	11.67762	8.369371	-286.4683	1.8	-305.7295	
371.1746	COLLISION_NONE	NOT_SWITCH	NOT_RESET	NOT_WAYPOINT	-280.9113	1.8	-301.6714	0	0.4386306	0	0.8986675	18.74045	11.58488	8.35299	-286.4683	1.8	-305.7295	
371.1945	COLLISION_NONE	NOT_SWITCH	NOT_RESET	NOT_WAYPOINT	-280.4595	1.8	-301.6926	0	0.4401723	0	0.8979134	18.77936	11.62459	8.37449	-286.4683	1.8	-305.7295	
371.2145	COLLISION_NONE	NOT_SWITCH	NOT_RESET	NOT_WAYPOINT	-280.0078	1.8	-301.7154	0	0.443255	0	0.8963956	18.79635	11.5568	8.386801	-286.4683	1.8	-305.7295	
371.2345	COLLISION_NONE	NOT_SWITCH	NOT_RESET	NOT_WAYPOINT	-279.5568	1.8	-301.7418	0	0.4447949	0	0.8956325	18.74549	11.51672	8.391504	-286.4683	1.8	-305.7295	
371.2545	COLLISION_NONE	NOT_SWITCH	NOT_RESET	NOT_WAYPOINT	-279.1051	1.8	-301.7695	0	0.4463341	0	0.8948664	18.76782	11.51502	8.409621	-286.4683	1.8	-305.7295	
371.2745	COLLISION_NONE	NOT_SWITCH	NOT_RESET	NOT_WAYPOINT	-278.6537	1.8	-301.7985	0	0.4478728	0	0.8940973	18.79105	11.53245	8.420665	-286.4683	1.8	-305.7295	
371.2945	COLLISION_NONE	NOT_SWITCH	NOT_RESET	NOT_WAYPOINT	-278.2024	1.8	-301.829	0	0.4494117	0	0.8933248	18.79806	11.51078	8.444745	-286.4683	1.8	-305.7295	
371.3145	COLLISION_NONE	NOT_SWITCH	NOT_RESET	NOT_WAYPOINT	-277.7513	1.8	-301.8611	0	0.4524956	0	0.8917667	18.90425	11.62999	8.528797	-286.4683	1.8	-305.7295	
371.3345	COLLISION_NONE	NOT_SWITCH	NOT_RESET	NOT_WAYPOINT	-277.3009	1.8	-301.8969	0	0.454041	0	0.8909809	18.95476	11.68544	8.545684	-286.4683	1.8	-305.7295	
371.3545	COLLISION_NONE	NOT_SWITCH	NOT_RESET	NOT_WAYPOINT	-276.8499	1.8	-301.9339	0	0.4555873	0	0.8901912	18.97809	11.6672	8.546159	-286.4683	1.8	-305.7295	
371.3745	COLLISION_NONE	NOT_SWITCH	NOT_RESET	NOT_WAYPOINT	-276.3992	1.8	-301.9723	0	0.4571333	0	0.8893983	18.96951	11.56986	8.511195	-286.4683	1.8	-305.7295	
371.3944	COLLISION_NONE	NOT_SWITCH	NOT_RESET	NOT_WAYPOINT	-275.9487	1.8	-302.0121	0	0.4586794	0	0.8886018	19.00047	11.62368	8.52452	-286.4683	1.8	-305.7295	
371.4144	COLLISION_NONE	NOT_SWITCH	NOT_RESET	NOT_WAYPOINT	-275.4983	1.8	-302.0536	0	0.4617675	0	0.8870011	18.98871	11.62249	8.512459	-286.4683	1.8	-305.7295	
371.4344	COLLISION_NONE	NOT_SWITCH	NOT_RESET	NOT_WAYPOINT	-275.0488	1.8	-302.0987	0	0.4633088	0	0.8861969	18.95622	11.55323	8.507539	-286.4683	1.8	-305.7295	
371.4544	COLLISION_NONE	NOT_SWITCH	NOT_RESET	NOT_WAYPOINT	-274.5987	1.8	-302.1451	0	0.4648492	0	0.8853899	18.98212	11.59934	8.519843	-286.4683	1.8	-305.7295	
371.4744	COLLISION_NONE	NOT_SWITCH	NOT_RESET	NOT_WAYPOINT	-274.1488	1.8	-302.1929	0	0.4663894	0	0.8845796	19.01136	11.59043	8.510841	-286.4683	1.8	-305.7295	
371.4944	COLLISION_NONE	NOT_SWITCH	NOT_RESET	NOT_WAYPOINT	-273.6992	1.8	-302.2422	0	0.4679298	0	0.8837656	19.04018	11.6325	8.533952	-286.4683	1.8	-305.7295	
371.5144	COLLISION_NONE	NOT_SWITCH	NOT_RESET	TRIGGER_WAYPOINT	-273.2498	1.8	-302.293	0	0.4710131	0	0.8821263	19.1125	11.69629	8.565248	-257.9366	1.8	-296.459	
371.5344	COLLISION_NONE	NOT_SWITCH	NOT_RESET	NOT_WAYPOINT	-272.8014	1.8	-302.3475	0	0.4725555	0	0.8813009	19.13093	11.71154	8.566352	-257.9366	1.8	-296.459	
371.5544	COLLISION_NONE	NOT_SWITCH	NOT_RESET	NOT_WAYPOINT	-272.3523	1.8	-302.4033	0	0.4740969	0	0.8804727	19.11116	11.69532	8.568175	-257.9366	1.8	-296.459	
371.5743	COLLISION_NONE	NOT_SWITCH	NOT_RESET	NOT_WAYPOINT	-271.9035	1.8	-302.4605	0	0.4756352	0	0.8796427	19.06942	11.62361	8.52495	-257.9366	1.8	-296.459	
371.5943	COLLISION_NONE	NOT_SWITCH	NOT_RESET	NOT_WAYPOINT	-271.4551	1.8	-302.5192	0	0.4787027	0	0.8779771	19.05921	11.6759	8.485902	-257.9366	1.8	-296.459	
371.6143	COLLISION_NONE	NOT_SWITCH	NOT_RESET	NOT_WAYPOINT	-271.0077	1.8	-302.5815	0	0.4802311	0	0.8771421	19.00851	11.62341	8.477825	-257.9366	1.8	-296.459	
371.6343	COLLISION_NONE	NOT_SWITCH	NOT_RESET	NOT_WAYPOINT	-270.5596	1.8	-302.6452	0	0.4817562	0	0.8763052	18.97618	11.56864	8.467435	-257.9366	1.8	-296.459	
371.6543	COLLISION_NONE	NOT_SWITCH	NOT_RESET	NOT_WAYPOINT	-270.112	1.8	-302.7102	0	0.4832794	0	0.8754662	18.9779	11.58721	8.479282	-257.9366	1.8	-296.459	
371.6743	COLLISION_NONE	NOT_SWITCH	NOT_RESET	NOT_WAYPOINT	-269.6646	1.8	-302.7767	0	0.4848016	0	0.8746243	19.00712	11.60493	8.477329	-257.9366	1.8	-296.459	
371.6943	COLLISION_NONE	NOT_SWITCH	NOT_RESET	NOT_WAYPOINT	-269.2174	1.8	-302.8447	0	0.487843	0	0.8729314	19.02976	11.66416	8.471203	-257.9366	1.8	-296.459	
371.7143	COLLISION_NONE	NOT_SWITCH	NOT_RESET	NOT_WAYPOINT	-268.7715	1.8	-302.9164	0	0.4893624	0	0.8720806	19.04495	11.64535	8.468799	-257.9366	1.8	-296.459	
371.7343	COLLISION_NONE	NOT_SWITCH	NOT_RESET	NOT_WAYPOINT	-268.3248	1.8	-302.9894	0	0.4908808	0	0.8712268	19.0512	11.60152	8.456564	-257.9366	1.8	-296.459	
371.7542	COLLISION_NONE	NOT_SWITCH	NOT_RESET	NOT_WAYPOINT	-267.8786	1.8	-303.0638	0	0.4923973	0	0.8703706	19.02182	11.50684	8.446187	-257.9366	1.8	-296.459	
371.7742	COLLISION_NONE	NOT_SWITCH	NOT_RESET	NOT_WAYPOINT	-267.4327	1.8	-303.1396	0	0.4939119	0	0.869512	19.01927	11.47522	8.436098	-257.9366	1.8	-296.459	
371.7942	COLLISION_NONE	NOT_SWITCH	NOT_RESET	NOT_WAYPOINT	-266.9871	1.8	-303.2169	0	0.4969318	0	0.8677896	18.96855	11.37177	8.384767	-257.9366	1.8	-296.459	
371.8142	COLLISION_NONE	NOT_SWITCH	NOT_RESET	NOT_WAYPOINT	-266.5427	1.8	-303.2979	0	0.4984365	0	0.8669263	18.91257	11.28579	8.372748	-257.9366	1.8	-296.459	
371.8342	COLLISION_NONE	NOT_SWITCH	NOT_RESET	NOT_WAYPOINT	-266.0977	1.8	-303.3802	0	0.499938	0	0.8660613	18.888	11.18202	8.364006	-257.9366	1.8	-296.459	
371.8542	COLLISION_NONE	NOT_SWITCH	NOT_RESET	NOT_WAYPOINT	-265.6532	1.8	-303.4638	0	0.5014378	0	0.8651937	18.90598	11.15055	8.372439	-257.9366	1.8	-296.459	
371.8742	COLLISION_NONE	NOT_SWITCH	NOT_RESET	NOT_WAYPOINT	-265.209	1.8	-303.549	0	0.502937	0	0.8643231	18.91356	11.14326	8.402275	-257.9366	1.8	-296.459	
371.8942	COLLISION_NONE	NOT_SWITCH	NOT_RESET	NOT_WAYPOINT	-264.765	1.8	-303.6356	0	0.5059326	0	0.8625731	18.91433	11.10971	8.419323	-257.9366	1.8	-296.459	
371.9142	COLLISION_NONE	NOT_SWITCH	NOT_RESET	NOT_WAYPOINT	-264.36	1.8	-303.7417	0	0.5074279	0	0.8616942	18.88197	11.09077	8.419818	-257.9366	1.8	-296.459	
371.9341	COLLISION_NONE	NOT_SWITCH	NOT_RESET	NOT_WAYPOINT	-263.9745	1.8	-303.8573	0	0.5089211	0	0.8608133	18.8623	11.09217	8.425256	-257.9366	1.8	-296.459	
371.9541	COLLISION_NONE	NOT_SWITCH	NOT_RESET	NOT_WAYPOINT	-263.6086	1.8	-303.9821	0	0.5104105	0	0.8599309	18.81439	11.04554	8.435807	-257.9366	1.8	-296.459	
371.9741	COLLISION_NONE	NOT_SWITCH	NOT_RESET	NOT_WAYPOINT	-263.2621	1.8	-304.1162	0	0.5118973	0	0.8590466	18.81952	11.07077	8.440165	-257.9366	1.8	-296.459	
371.9941	COLLISION_NONE	NOT_SWITCH	NOT_RESET	NOT_WAYPOINT	-262.9305	1.8	-304.2566	0	0.514861	0	0.8572737	18.78497	11.08073	8.402539	-257.9366	1.8	-296.459	
372.0141	COLLISION_NONE	NOT_SWITCH	NOT_RESET	NOT_WAYPOINT	-262.6153	1.8	-304.4022	0	0.5163388	0	0.8563845	18.76689	11.03222	8.373107	-257.9366	1.8	-296.459	
372.0341	COLLISION_NONE	NOT_SWITCH	NOT_RESET	NOT_WAYPOINT	-262.3108	1.8	-304.5518	0	0.517814	0	0.8554933	18.7457	10.94367	8.322606	-257.9366	1.8	-296.459	
372.0541	COLLISION_NONE	NOT_SWITCH	NOT_RESET	NOT_WAYPOINT	-262.0281	1.8	-304.703	0	0.5192865	0	0.8546003	18.75698	10.92961	8.290557	-257.9366	1.8	-296.459	
372.0741	COLLISION_NONE	NOT_SWITCH	NOT_RESET	NOT_WAYPOINT	-261.7675	1.8	-304.852	0	0.5207564	0	0.8537053	18.75274	10.89399	8.263306	-257.9366	1.8	-296.459	
372.0941	COLLISION_NONE	NOT_SWITCH	NOT_RESET	NOT_WAYPOINT	-261.5241	1.8	-304.9957	0	0.5236899	0	0.851909	18.75782	10.92162	8.238368	-257.9366	1.8	-296.459	
372.114	COLLISION_NONE	NOT_SWITCH	NOT_RESET	NOT_WAYPOINT	-261.474	1.8	-305.0449	0	0.5251535	0	0.8510076	18.7554	10.88628	8.215689	-257.9366	1.8	-296.459	
372.134	COLLISION_NONE	NOT_SWITCH	NOT_RESET	NOT_WAYPOINT	-261.529	1.8	-305.0407	0	0.526616	0	0.8501034	18.78755	10.92878	8.201879	-257.9366	1.8	-296.459	
372.154	COLLISION_NONE	NOT_SWITCH	NOT_RESET	NOT_WAYPOINT	-261.6891	1.8	-304.9838	0	0.5280758	0	0.8491973	18.75928	10.86201	8.16175	-257.9366	1.8	-296.459	
372.174	COLLISION_NONE	NOT_SWITCH	NOT_RESET	NOT_WAYPOINT	-261.9542	1.8	-304.8737	0	0.5309864	0	0.8473803	18.73405	10.78628	8.043425	-257.9366	1.8	-296.459	
372.194	COLLISION_NONE	NOT_SWITCH	NOT_RESET	NOT_WAYPOINT	-262.408	1.8	-304.664	0	0.5324365	0	0.8464699	18.72155	10.76845	8.020628	-257.9366	1.8	-296.459	
372.214	COLLISION_NONE	NOT_SWITCH	NOT_RESET	NOT_WAYPOINT	-262.8418	1.8	-304.4642	0	0.5338827	0	0.8455586	18.68323	10.64164	7.975992	-257.9366	1.8	-296.459	
372.234	COLLISION_NONE	NOT_SWITCH	NOT_RESET	NOT_WAYPOINT	-263.2555	1.8	-304.2742	0	0.5353268	0	0.8446451	18.69263	10.65521	7.988263	-257.9366	1.8	-296.459	
372.254	COLLISION_NONE	NOT_SWITCH	NOT_RESET	NOT_WAYPOINT	-263.6487	1.8	-304.0935	0	0.5367702	0	0.8437285	18.72267	10.59672	7.970911	-257.9366	1.8	-296.459	
372.274	COLLISION_NONE	NOT_SWITCH	NOT_RESET	NOT_WAYPOINT	-264.0214	1.8	-303.9214	0	0.5396571	0	0.8418849	18.76337	10.58435	8.024445	-257.9366	1.8	-296.459	
372.2939	COLLISION_NONE	NOT_SWITCH	NOT_RESET	NOT_WAYPOINT	-264.362	1.8	-303.7585	0	0.5411018	0	0.8409571	18.79836	10.56979	8.045353	-257.9366	1.8	-296.459	
372.3139	COLLISION_NONE	NOT_SWITCH	NOT_RESET	NOT_WAYPOINT	-264.7174	1.8	-303.5891	0	0.5425459	0	0.8400261	18.79814	10.48716	8.053579	-257.9366	1.8	-296.459	
372.3339	COLLISION_NONE	NOT_SWITCH	NOT_RESET	NOT_WAYPOINT	-265.0721	1.8	-303.4189	0	0.5439901	0	0.8390917	18.82392	10.49184	8.06391	-257.9366	1.8	-296.459	
372.3539	COLLISION_NONE	NOT_SWITCH	NOT_RESET	NOT_WAYPOINT	-265.4262	1.8	-303.2475	0	0.5454325	0	0.8381548	18.79025	10.3918	8.057884	-257.9366	1.8	-296.459	
372.3739	COLLISION_NONE	NOT_SWITCH	NOT_RESET	NOT_WAYPOINT	-265.7797	1.8	-303.0749	0	0.5483125	0	0.8362736	18.75594	10.31967	8.078235	-257.9366	1.8	-296.459	
372.3939	COLLISION_NONE	NOT_SWITCH	NOT_RESET	NOT_WAYPOINT	-266.1312	1.8	-302.8995	0	0.54975	0	0.8353294	18.77872	10.31941	8.074224	-257.9366	1.8	-296.459	
372.4139	COLLISION_NONE	NOT_SWITCH	NOT_RESET	NOT_WAYPOINT	-266.483	1.8	-302.723	0	0.5511847	0	0.8343833	18.72808	10.23491	8.080519	-257.9366	1.8	-296.459	
372.4339	COLLISION_NONE	NOT_SWITCH	NOT_RESET	NOT_WAYPOINT	-266.8341	1.8	-302.5454	0	0.5526185	0	0.8334343	18.75675	10.21761	8.098012	-257.9366	1.8	-296.459	
372.4539	COLLISION_NONE	NOT_SWITCH	NOT_RESET	NOT_WAYPOINT	-267.1846	1.8	-302.3668	0	0.5540513	0	0.8324825	18.76092	10.21798	8.118399	-257.9366	1.8	-296.459	
372.4738	COLLISION_NONE	NOT_SWITCH	NOT_RESET	NOT_WAYPOINT	-267.5345	1.8	-302.1869	0	0.5569157	0	0.8305691	18.79073	10.19614	8.141979	-257.9366	1.8	-296.459	
372.4938	COLLISION_NONE	NOT_SWITCH	NOT_RESET	NOT_WAYPOINT	-267.8823	1.8	-302.0043	0	0.5583485	0	0.8296065	18.8385	10.2291	8.178287	-257.9366	1.8	-296.459	
372.5138	COLLISION_NONE	NOT_SWITCH	NOT_RESET	NOT_WAYPOINT	-268.2304	1.8	-301.8205	0	0.5597807	0	0.8286409	18.85155	10.21338	8.183724	-257.9366	1.8	-296.459	
372.5338	COLLISION_NONE	NOT_SWITCH	NOT_RESET	NOT_WAYPOINT	-268.5777	1.8	-301.6358	0	0.5612141	0	0.8276706	18.90745	10.29399	8.204095	-257.9366	1.8	-296.459	
372.5538	COLLISION_NONE	NOT_SWITCH	NOT_RESET	NOT_WAYPOINT	-268.9244	1.8	-301.4499	0	0.5626464	0	0.8266977	18.86478	10.20023	8.171237	-257.9366	1.8	-296.459	
372.5738	COLLISION_NONE	NOT_SWITCH	NOT_RESET	NOT_WAYPOINT	-269.2704	1.8	-301.2628	0	0.5655061	0	0.8247442	18.85142	10.18656	8.176676	-257.9366	1.8	-296.459	
372.5938	COLLISION_NONE	NOT_SWITCH	NOT_RESET	NOT_WAYPOINT	-269.6144	1.8	-301.0731	0	0.5669332	0	0.8237638	18.87497	10.17599	8.149728	-257.9366	1.8	-296.459	
372.6138	COLLISION_NONE	NOT_SWITCH	NOT_RESET	NOT_WAYPOINT	-269.9586	1.8	-300.8821	0	0.5683572	0	0.822782	18.82844	10.10899	8.1417	-257.9366	1.8	-296.459	
372.6338	COLLISION_NONE	NOT_SWITCH	NOT_RESET	NOT_WAYPOINT	-270.3021	1.8	-300.6902	0	0.5697798	0	0.8217974	18.8577	10.14717	8.151498	-257.9366	1.8	-296.459	
372.6537	COLLISION_NONE	NOT_SWITCH	NOT_RESET	NOT_WAYPOINT	-270.6448	1.8	-300.4972	0	0.571202	0	0.8208096	18.87379	10.12418	8.158707	-257.9366	1.8	-296.459	
372.6737	COLLISION_NONE	NOT_SWITCH	NOT_RESET	NOT_WAYPOINT	-270.9869	1.8	-300.3029	0	0.5740442	0	0.8188244	18.91552	10.17789	8.186202	-257.9366	1.8	-296.459	
372.6937	COLLISION_NONE	NOT_SWITCH	NOT_RESET	NOT_WAYPOINT	-271.3269	1.8	-300.106	0	0.5754644	0	0.8178269	18.92809	10.19271	8.200063	-257.9366	1.8	-296.459	
372.7137	COLLISION_NONE	NOT_SWITCH	NOT_RESET	NOT_WAYPOINT	-271.667	1.8	-299.908	0	0.5768823	0	0.8168272	18.89627	10.10069	8.160235	-257.9366	1.8	-296.459	
372.7337	COLLISION_NONE	NOT_SWITCH	NOT_RESET	NOT_WAYPOINT	-272.0064	1.8	-299.709	0	0.5782991	0	0.8158248	18.9222	10.14131	8.181142	-257.9366	1.8	-296.459	
372.7537	COLLISION_NONE	NOT_SWITCH	NOT_RESET	NOT_WAYPOINT	-272.345	1.8	-299.5089	0	0.5797129	0	0.8148208	18.87598	10.07616	8.151366	-257.9366	1.8	-296.459	
372.7737	COLLISION_NONE	NOT_SWITCH	NOT_RESET	NOT_WAYPOINT	-272.683	1.8	-299.3076	0	0.5825346	0	0.8128059	18.8558	10.02498	8.173483	-257.9366	1.8	-296.459	
372.7937	COLLISION_NONE	NOT_SWITCH	NOT_RESET	NOT_WAYPOINT	-273.0188	1.8	-299.1036	0	0.5839431	0	0.8117946	18.88362	10.07497	8.202518	-257.9366	1.8	-296.459	
372.8137	COLLISION_NONE	NOT_SWITCH	NOT_RESET	NOT_WAYPOINT	-273.3547	1.8	-298.8986	0	0.5853493	0	0.8107813	18.8529	10.0118	8.197439	-257.9366	1.8	-296.459	
372.8336	COLLISION_NONE	NOT_SWITCH	NOT_RESET	NOT_WAYPOINT	-273.6899	1.8	-298.6925	0	0.5867549	0	0.8097647	18.89013	10.04489	8.218974	-257.9366	1.8	-296.459	
372.8536	COLLISION_NONE	NOT_SWITCH	NOT_RESET	NOT_WAYPOINT	-274.0243	1.8	-298.4854	0	0.5895637	0	0.8077219	18.90767	10.04053	8.226639	-257.9366	1.8	-296.459	
372.8736	COLLISION_NONE	NOT_SWITCH	NOT_RESET	NOT_WAYPOINT	-274.3565	1.8	-298.2757	0	0.5909649	0	0.8066974	18.87596	9.975338	8.193939	-257.9366	1.8	-296.459	
372.8936	COLLISION_NONE	NOT_SWITCH	NOT_RESET	NOT_WAYPOINT	-274.6888	1.8	-298.0648	0	0.5923634	0	0.805671	18.86219	9.998501	8.20261	-257.9366	1.8	-296.459	
372.9136	COLLISION_NONE	NOT_SWITCH	NOT_RESET	NOT_WAYPOINT	-275.0204	1.8	-297.853	0	0.5937589	0	0.804643	18.83962	9.893169	8.168069	-257.9366	1.8	-296.459	
372.9336	COLLISION_NONE	NOT_SWITCH	NOT_RESET	NOT_WAYPOINT	-275.3512	1.8	-297.64	0	0.5951524	0	0.8036128	18.85237	9.922714	8.17646	-257.9366	1.8	-296.459	
372.9536	COLLISION_NONE	NOT_SWITCH	NOT_RESET	NOT_WAYPOINT	-275.6812	1.8	-297.426	0	0.5979337	0	0.8015457	18.86599	9.906052	8.189279	-257.9366	1.8	-296.459	
372.9736	COLLISION_NONE	NOT_SWITCH	NOT_RESET	NOT_WAYPOINT	-276.0089	1.8	-297.2094	0	0.5993215	0	0.8005085	18.83354	9.851173	8.179574	-257.9366	1.8	-296.459	
372.9936	COLLISION_NONE	NOT_SWITCH	NOT_RESET	NOT_WAYPOINT	-276.3368	1.8	-296.9917	0	0.6007088	0	0.7994679	18.89209	9.928017	8.176117	-257.9366	1.8	-296.459	
373.0135	COLLISION_NONE	NOT_SWITCH	NOT_RESET	NOT_WAYPOINT	-276.6639	1.8	-296.773	0	0.6020954	0	0.7984242	18.90411	9.934444	8.178842	-257.9366	1.8	-296.459	
373.0335	COLLISION_NONE	NOT_SWITCH	NOT_RESET	NOT_WAYPOINT	-276.9901	1.8	-296.5533	0	0.6034812	0	0.7973773	18.92701	9.96104	8.181804	-257.9366	1.8	-296.459	
373.0535	COLLISION_NONE	NOT_SWITCH	NOT_RESET	NOT_WAYPOINT	-277.3156	1.8	-296.3324	0	0.6062521	0	0.7952725	18.98165	9.993397	8.223648	-257.9366	1.8	-296.459	
373.0735	COLLISION_NONE	NOT_SWITCH	NOT_RESET	NOT_WAYPOINT	-277.6388	1.8	-296.109	0	0.607639	0	0.7942134	19.0646	10.10662	8.220446	-257.9366	1.8	-296.459	
373.0935	COLLISION_NONE	NOT_SWITCH	NOT_RESET	NOT_WAYPOINT	-277.9621	1.8	-295.8845	0	0.6090255	0	0.7931506	19.06894	10.09119	8.215626	-257.9366	1.8	-296.459	
373.1135	COLLISION_NONE	NOT_SWITCH	NOT_RESET	NOT_WAYPOINT	-278.2845	1.8	-295.659	0	0.610413	0	0.7920833	19.14263	10.22989	8.220008	-257.9366	1.8	-296.459	
373.1335	COLLISION_NONE	NOT_SWITCH	NOT_RESET	NOT_WAYPOINT	-278.6061	1.8	-295.4325	0	0.6117991	0	0.7910132	19.11929	10.22168	8.212893	-257.9366	1.8	-296.459	
373.1535	COLLISION_NONE	NOT_SWITCH	NOT_RESET	NOT_WAYPOINT	-278.9269	1.8	-295.2049	0	0.6145678	0	0.788864	19.1317	10.3681	8.231073	-257.9366	1.8	-296.459	
373.1735	COLLISION_NONE	NOT_SWITCH	NOT_RESET	NOT_WAYPOINT	-279.2453	1.8	-294.9748	0	0.6159504	0	0.7877849	19.18434	10.50776	8.248031	-257.9366	1.8	-296.459	
373.1935	COLLISION_NONE	NOT_SWITCH	NOT_RESET	NOT_WAYPOINT	-279.5638	1.8	-294.7435	0	0.6173304	0	0.7867039	19.15544	10.51317	8.244753	-257.9366	1.8	-296.459	
373.2134	COLLISION_NONE	NOT_SWITCH	NOT_RESET	NOT_WAYPOINT	-279.8814	1.8	-294.5113	0	0.6187109	0	0.7856188	19.21935	10.61893	8.293499	-257.9366	1.8	-296.459	
373.2334	COLLISION_NONE	NOT_SWITCH	NOT_RESET	NOT_WAYPOINT	-280.1982	1.8	-294.2781	0	0.6200917	0	0.7845294	19.2725	10.7097	8.29487	-257.9366	1.8	-296.459	
373.2534	COLLISION_NONE	NOT_SWITCH	NOT_RESET	NOT_WAYPOINT	-280.5141	1.8	-294.0437	0	0.6228555	0	0.7823369	19.35251	10.90593	8.325369	-257.9366	1.8	-296.459	
373.2734	COLLISION_NONE	NOT_SWITCH	NOT_RESET	NOT_WAYPOINT	-280.8276	1.8	-293.807	0	0.6242378	0	0.7812344	19.41002	10.97522	8.327463	-257.9366	1.8	-296.459	
373.2934	COLLISION_NONE	NOT_SWITCH	NOT_RESET	NOT_WAYPOINT	-281.1412	1.8	-293.569	0	0.6256183	0	0.7801293	19.38361	10.95335	8.305849	-257.9366	1.8	-296.459	
373.3134	COLLISION_NONE	NOT_SWITCH	NOT_RESET	NOT_WAYPOINT	-281.4538	1.8	-293.3302	0	0.6269978	0	0.779021	19.4231	11.11146	8.326921	-257.9366	1.8	-296.459	
373.3334	COLLISION_NONE	NOT_SWITCH	NOT_RESET	NOT_WAYPOINT	-281.7656	1.8	-293.0903	0	0.6283753	0	0.7779104	19.40621	11.09341	8.310234	-257.9366	1.8	-296.459	
373.3534	COLLISION_NONE	NOT_SWITCH	NOT_RESET	NOT_WAYPOINT	-282.0765	1.8	-292.8493	0	0.6311224	0	0.7756833	19.34982	11.06955	8.304541	-257.9366	1.8	-296.459	
373.3734	COLLISION_NONE	NOT_SWITCH	NOT_RESET	NOT_WAYPOINT	-282.3849	1.8	-292.606	0	0.6324913	0	0.7745675	19.3576	11.04951	8.283626	-257.9366	1.8	-296.459	
373.3933	COLLISION_NONE	NOT_SWITCH	NOT_RESET	NOT_WAYPOINT	-282.6933	1.8	-292.3615	0	0.6338565	0	0.7734507	19.30574	10.95067	8.275406	-257.9366	1.8	-296.459	
373.4133	COLLISION_NONE	NOT_SWITCH	NOT_RESET	NOT_WAYPOINT	-283.0008	1.8	-292.1161	0	0.6352187	0	0.7723324	19.31134	10.95768	8.283916	-257.9366	1.8	-296.459	
373.4333	COLLISION_NONE	NOT_SWITCH	NOT_RESET	NOT_WAYPOINT	-283.3074	1.8	-291.8696	0	0.637938	0	0.7700878	19.31805	10.93097	8.320605	-257.9366	1.8	-296.459	
373.4533	COLLISION_NONE	NOT_SWITCH	NOT_RESET	NOT_WAYPOINT	-283.6115	1.8	-291.6209	0	0.639295	0	0.7689616	19.31805	10.93097	8.320605	-257.9366	1.8	-296.459	
373.4733	COLLISION_NONE	NOT_SWITCH	NOT_RESET	NOT_WAYPOINT	-283.9155	1.8	-291.3709	0	0.640651	0	0.7678322	19.33154	10.8879	8.326414	-257.9366	1.8	-296.459	
373.4933	COLLISION_NONE	NOT_SWITCH	NOT_RESET	NOT_WAYPOINT	-284.2186	1.8	-291.1201	0	0.6420048	0	0.7667007	19.30263	10.79508	8.309223	-257.9366	1.8	-296.459	
373.5133	COLLISION_NONE	NOT_SWITCH	NOT_RESET	NOT_WAYPOINT	-284.5208	1.8	-290.8683	0	0.6433558	0	0.7655673	19.27583	10.78296	8.318191	-257.9366	1.8	-296.459	
373.5333	COLLISION_NONE	NOT_SWITCH	NOT_RESET	NOT_WAYPOINT	-284.8221	1.8	-290.6155	0	0.6460472	0	0.7632976	19.21391	10.695	8.277292	-257.9366	1.8	-296.459	
373.5533	COLLISION_NONE	NOT_SWITCH	NOT_RESET	NOT_WAYPOINT	-285.1208	1.8	-290.3604	0	0.6473864	0	0.762162	19.15408	10.59887	8.252569	-257.9366	1.8	-296.459	
373.5732	COLLISION_NONE	NOT_SWITCH	NOT_RESET	NOT_WAYPOINT	-285.4196	1.8	-290.104	0	0.648723	0	0.7610247	19.16503	10.58964	8.275029	-257.9366	1.8	-296.459	
373.5932	COLLISION_NONE	NOT_SWITCH	NOT_RESET	NOT_WAYPOINT	-285.7173	1.8	-289.8469	0	0.6500567	0	0.7598857	19.14183	10.51228	8.266404	-257.9366	1.8	-296.459	
373.6132	COLLISION_NONE	NOT_SWITCH	NOT_RESET	NOT_WAYPOINT	-286.0141	1.8	-289.5887	0	0.6513884	0	0.7587445	19.15446	10.52422	8.2715	-257.9366	1.8	-296.459	
373.6332	COLLISION_NONE	NOT_SWITCH	NOT_RESET	NOT_WAYPOINT	-286.31	1.8	-289.3296	0	0.6540459	0	0.7564549	19.14594	10.52187	8.290469	-257.9366	1.8	-296.459	
373.6532	COLLISION_NONE	NOT_SWITCH	NOT_RESET	NOT_WAYPOINT	-286.5827	1.8	-289.0679	0	0.6553714	0	0.7553068	19.13436	10.47858	8.284341	-257.9366	1.8	-296.459	
373.6732	COLLISION_NONE	NOT_SWITCH	NOT_RESET	NOT_WAYPOINT	-286.8341	1.8	-288.8039	0	0.6566951	0	0.7541562	19.15278	10.51218	8.2925	-257.9366	1.8	-296.459	
373.6932	COLLISION_NONE	NOT_SWITCH	NOT_RESET	NOT_WAYPOINT	-287.0644	1.8	-288.5377	0	0.658016	0	0.7530039	19.11594	10.45419	8.279852	-257.9366	1.8	-296.459	
373.7132	COLLISION_NONE	NOT_SWITCH	NOT_RESET	NOT_WAYPOINT	-287.2736	1.8	-288.269	0	0.6593346	0	0.7518497	19.1193	10.47015	8.276096	-257.9366	1.8	-296.459	
373.7332	COLLISION_NONE	NOT_SWITCH	NOT_RESET	NOT_WAYPOINT	-287.4621	1.8	-287.9974	0	0.661963	0	0.7495365	19.1234	10.49706	8.265555	-257.9366	1.8	-296.459	
373.7531	COLLISION_NONE	NOT_SWITCH	NOT_RESET	NOT_WAYPOINT	-287.6221	1.8	-287.7221	0	0.6632736	0	0.748377	19.09482	10.41531	8.230646	-257.9366	1.8	-296.459	
373.7731	COLLISION_NONE	NOT_SWITCH	NOT_RESET	NOT_WAYPOINT	-287.7796	1.8	-287.4483	0	0.6645817	0	0.7472156	19.088	10.42501	8.228617	-257.9366	1.8	-296.459	
373.7931	COLLISION_NONE	NOT_SWITCH	NOT_RESET	NOT_WAYPOINT	-287.9349	1.8	-287.176	0	0.6658877	0	0.746052	19.10002	10.44985	8.238723	-257.9366	1.8	-296.459	
373.8131	COLLISION_NONE	NOT_SWITCH	NOT_RESET	NOT_WAYPOINT	-288.0861	1.8	-286.904	0	0.6671924	0	0.7448855	19.13149	10.51782	8.242581	-257.9366	1.8	-296.459	
373.8331	COLLISION_NONE	NOT_SWITCH	NOT_RESET	NOT_WAYPOINT	-288.2315	1.8	-286.6306	0	0.6697981	0	0.7425433	19.16145	10.58844	8.262101	-257.9366	1.8	-296.459	
373.8531	COLLISION_NONE	NOT_SWITCH	NOT_RESET	NOT_WAYPOINT	-288.3637	1.8	-286.3521	0	0.6710986	0	0.7413682	19.1589	10.55593	8.248132	-257.9366	1.8	-296.459	
373.8731	COLLISION_NONE	NOT_SWITCH	NOT_RESET	NOT_WAYPOINT	-288.4897	1.8	-286.0686	0	0.6723973	0	0.7401905	19.16194	10.55789	8.253568	-257.9366	1.8	-296.459	
373.8931	COLLISION_NONE	NOT_SWITCH	NOT_RESET	NOT_WAYPOINT	-288.6112	1.8	-285.7843	0	0.6736928	0	0.7390116	19.12138	10.49943	8.231789	-257.9366	1.8	-296.459	
373.9131	COLLISION_NONE	NOT_SWITCH	NOT_RESET	NOT_WAYPOINT	-288.7291	1.8	-285.5015	0	0.6749848	0	0.7378317	19.09235	10.49637	8.228665	-257.9366	1.8	-296.459	
373.933	COLLISION_NONE	NOT_SWITCH	NOT_RESET	NOT_WAYPOINT	-288.8461	1.8	-285.2209	0	0.6775578	0	0.7354695	19.03671	10.44788	8.20601	-257.9366	1.8	-296.459	
373.953	COLLISION_NONE	NOT_SWITCH	NOT_RESET	NOT_WAYPOINT	-288.9568	1.8	-284.943	0	0.6788394	0	0.7342868	19.02046	10.38771	8.20669	-257.9366	1.8	-296.459	
373.973	COLLISION_NONE	NOT_SWITCH	NOT_RESET	NOT_WAYPOINT	-289.0599	1.8	-284.664	0	0.6801189	0	0.7331018	19.04737	10.41441	8.19214	-257.9366	1.8	-296.459	
373.993	COLLISION_NONE	NOT_SWITCH	NOT_RESET	NOT_WAYPOINT	-289.1543	1.8	-284.3829	0	0.6813969	0	0.7319142	19.06328	10.44522	8.202295	-257.9366	1.8	-296.459	
374.013	COLLISION_NONE	NOT_SWITCH	NOT_RESET	NOT_WAYPOINT	-289.2397	1.8	-284.0988	0	0.6839486	0	0.7295302	19.09414	10.50875	8.245743	-257.9366	1.8	-296.459	
374.033	COLLISION_NONE	NOT_SWITCH	NOT_RESET	NOT_WAYPOINT	-289.3082	1.8	-283.8075	0	0.6852226	0	0.7283338	19.10204	10.54233	8.239088	-257.9366	1.8	-296.459	
374.053	COLLISION_NONE	NOT_SWITCH	NOT_RESET	NOT_WAYPOINT	-289.3723	1.8	-283.5125	0	0.6864947	0	0.7271348	19.13423	10.54666	8.243846	-257.9366	1.8	-296.459	
374.073	COLLISION_NONE	NOT_SWITCH	NOT_RESET	NOT_WAYPOINT	-289.4344	1.8	-283.2154	0	0.687765	0	0.7259334	19.11204	10.48281	8.210579	-257.9366	1.8	-296.459	
374.093	COLLISION_NONE	NOT_SWITCH	NOT_RESET	NOT_WAYPOINT	-289.4953	1.8	-282.9177	0	0.689033	0	0.72473	19.10049	10.42743	8.191964	-257.9366	1.8	-296.459	
374.1129	COLLISION_NONE	NOT_SWITCH	NOT_RESET	NOT_WAYPOINT	-289.5555	1.8	-282.6196	0	0.6915631	0	0.7223161	19.06329	10.43708	8.240542	-257.9366	1.8	-296.459	
374.1329	COLLISION_NONE	NOT_SWITCH	NOT_RESET	NOT_WAYPOINT	-289.6131	1.8	-282.3216	0	0.6928245	0	0.7211063	19.08685	10.44786	8.229795	-257.9366	1.8	-296.459	
374.1529	COLLISION_NONE	NOT_SWITCH	NOT_RESET	NOT_WAYPOINT	-289.6697	1.8	-282.0229	0	0.6940834	0	0.7198946	19.06694	10.41695	8.237312	-257.9366	1.8	-296.459	
374.1729	COLLISION_NONE	NOT_SWITCH	NOT_RESET	NOT_WAYPOINT	-289.7253	1.8	-281.7242	0	0.6953409	0	0.7186801	19.09987	10.54251	8.261315	-257.9366	1.8	-296.459	
374.1929	COLLISION_NONE	NOT_SWITCH	NOT_RESET	NOT_WAYPOINT	-289.7799	1.8	-281.4252	0	0.6965975	0	0.7174621	19.12425	10.57676	8.29444	-257.9366	1.8	-296.459	
374.2129	COLLISION_NONE	NOT_SWITCH	NOT_RESET	NOT_WAYPOINT	-289.8332	1.8	-281.1262	0	0.6991087	0	0.7150155	19.16864	10.6894	8.339692	-257.9366	1.8	-296.459	
374.2329	COLLISION_NONE	NOT_SWITCH	NOT_RESET	NOT_WAYPOINT	-289.884	1.8	-280.8265	0	0.700363	0	0.7137869	19.19996	10.74892	8.343844	-257.9366	1.8	-296.459	
374.2529	COLLISION_NONE	NOT_SWITCH	NOT_RESET	NOT_WAYPOINT	-289.9344	1.8	-280.5266	0	0.7016153	0	0.712556	19.18024	10.67535	8.318863	-257.9366	1.8	-296.459	
374.2729	COLLISION_NONE	NOT_SWITCH	NOT_RESET	NOT_WAYPOINT	-289.9837	1.8	-280.2267	0	0.7028663	0	0.7113221	19.2128	10.74803	8.332634	-257.9366	1.8	-296.459	
374.2928	COLLISION_NONE	NOT_SWITCH	NOT_RESET	NOT_WAYPOINT	-290.032	1.8	-279.9266	0	0.7041136	0	0.7100874	19.14488	10.66055	8.308764	-257.9366	1.8	-296.459	
374.3128	COLLISION_NONE	NOT_SWITCH	NOT_RESET	NOT_WAYPOINT	-290.0792	1.8	-279.6264	0	0.7066007	0	0.7076125	19.18533	10.79653	8.331894	-257.9366	1.8	-296.459	
374.3328	COLLISION_NONE	NOT_SWITCH	NOT_RESET	NOT_WAYPOINT	-290.1234	1.8	-279.3263	0	0.7078404	0	0.7063725	19.14699	10.74122	8.334734	-257.9366	1.8	-296.459	
374.3528	COLLISION_NONE	NOT_SWITCH	NOT_RESET	TRIGGER_WAYPOINT	-290.1669	1.8	-279.0255	0	0.709078	0	0.7051301	19.14915	10.71463	8.343473	-275.5702	1.8	-272.1885	
374.3728	COLLISION_NONE	NOT_SWITCH	NOT_RESET	NOT_WAYPOINT	-290.2099	1.8	-278.7244	0	0.7103146	0	0.7038844	19.18458	10.75626	8.360756	-275.5702	1.8	-272.1885	
374.3928	COLLISION_NONE	NOT_SWITCH	NOT_RESET	NOT_WAYPOINT	-290.2519	1.8	-278.4234	0	0.711551	0	0.7026346	19.22425	10.81306	8.393141	-275.5702	1.8	-272.1885	
374.4128	COLLISION_NONE	NOT_SWITCH	NOT_RESET	NOT_WAYPOINT	-290.2928	1.8	-278.1223	0	0.7140204	0	0.700125	19.235	10.85459	8.40978	-275.5702	1.8	-272.1885	
374.4328	COLLISION_NONE	NOT_SWITCH	NOT_RESET	NOT_WAYPOINT	-290.3315	1.8	-277.8208	0	0.7152533	0	0.6988654	19.27252	10.90823	8.417495	-275.5702	1.8	-272.1885	
374.4528	COLLISION_NONE	NOT_SWITCH	NOT_RESET	NOT_WAYPOINT	-290.34	1.8	-277.5219	0	0.7164845	0	0.697603	19.27429	10.81588	8.387993	-275.5702	1.8	-272.1885	
374.4727	COLLISION_NONE	NOT_SWITCH	NOT_RESET	NOT_WAYPOINT	-290.3043	1.8	-277.2255	0	0.717715	0	0.6963369	19.30886	10.87422	8.423154	-275.5702	1.8	-272.1885	
374.4927	COLLISION_NONE	NOT_SWITCH	NOT_RESET	NOT_WAYPOINT	-290.2209	1.8	-276.9308	0	0.7189431	0	0.6950689	19.2713	10.82971	8.419083	-275.5702	1.8	-272.1885	
374.5127	COLLISION_NONE	NOT_SWITCH	NOT_RESET	NOT_WAYPOINT	-290.0944	1.8	-276.6373	0	0.7213923	0	0.6925267	19.2423	10.78756	8.396109	-275.5702	1.8	-272.1885	
374.5327	COLLISION_NONE	NOT_SWITCH	NOT_RESET	NOT_WAYPOINT	-289.8869	1.8	-276.3459	0	0.7226127	0	0.6912532	19.24407	10.79079	8.409555	-275.5702	1.8	-272.1885	
374.5527	COLLISION_NONE	NOT_SWITCH	NOT_RESET	NOT_WAYPOINT	-289.6345	1.8	-276.0565	0	0.7238319	0	0.6899764	19.29464	10.83806	8.426411	-275.5702	1.8	-272.1885	
374.5727	COLLISION_NONE	NOT_SWITCH	NOT_RESET	NOT_WAYPOINT	-289.3443	1.8	-275.7692	0	0.7250507	0	0.6886955	19.35728	10.94814	8.431417	-275.5702	1.8	-272.1885	
374.5927	COLLISION_NONE	NOT_SWITCH	NOT_RESET	NOT_WAYPOINT	-289.0049	1.8	-275.4851	0	0.7274883	0	0.6861202	19.43463	11.09418	8.479056	-275.5702	1.8	-272.1885	
374.6127	COLLISION_NONE	NOT_SWITCH	NOT_RESET	NOT_WAYPOINT	-288.6358	1.8	-275.2053	0	0.7287054	0	0.6848273	19.436	11.07456	8.463696	-275.5702	1.8	-272.1885	
374.6327	COLLISION_NONE	NOT_SWITCH	NOT_RESET	NOT_WAYPOINT	-288.2723	1.8	-274.926	0	0.7299207	0	0.6835318	19.45126	11.13852	8.453519	-275.5702	1.8	-272.1885	
374.6526	COLLISION_NONE	NOT_SWITCH	NOT_RESET	NOT_WAYPOINT	-287.9099	1.8	-274.6476	0	0.7311338	0	0.6822341	19.4449	11.09997	8.439283	-275.5702	1.8	-272.1885	
374.6726	COLLISION_NONE	NOT_SWITCH	NOT_RESET	NOT_WAYPOINT	-287.5471	1.8	-274.3704	0	0.732345	0	0.6809338	19.47402	11.16851	8.431584	-275.5702	1.8	-272.1885	
374.6926	COLLISION_NONE	NOT_SWITCH	NOT_RESET	NOT_WAYPOINT	-287.1834	1.8	-274.0945	0	0.7347583	0	0.6783291	19.45153	11.20918	8.433366	-275.5702	1.8	-272.1885	
374.7126	COLLISION_NONE	NOT_SWITCH	NOT_RESET	NOT_WAYPOINT	-286.8178	1.8	-273.8221	0	0.735961	0	0.6770239	19.42135	11.17191	8.442184	-275.5702	1.8	-272.1885	
374.7326	COLLISION_NONE	NOT_SWITCH	NOT_RESET	NOT_WAYPOINT	-286.4508	1.8	-273.5501	0	0.7371622	0	0.6757159	19.46029	11.25345	8.454482	-275.5702	1.8	-272.1885	
374.7526	COLLISION_NONE	NOT_SWITCH	NOT_RESET	NOT_WAYPOINT	-286.0832	1.8	-273.2794	0	0.7383625	0	0.6744041	19.50188	11.33462	8.490277	-275.5702	1.8	-272.1885	
374.7726	COLLISION_NONE	NOT_SWITCH	NOT_RESET	NOT_WAYPOINT	-285.7146	1.8	-273.0101	0	0.7395626	0	0.6730878	19.56116	11.41126	8.496006	-275.5702	1.8	-272.1885	
374.7926	COLLISION_NONE	NOT_SWITCH	NOT_RESET	NOT_WAYPOINT	-285.3451	1.8	-272.742	0	0.7419618	0	0.6704422	19.63727	11.57113	8.542025	-275.5702	1.8	-272.1885	
374.8126	COLLISION_NONE	NOT_SWITCH	NOT_RESET	NOT_WAYPOINT	-284.9738	1.8	-272.4774	0	0.7431599	0	0.6691139	19.65329	11.54786	8.499877	-275.5702	1.8	-272.1885	
374.8326	COLLISION_NONE	NOT_SWITCH	NOT_RESET	NOT_WAYPOINT	-284.6011	1.8	-272.2134	0	0.7443565	0	0.6677825	19.68108	11.62453	8.499078	-275.5702	1.8	-272.1885	
374.8525	COLLISION_NONE	NOT_SWITCH	NOT_RESET	NOT_WAYPOINT	-284.2277	1.8	-271.9507	0	0.7455498	0	0.66645	19.68339	11.67153	8.496599	-275.5702	1.8	-272.1885	
374.8725	COLLISION_NONE	NOT_SWITCH	NOT_RESET	NOT_WAYPOINT	-283.8534	1.8	-271.6892	0	0.7467408	0	0.6651152	19.64972	11.65044	8.49571	-275.5702	1.8	-272.1885	
374.8925	COLLISION_NONE	NOT_SWITCH	NOT_RESET	NOT_WAYPOINT	-283.4782	1.8	-271.4292	0	0.7491137	0	0.6624415	19.64767	11.69824	8.51469	-275.5702	1.8	-272.1885	
374.9125	COLLISION_NONE	NOT_SWITCH	NOT_RESET	NOT_WAYPOINT	-283.1013	1.8	-271.1726	0	0.750297	0	0.6611009	19.63278	11.69264	8.526374	-275.5702	1.8	-272.1885	
374.9325	COLLISION_NONE	NOT_SWITCH	NOT_RESET	NOT_WAYPOINT	-282.7287	1.8	-270.9372	0	0.7514786	0	0.6597576	19.6604	11.77225	8.534492	-275.5702	1.8	-272.1885	
374.9525	COLLISION_NONE	NOT_SWITCH	NOT_RESET	NOT_WAYPOINT	-282.3613	1.8	-270.7196	0	0.7526591	0	0.6584104	19.70324	11.85457	8.567855	-275.5702	1.8	-272.1885	
374.9725	COLLISION_NONE	NOT_SWITCH	NOT_RESET	NOT_WAYPOINT	-282.0093	1.8	-270.5182	0	0.7538382	0	0.6570601	19.70697	11.86135	8.571857	-275.5702	1.8	-272.1885	
374.9925	COLLISION_NONE	NOT_SWITCH	NOT_RESET	NOT_WAYPOINT	-281.6752	1.8	-270.3301	0	0.7561908	0	0.6543512	19.71541	11.83765	8.583925	-275.5702	1.8	-272.1885	
375.0125	COLLISION_NONE	NOT_SWITCH	NOT_RESET	NOT_WAYPOINT	-281.3581	1.8	-270.1534	0	0.7573647	0	0.6529922	19.73137	11.81831	8.600286	-275.5702	1.8	-272.1885	
375.0324	COLLISION_NONE	NOT_SWITCH	NOT_RESET	NOT_WAYPOINT	-281.0661	1.8	-269.9942	0	0.7585351	0	0.6516321	19.67407	11.68528	8.575227	-275.5702	1.8	-272.1885	
375.0524	COLLISION_NONE	NOT_SWITCH	NOT_RESET	NOT_WAYPOINT	-280.8242	1.8	-269.8698	0	0.7597016	0	0.6502719	19.67407	11.68528	8.575227	-275.5702	1.8	-272.1885	
375.0724	COLLISION_NONE	NOT_SWITCH	NOT_RESET	NOT_WAYPOINT	-280.6821	1.8	-269.8146	0	0.7608647	0	0.6489105	19.60185	11.55969	8.589823	-275.5702	1.8	-272.1885	
375.0924	COLLISION_NONE	NOT_SWITCH	NOT_RESET	NOT_WAYPOINT	-280.6407	1.8	-269.8275	0	0.7631777	0	0.6461887	19.50112	11.47054	8.59532	-275.5702	1.8	-272.1885	
375.1124	COLLISION_NONE	NOT_SWITCH	NOT_RESET	NOT_WAYPOINT	-280.7925	1.8	-269.9744	0	0.7643281	0	0.6448276	19.48876	11.47912	8.613795	-275.5702	1.8	-272.1885	
375.1324	COLLISION_NONE	NOT_SWITCH	NOT_RESET	NOT_WAYPOINT	-281.0415	1.8	-270.1878	0	0.7654756	0	0.6434649	19.46563	11.42006	8.612012	-275.5702	1.8	-272.1885	
375.1524	COLLISION_NONE	NOT_SWITCH	NOT_RESET	NOT_WAYPOINT	-281.3414	1.8	-270.4345	0	0.76662	0	0.642101	19.42905	11.37401	8.622612	-275.5702	1.8	-272.1885	
375.1724	COLLISION_NONE	NOT_SWITCH	NOT_RESET	NOT_WAYPOINT	-281.6422	1.8	-270.6804	0	0.7677611	0	0.6407362	19.41588	11.38103	8.617192	-275.5702	1.8	-272.1885	
375.1924	COLLISION_NONE	NOT_SWITCH	NOT_RESET	NOT_WAYPOINT	-281.9438	1.8	-270.9252	0	0.7700353	0	0.6380013	19.39879	11.38188	8.645962	-275.5702	1.8	-272.1885	
375.2123	COLLISION_NONE	NOT_SWITCH	NOT_RESET	NOT_WAYPOINT	-282.2472	1.8	-271.167	0	0.7711687	0	0.6366309	19.40685	11.44751	8.671997	-275.5702	1.8	-272.1885	
375.2323	COLLISION_NONE	NOT_SWITCH	NOT_RESET	NOT_WAYPOINT	-282.5516	1.8	-271.4086	0	0.772299	0	0.6352592	19.37288	11.39503	8.676923	-275.5702	1.8	-272.1885	
375.2523	COLLISION_NONE	NOT_SWITCH	NOT_RESET	NOT_WAYPOINT	-282.8567	1.8	-271.649	0	0.7734261	0	0.6338865	19.36278	11.40875	8.652787	-275.5702	1.8	-272.1885	
375.2723	COLLISION_NONE	NOT_SWITCH	NOT_RESET	NOT_WAYPOINT	-283.1626	1.8	-271.8884	0	0.7756678	0	0.6311415	19.26933	11.23312	8.625245	-275.5702	1.8	-272.1885	
375.2923	COLLISION_NONE	NOT_SWITCH	NOT_RESET	NOT_WAYPOINT	-283.4702	1.8	-272.1248	0	0.7767837	0	0.6297676	19.278	11.25058	8.639087	-275.5702	1.8	-272.1885	
375.3123	COLLISION_NONE	NOT_SWITCH	NOT_RESET	NOT_WAYPOINT	-283.7789	1.8	-272.361	0	0.7778972	0	0.6283914	19.28513	11.23725	8.628469	-275.5702	1.8	-272.1885	
375.3323	COLLISION_NONE	NOT_SWITCH	NOT_RESET	NOT_WAYPOINT	-284.0882	1.8	-272.596	0	0.7790092	0	0.6270126	19.32694	11.24038	8.62457	-275.5702	1.8	-272.1885	
375.3523	COLLISION_NONE	NOT_SWITCH	NOT_RESET	NOT_WAYPOINT	-284.3983	1.8	-272.83	0	0.7801195	0	0.6256306	19.33387	11.23675	8.655745	-275.5702	1.8	-272.1885	
375.3723	COLLISION_NONE	NOT_SWITCH	NOT_RESET	NOT_WAYPOINT	-284.7092	1.8	-273.0628	0	0.7823346	0	0.6228585	19.34486	11.28305	8.659653	-275.5702	1.8	-272.1885	
375.3922	COLLISION_NONE	NOT_SWITCH	NOT_RESET	NOT_WAYPOINT	-285.0218	1.8	-273.2927	0	0.7834374	0	0.6214707	19.29686	11.24755	8.644131	-275.5702	1.8	-272.1885	
375.4122	COLLISION_NONE	NOT_SWITCH	NOT_RESET	NOT_WAYPOINT	-285.3354	1.8	-273.5222	0	0.7845369	0	0.6200821	19.28718	11.24298	8.624008	-275.5702	1.8	-272.1885	
375.4322	COLLISION_NONE	NOT_SWITCH	NOT_RESET	NOT_WAYPOINT	-285.6497	1.8	-273.7506	0	0.7856326	0	0.6186932	19.25697	11.17295	8.596622	-275.5702	1.8	-272.1885	
375.4522	COLLISION_NONE	NOT_SWITCH	NOT_RESET	NOT_WAYPOINT	-285.9647	1.8	-273.9779	0	0.7867258	0	0.6173027	19.2817	11.24215	8.610269	-275.5702	1.8	-272.1885	
375.4722	COLLISION_NONE	NOT_SWITCH	NOT_RESET	NOT_WAYPOINT	-286.2585	1.8	-274.209	0	0.7889049	0	0.6145153	19.29647	11.22992	8.629287	-275.5702	1.8	-272.1885	
375.4922	COLLISION_NONE	NOT_SWITCH	NOT_RESET	NOT_WAYPOINT	-286.5102	1.8	-274.4471	0	0.7899911	0	0.6131184	19.27387	11.19694	8.642375	-275.5702	1.8	-272.1885	
375.5122	COLLISION_NONE	NOT_SWITCH	NOT_RESET	NOT_WAYPOINT	-286.7411	1.8	-274.6892	0	0.7910756	0	0.6117184	19.30203	11.23446	8.66707	-275.5702	1.8	-272.1885	
375.5322	COLLISION_NONE	NOT_SWITCH	NOT_RESET	NOT_WAYPOINT	-286.9513	1.8	-274.9353	0	0.7921584	0	0.6103156	19.32168	11.24234	8.665359	-275.5702	1.8	-272.1885	
375.5522	COLLISION_NONE	NOT_SWITCH	NOT_RESET	NOT_WAYPOINT	-287.141	1.8	-275.1858	0	0.7932399	0	0.6089093	19.35081	11.2809	8.675836	-275.5702	1.8	-272.1885	
375.5721	COLLISION_NONE	NOT_SWITCH	NOT_RESET	NOT_WAYPOINT	-287.3169	1.8	-275.4387	0	0.7953973	0	0.6060885	19.38405	11.30185	8.665163	-275.5702	1.8	-272.1885	
375.5921	COLLISION_NONE	NOT_SWITCH	NOT_RESET	NOT_WAYPOINT	-287.4757	1.8	-275.6934	0	0.7964726	0	0.6046748	19.36047	11.24348	8.655974	-275.5702	1.8	-272.1885	
375.6121	COLLISION_NONE	NOT_SWITCH	NOT_RESET	NOT_WAYPOINT	-287.6331	1.8	-275.9461	0	0.7975454	0	0.603259	19.35368	11.24392	8.650227	-275.5702	1.8	-272.1885	
375.6321	COLLISION_NONE	NOT_SWITCH	NOT_RESET	NOT_WAYPOINT	-287.7871	1.8	-276.1981	0	0.7986156	0	0.6018415	19.368	11.27707	8.638175	-275.5702	1.8	-272.1885	
375.6521	COLLISION_NONE	NOT_SWITCH	NOT_RESET	NOT_WAYPOINT	-287.9359	1.8	-276.4509	0	0.7996837	0	0.6004216	19.39823	11.34961	8.636436	-275.5702	1.8	-272.1885	
375.6721	COLLISION_NONE	NOT_SWITCH	NOT_RESET	NOT_WAYPOINT	-288.0784	1.8	-276.7062	0	0.8018116	0	0.5975768	19.39622	11.36151	8.644433	-275.5702	1.8	-272.1885	
375.6921	COLLISION_NONE	NOT_SWITCH	NOT_RESET	NOT_WAYPOINT	-288.2083	1.8	-276.9691	0	0.802872	0	0.5961516	19.37708	11.31464	8.63765	-275.5702	1.8	-272.1885	
375.7121	COLLISION_NONE	NOT_SWITCH	NOT_RESET	NOT_WAYPOINT	-288.3373	1.8	-277.237	0	0.80393	0	0.5947238	19.39006	11.3466	8.662859	-275.5702	1.8	-272.1885	
375.7321	COLLISION_NONE	NOT_SWITCH	NOT_RESET	NOT_WAYPOINT	-288.4669	1.8	-277.5052	0	0.804987	0	0.5932925	19.41862	11.39265	8.698847	-275.5702	1.8	-272.1885	
375.752	COLLISION_NONE	NOT_SWITCH	NOT_RESET	NOT_WAYPOINT	-288.5973	1.8	-277.7728	0	0.8060426	0	0.5918576	19.41862	11.39265	8.698847	-275.5702	1.8	-272.1885	
375.772	COLLISION_NONE	NOT_SWITCH	NOT_RESET	NOT_WAYPOINT	-288.7287	1.8	-278.0399	0	0.8081484	0	0.5889789	19.49552	11.51526	8.714354	-275.5702	1.8	-272.1885	
375.792	COLLISION_NONE	NOT_SWITCH	NOT_RESET	NOT_WAYPOINT	-288.8618	1.8	-278.3058	0	0.8091979	0	0.5875362	19.47554	11.47821	8.692322	-275.5702	1.8	-272.1885	
375.812	COLLISION_NONE	NOT_SWITCH	NOT_RESET	NOT_WAYPOINT	-288.9621	1.8	-278.5804	0	0.8102452	0	0.586091	19.50268	11.5847	8.696191	-275.5702	1.8	-272.1885	
375.832	COLLISION_NONE	NOT_SWITCH	NOT_RESET	NOT_WAYPOINT	-289.002	1.8	-278.874	0	0.8112891	0	0.5846453	19.45509	11.5575	8.691602	-275.5702	1.8	-272.1885	
375.852	COLLISION_NONE	NOT_SWITCH	NOT_RESET	NOT_WAYPOINT	-288.9541	1.8	-279.1974	0	0.8133678	0	0.5817499	19.43337	11.60583	8.711957	-275.5702	1.8	-272.1885	
375.872	COLLISION_NONE	NOT_SWITCH	NOT_RESET	NOT_WAYPOINT	-288.7823	1.8	-279.5668	0	0.8144035	0	0.580299	19.47891	11.68705	8.730276	-275.5702	1.8	-272.1885	
375.892	COLLISION_NONE	NOT_SWITCH	NOT_RESET	NOT_WAYPOINT	-288.6239	1.8	-279.9319	0	0.8154367	0	0.5788462	19.45698	11.61442	8.730891	-275.5702	1.8	-272.1885	
375.912	COLLISION_NONE	NOT_SWITCH	NOT_RESET	NOT_WAYPOINT	-288.4696	1.8	-280.295	0	0.816468	0	0.5773907	19.49271	11.67639	8.734381	-275.5702	1.8	-272.1885	
375.9319	COLLISION_NONE	NOT_SWITCH	NOT_RESET	NOT_WAYPOINT	-288.3165	1.8	-280.6561	0	0.8174978	0	0.5759318	19.51351	11.72123	8.775177	-275.5702	1.8	-272.1885	
375.9519	COLLISION_NONE	NOT_SWITCH	NOT_RESET	NOT_WAYPOINT	-288.1663	1.8	-281.0164	0	0.8195521	0	0.5730047	19.55321	11.81604	8.751801	-275.5702	1.8	-272.1885	
375.9719	COLLISION_NONE	NOT_SWITCH	NOT_RESET	NOT_WAYPOINT	-288.0184	1.8	-281.3904	0	0.8205766	0	0.5715366	19.59885	11.84381	8.75583	-275.5702	1.8	-272.1885	
375.9919	COLLISION_NONE	NOT_SWITCH	NOT_RESET	NOT_WAYPOINT	-287.8713	1.8	-281.7594	0	0.8215982	0	0.570067	19.55497	11.78117	8.749288	-275.5702	1.8	-272.1885	
376.0119	COLLISION_NONE	NOT_SWITCH	NOT_RESET	NOT_WAYPOINT	-287.7256	1.8	-282.1284	0	0.8226175	0	0.5685952	19.58917	11.84823	8.739266	-275.5702	1.8	-272.1885	
376.0319	COLLISION_NONE	NOT_SWITCH	NOT_RESET	NOT_WAYPOINT	-287.5811	1.8	-282.4979	0	0.823633	0	0.5671231	19.53455	11.76767	8.702812	-275.5702	1.8	-272.1885	
376.0519	COLLISION_NONE	NOT_SWITCH	NOT_RESET	NOT_WAYPOINT	-287.4179	1.8	-282.8752	0	0.8256546	0	0.564176	19.50228	11.74534	8.693934	-275.5702	1.8	-272.1885	
376.0719	COLLISION_NONE	NOT_SWITCH	NOT_RESET	NOT_WAYPOINT	-287.2168	1.8	-283.2708	0	0.8266603	0	0.5627012	19.51788	11.79996	8.691514	-275.5702	1.8	-272.1885	
376.0919	COLLISION_NONE	NOT_SWITCH	NOT_RESET	NOT_WAYPOINT	-287.0174	1.8	-283.6648	0	0.8276638	0	0.5612242	19.54255	11.80955	8.696266	-275.5702	1.8	-272.1885	
376.1118	COLLISION_NONE	NOT_SWITCH	NOT_RESET	NOT_WAYPOINT	-286.8086	1.8	-284.0653	0	0.8286653	0	0.5597444	19.57005	11.84484	8.693533	-275.5702	1.8	-272.1885	
376.1318	COLLISION_NONE	NOT_SWITCH	NOT_RESET	NOT_WAYPOINT	-286.6004	1.8	-284.4672	0	0.8296647	0	0.5582621	19.57288	11.84994	8.70797	-275.5702	1.8	-272.1885	
376.1518	COLLISION_NONE	NOT_SWITCH	NOT_RESET	NOT_WAYPOINT	-286.3936	1.8	-284.8694	0	0.8316568	0	0.55529	19.59177	11.90372	8.747968	-275.5702	1.8	-272.1885	
376.1718	COLLISION_NONE	NOT_SWITCH	NOT_RESET	NOT_WAYPOINT	-286.1904	1.8	-285.2728	0	0.8326494	0	0.5538006	19.58041	11.91093	8.747052	-275.5702	1.8	-272.1885	
376.1918	COLLISION_NONE	NOT_SWITCH	NOT_RESET	NOT_WAYPOINT	-285.9879	1.8	-285.6775	0	0.8336386	0	0.5523103	19.5562	11.86159	8.718566	-275.5702	1.8	-272.1885	
376.2118	COLLISION_NONE	NOT_SWITCH	NOT_RESET	NOT_WAYPOINT	-285.7868	1.8	-286.0827	0	0.8346257	0	0.5508175	19.60138	11.93436	8.725924	-275.5702	1.8	-272.1885	
376.2318	COLLISION_NONE	NOT_SWITCH	NOT_RESET	NOT_WAYPOINT	-285.5872	1.8	-286.4885	0	0.8356094	0	0.5493241	19.55129	11.91269	8.722934	-275.5702	1.8	-272.1885	
376.2518	COLLISION_NONE	NOT_SWITCH	NOT_RESET	NOT_WAYPOINT	-285.389	1.8	-286.895	0	0.8375713	0	0.5463281	19.61923	12.04821	8.745054	-275.5702	1.8	-272.1885	
376.2718	COLLISION_NONE	NOT_SWITCH	NOT_RESET	NOT_WAYPOINT	-285.1945	1.8	-287.3027	0	0.838549	0	0.5448262	19.65617	12.09956	8.725739	-275.5702	1.8	-272.1885	
376.2917	COLLISION_NONE	NOT_SWITCH	NOT_RESET	NOT_WAYPOINT	-285.0009	1.8	-287.7117	0	0.8395252	0	0.5433207	19.69912	12.18726	8.750222	-275.5702	1.8	-272.1885	
376.3117	COLLISION_NONE	NOT_SWITCH	NOT_RESET	NOT_WAYPOINT	-284.8085	1.8	-288.1211	0	0.8405002	0	0.5418113	19.73968	12.23412	8.760692	-275.5702	1.8	-272.1885	
376.3317	COLLISION_NONE	NOT_SWITCH	NOT_RESET	NOT_WAYPOINT	-284.6197	1.8	-288.5284	0	0.8414742	0	0.5402973	19.79117	12.32197	8.795845	-275.5702	1.8	-272.1885	
376.3517	COLLISION_NONE	NOT_SWITCH	NOT_RESET	TRIGGER_WAYPOINT	-284.4326	1.8	-288.9341	0	0.8434197	0	0.5372553	19.88715	12.43613	8.834665	-275.5702	1.8	-302.1885	
