#Walking Trial Path#
#TimeStamp#	#Collision Event#	#Mode Switch Event#	#Reset Event#	#Waypoint Event#	#PositionX#	#PositionY#	#PositionZ#	#OrientationX#	#OrientationY#	#OrientationZ#	#OrientationW#	#HeadOrientationX#	#HeadOrientationY#	#HeadOrientationZ#	#WayPointX#	#WayPointY#	#WayPointZ#	
633.6758	COLLISION_NONE	CORRECT_SWITCH	NOT_RESET	NOT_WAYPOINT	-312.7768	10.20732	296.834	0	0	0	1	3.955059	12.10562	2.659251	-315	1.264581	296.4224	
633.6959	COLLISION_NONE	NOT_SWITCH	NOT_RESET	NOT_WAYPOINT	-312.7996	10.11706	297.0211	0	0	0	1	3.90398	12.16048	2.646729	-315	1.264581	296.4224	
633.7159	COLLISION_NONE	NOT_SWITCH	NOT_RESET	NOT_WAYPOINT	-312.8448	9.938618	297.3899	0	0	0	1	3.960922	12.30437	2.646583	-315	1.264581	296.4224	
633.7359	COLLISION_NONE	NOT_SWITCH	NOT_RESET	NOT_WAYPOINT	-312.881	9.824375	297.6862	0	0	0	1	3.942699	12.28434	2.655835	-315	1.264581	296.4224	
633.7559	COLLISION_NONE	NOT_SWITCH	NOT_RESET	NOT_WAYPOINT	-312.9263	9.638496	298.0556	0	0	0	1	3.97324	12.33065	2.644526	-315	1.264581	296.4224	
633.7759	COLLISION_NONE	NOT_SWITCH	NOT_RESET	NOT_WAYPOINT	-312.9626	9.517378	298.3529	0	0	0	1	3.994354	12.37176	2.680984	-315	1.264581	296.4224	
633.796	COLLISION_NONE	NOT_SWITCH	NOT_RESET	NOT_WAYPOINT	-313.008	9.32431	298.7231	0	0	0	1	3.986435	12.41288	2.680097	-315	1.264581	296.4224	
633.816	COLLISION_NONE	NOT_SWITCH	NOT_RESET	NOT_WAYPOINT	-313.0356	9.260791	298.9491	0	0	0	1	4.000584	12.46489	2.690761	-315	1.264581	296.4224	
633.836	COLLISION_NONE	NOT_SWITCH	NOT_RESET	NOT_WAYPOINT	-313.0723	9.126557	299.2491	0	0	0	1	3.970432	12.40913	2.695661	-315	1.264581	296.4224	
633.856	COLLISION_NONE	NOT_SWITCH	NOT_RESET	NOT_WAYPOINT	-313.1185	8.925304	299.6262	0	0	0	1	3.969967	12.41447	2.681819	-315	1.264581	296.4224	
633.876	COLLISION_NONE	NOT_SWITCH	NOT_RESET	NOT_WAYPOINT	-313.1553	8.784288	299.9271	0	0	0	1	3.904339	12.41299	2.668278	-315	1.264581	296.4224	
633.8961	COLLISION_NONE	NOT_SWITCH	NOT_RESET	NOT_WAYPOINT	-313.1965	8.733198	300.2621	0	0	0	1	3.93438	12.50807	2.680088	-315	1.264581	296.4224	
633.9161	COLLISION_NONE	NOT_SWITCH	NOT_RESET	NOT_WAYPOINT	-313.2271	8.492649	300.5137	0	0	0	1	3.925156	12.54425	2.699752	-315	1.264581	296.4224	
633.9361	COLLISION_NONE	NOT_SWITCH	NOT_RESET	NOT_WAYPOINT	-313.262	8.342179	300.799	0	0	0	1	3.957619	12.59076	2.730912	-315	1.264581	296.4224	
633.9561	COLLISION_NONE	NOT_SWITCH	NOT_RESET	NOT_WAYPOINT	-313.2962	8.287522	301.0781	0	0	0	1	3.986694	12.68513	2.753655	-315	1.264581	296.4224	
633.9761	COLLISION_NONE	NOT_SWITCH	NOT_RESET	NOT_WAYPOINT	-313.3303	8.12887	301.3563	0	0	0	1	3.995945	12.67322	2.768302	-315	1.264581	296.4224	
633.9962	COLLISION_NONE	NOT_SWITCH	NOT_RESET	NOT_WAYPOINT	-313.3624	8.064847	301.6181	0	0	0	1	4.03075	12.68824	2.786413	-315	1.264581	296.4224	
634.0162	COLLISION_NONE	NOT_SWITCH	NOT_RESET	NOT_WAYPOINT	-313.3965	7.793733	301.8988	0	0	0	1	3.990135	12.6235	2.803267	-315	1.264581	296.4224	
634.0362	COLLISION_NONE	NOT_SWITCH	NOT_RESET	NOT_WAYPOINT	-313.4294	7.617851	302.1673	0	0	0	1	4.027161	12.67359	2.818199	-315	1.264581	296.4224	
634.0562	COLLISION_NONE	NOT_SWITCH	NOT_RESET	NOT_WAYPOINT	-313.4599	7.536033	302.4163	0	0	0	1	3.99308	12.58315	2.832942	-315	1.264581	296.4224	
634.0762	COLLISION_NONE	NOT_SWITCH	NOT_RESET	NOT_WAYPOINT	-313.4912	7.350545	302.6734	0	0	0	1	3.911598	12.57523	2.875194	-315	1.264581	296.4224	
634.0963	COLLISION_NONE	NOT_SWITCH	NOT_RESET	NOT_WAYPOINT	-313.5194	7.355055	302.9024	0	0	0	1	3.936649	12.61076	2.873539	-315	1.264581	296.4224	
634.1163	COLLISION_NONE	NOT_SWITCH	NOT_RESET	NOT_WAYPOINT	-313.5488	7.256191	303.1426	0	0	0	1	3.883778	12.54502	2.900515	-315	1.264581	296.4224	
634.1363	COLLISION_NONE	NOT_SWITCH	NOT_RESET	NOT_WAYPOINT	-313.5746	7.057382	303.3548	0	0	0	1	3.890514	12.58172	2.895859	-315	1.264581	296.4224	
634.1563	COLLISION_NONE	NOT_SWITCH	NOT_RESET	NOT_WAYPOINT	-313.6033	6.952173	303.5885	0	0	0	1	3.95343	12.66181	2.930665	-315	1.264581	296.4224	
634.1763	COLLISION_NONE	NOT_SWITCH	NOT_RESET	NOT_WAYPOINT	-313.6205	6.879095	303.7298	0	0	0	1	4.04483	12.73589	2.940068	-315	1.264581	296.4224	
634.1964	COLLISION_NONE	NOT_SWITCH	NOT_RESET	NOT_WAYPOINT	-313.6609	6.734301	304.0591	0	0	0	1	4.122581	12.77799	2.960723	-315	1.264581	296.4224	
634.2164	COLLISION_NONE	NOT_SWITCH	NOT_RESET	NOT_WAYPOINT	-313.69	6.623748	304.2968	0	0	0	1	4.08028	12.70617	2.955222	-315	1.264581	296.4224	
634.2364	COLLISION_NONE	NOT_SWITCH	NOT_RESET	NOT_WAYPOINT	-313.7086	6.560112	304.4491	0	0	0	1	4.11549	12.72645	2.937295	-315	1.264581	296.4224	
634.2564	COLLISION_NONE	NOT_SWITCH	NOT_RESET	NOT_WAYPOINT	-313.738	6.445427	304.6889	0	0	0	1	4.064442	12.65884	2.933687	-315	1.264581	296.4224	
634.2764	COLLISION_NONE	NOT_SWITCH	NOT_RESET	NOT_WAYPOINT	-313.757	6.380823	304.8452	0	0	0	1	4.051384	12.69765	2.915065	-315	1.264581	296.4224	
634.2964	COLLISION_NONE	NOT_SWITCH	NOT_RESET	NOT_WAYPOINT	-313.7974	6.208712	305.1738	0	0	0	1	4.086491	12.756	2.890335	-315	1.264581	296.4224	
634.3165	COLLISION_NONE	NOT_SWITCH	NOT_RESET	NOT_WAYPOINT	-313.8274	6.085967	305.4184	0	0	0	1	4.058369	12.6865	2.890979	-315	1.264581	296.4224	
634.3365	COLLISION_NONE	NOT_SWITCH	NOT_RESET	NOT_WAYPOINT	-313.8473	6.016221	305.5814	0	0	0	1	4.087879	12.74814	2.884591	-315	1.264581	296.4224	
634.3565	COLLISION_NONE	NOT_SWITCH	NOT_RESET	NOT_WAYPOINT	-313.8779	5.892853	305.8306	0	0	0	1	4.113892	12.78429	2.909984	-315	1.264581	296.4224	
634.3765	COLLISION_NONE	NOT_SWITCH	NOT_RESET	NOT_WAYPOINT	-313.8981	5.818533	305.9957	0	0	0	1	4.12822	12.87351	2.872558	-315	1.264581	296.4224	
634.3965	COLLISION_NONE	NOT_SWITCH	NOT_RESET	NOT_WAYPOINT	-313.9411	5.661864	306.3451	0	0	0	1	4.13102	12.86725	2.837444	-315	1.264581	296.4224	
634.4166	COLLISION_NONE	NOT_SWITCH	NOT_RESET	NOT_WAYPOINT	-313.9728	5.542024	306.6039	0	0	0	1	4.048309	12.78153	2.797023	-315	1.264581	296.4224	
634.4366	COLLISION_NONE	NOT_SWITCH	NOT_RESET	NOT_WAYPOINT	-313.9936	5.462305	306.7736	0	0	0	1	4.007076	12.76356	2.764173	-315	1.264581	296.4224	
634.4566	COLLISION_NONE	NOT_SWITCH	NOT_RESET	NOT_WAYPOINT	-314.0067	5.456511	306.881	0	0	0	1	3.896946	12.64967	2.742181	-315	1.264581	296.4224	
634.4766	COLLISION_NONE	NOT_SWITCH	NOT_RESET	NOT_WAYPOINT	-314.0276	5.369437	307.0515	0	0	0	1	3.755562	12.53052	2.676768	-315	1.264581	296.4224	
634.4966	COLLISION_NONE	NOT_SWITCH	NOT_RESET	NOT_WAYPOINT	-314.034	5.43516	307.1039	0	0	0	1	3.711586	12.4915	2.636216	-315	1.264581	296.4224	
634.5167	COLLISION_NONE	NOT_SWITCH	NOT_RESET	NOT_WAYPOINT	-314.0478	5.417563	307.2168	0	0	0	1	3.64719	12.41011	2.63116	-315	1.264581	296.4224	
634.5367	COLLISION_NONE	NOT_SWITCH	NOT_RESET	NOT_WAYPOINT	-314.0691	5.317392	307.3911	0	0	0	1	3.638016	12.40936	2.631423	-315	1.264581	296.4224	
634.5567	COLLISION_NONE	NOT_SWITCH	NOT_RESET	NOT_WAYPOINT	-314.0831	5.293355	307.506	0	0	0	1	3.620338	12.40178	2.671308	-315	1.264581	296.4224	
634.5767	COLLISION_NONE	NOT_SWITCH	NOT_RESET	NOT_WAYPOINT	-314.1046	5.186046	307.6814	0	0	0	1	3.615883	12.36217	2.679759	-315	1.264581	296.4224	
634.5967	COLLISION_NONE	NOT_SWITCH	NOT_RESET	NOT_WAYPOINT	-314.1116	5.231592	307.7389	0	0	0	1	3.672108	12.39143	2.672429	-315	1.264581	296.4224	
634.6168	COLLISION_NONE	NOT_SWITCH	NOT_RESET	NOT_WAYPOINT	-314.1261	5.194081	307.8571	0	0	0	1	3.639286	12.33659	2.668839	-315	1.264581	296.4224	
634.6368	COLLISION_NONE	NOT_SWITCH	NOT_RESET	NOT_WAYPOINT	-314.1482	5.075142	308.0381	0	0	0	1	3.632336	12.3657	2.6719	-315	1.264581	296.4224	
634.6568	COLLISION_NONE	NOT_SWITCH	NOT_RESET	NOT_WAYPOINT	-314.1628	5.030747	308.1577	0	0	0	1	3.608398	12.30119	2.710286	-315	1.264581	296.4224	
634.6768	COLLISION_NONE	NOT_SWITCH	NOT_RESET	NOT_WAYPOINT	-314.1934	4.826665	308.4067	0	0	0	1	3.582584	12.22694	2.729958	-315	1.264581	296.4224	
634.6968	COLLISION_NONE	NOT_SWITCH	NOT_RESET	NOT_WAYPOINT	-314.2161	4.695836	308.5927	0	0	0	1	3.606861	12.23388	2.733626	-315	1.264581	296.4224	
634.7169	COLLISION_NONE	NOT_SWITCH	NOT_RESET	NOT_WAYPOINT	-314.2313	4.639141	308.7166	0	0	0	1	3.632198	12.22441	2.758911	-315	1.264581	296.4224	
634.7369	COLLISION_NONE	NOT_SWITCH	NOT_RESET	NOT_WAYPOINT	-314.2587	4.573209	308.9398	0	0	0	1	3.678814	12.26564	2.766874	-315	1.264581	296.4224	
634.7569	COLLISION_NONE	NOT_SWITCH	NOT_RESET	NOT_WAYPOINT	-314.2739	4.513418	309.0641	0	0	0	1	3.756279	12.30194	2.82295	-315	1.264581	296.4224	
634.7769	COLLISION_NONE	NOT_SWITCH	NOT_RESET	NOT_WAYPOINT	-314.2716	4.584689	309.0459	0	0	0	1	3.782612	12.26878	2.840894	-315	1.264581	296.4224	
634.7969	COLLISION_NONE	NOT_SWITCH	NOT_RESET	NOT_WAYPOINT	-314.2783	4.58436	309.1007	0	0	0	1	3.81279	12.28965	2.851491	-315	1.264581	296.4224	
634.817	COLLISION_NONE	NOT_SWITCH	NOT_RESET	NOT_WAYPOINT	-314.2942	4.514381	309.2304	0	0	0	1	3.83128	12.26473	2.869265	-315	1.264581	296.4224	
634.837	COLLISION_NONE	NOT_SWITCH	NOT_RESET	NOT_WAYPOINT	-314.3018	4.513988	309.2929	0	0	0	1	3.840816	12.30154	2.884733	-315	1.264581	296.4224	
634.857	COLLISION_NONE	NOT_SWITCH	NOT_RESET	NOT_WAYPOINT	-314.3179	4.437646	309.4244	0	0	0	1	3.821651	12.28831	2.89604	-315	1.264581	296.4224	
634.877	COLLISION_NONE	NOT_SWITCH	NOT_RESET	NOT_WAYPOINT	-314.3181	4.505587	309.4271	0	0	0	1	3.785324	12.23128	2.909287	-315	1.264581	296.4224	
634.897	COLLISION_NONE	NOT_SWITCH	NOT_RESET	NOT_WAYPOINT	-314.3266	4.495098	309.4962	0	0	0	1	3.787518	12.25279	2.909488	-315	1.264581	296.4224	
634.9171	COLLISION_NONE	NOT_SWITCH	NOT_RESET	NOT_WAYPOINT	-314.3434	4.40819	309.6336	0	0	0	1	3.784367	12.22645	2.899912	-315	1.264581	296.4224	
634.9371	COLLISION_NONE	NOT_SWITCH	NOT_RESET	NOT_WAYPOINT	-314.3522	4.39255	309.7058	0	0	0	1	3.808899	12.27387	2.901811	-315	1.264581	296.4224	
634.9571	COLLISION_NONE	NOT_SWITCH	NOT_RESET	NOT_WAYPOINT	-314.3694	4.300003	309.8459	0	0	0	1	3.833385	12.33817	2.909058	-315	1.264581	296.4224	
634.9771	COLLISION_NONE	NOT_SWITCH	NOT_RESET	NOT_WAYPOINT	-314.3705	4.349896	309.8551	0	0	0	1	3.824482	12.2702	2.887256	-315	1.264581	296.4224	
634.9971	COLLISION_NONE	NOT_SWITCH	NOT_RESET	NOT_WAYPOINT	-314.3799	4.322743	309.9322	0	0	0	1	3.845375	12.2999	2.874517	-315	1.264581	296.4224	
635.0172	COLLISION_NONE	NOT_SWITCH	NOT_RESET	NOT_WAYPOINT	-314.3982	4.222644	310.0811	0	0	0	1	3.867523	12.35146	2.846535	-315	1.264581	296.4224	
635.0372	COLLISION_NONE	NOT_SWITCH	NOT_RESET	NOT_WAYPOINT	-314.4078	4.189731	310.1604	0	0	0	1	3.871098	12.32598	2.786578	-315	1.264581	296.4224	
635.0572	COLLISION_NONE	NOT_SWITCH	NOT_RESET	NOT_WAYPOINT	-314.4268	4.088424	310.3156	0	0	0	1	3.862022	12.26565	2.755992	-315	1.264581	296.4224	
635.0772	COLLISION_NONE	NOT_SWITCH	NOT_RESET	NOT_WAYPOINT	-314.4277	4.112617	310.3229	0	0	0	1	3.920116	12.23516	2.711122	-315	1.264581	296.4224	
635.0972	COLLISION_NONE	NOT_SWITCH	NOT_RESET	NOT_WAYPOINT	-314.438	4.069803	310.4074	0	0	0	1	3.95496	12.23513	2.708845	-315	1.264581	296.4224	
635.1172	COLLISION_NONE	WAIT_SWITCH	NOT_RESET	NOT_WAYPOINT	-315	1.8	315	0	0	0	1	4.002693	12.23479	2.730513	-315	1.264581	296.4224	
635.1373	COLLISION_NONE	NOT_SWITCH	NOT_RESET	NOT_WAYPOINT	-315.0161	1.8	315.1309	0	0	0	1	4.06496	12.23555	2.704637	-315	1.264581	296.4224	
635.1573	COLLISION_NONE	NOT_SWITCH	NOT_RESET	NOT_WAYPOINT	-315.0161	1.8	315.1309	0	0	0	1	4.178192	12.23712	2.702076	-315	1.264581	296.4224	
635.1773	COLLISION_NONE	NOT_SWITCH	NOT_RESET	NOT_WAYPOINT	-315.0161	1.8	315.1309	0	0	0	1	4.238731	12.21954	2.69244	-315	1.264581	296.4224	
635.1973	COLLISION_NONE	NOT_SWITCH	NOT_RESET	NOT_WAYPOINT	-315.0161	1.8	315.1309	0	0	0	1	4.301014	12.18179	2.740935	-315	1.264581	296.4224	
635.2173	COLLISION_NONE	NOT_SWITCH	NOT_RESET	NOT_WAYPOINT	-315.0161	1.8	315.1309	0	0	0	1	4.318264	12.15514	2.787899	-315	1.264581	296.4224	
635.2374	COLLISION_NONE	NOT_SWITCH	NOT_RESET	NOT_WAYPOINT	-315.0161	1.8	315.1309	0	0	0	1	4.432442	12.23845	2.831378	-315	1.264581	296.4224	
635.2574	COLLISION_NONE	NOT_SWITCH	NOT_RESET	NOT_WAYPOINT	-315.0161	1.8	315.1309	0	0	0	1	4.42828	12.1651	2.877665	-315	1.264581	296.4224	
635.2774	COLLISION_NONE	NOT_SWITCH	NOT_RESET	NOT_WAYPOINT	-315.0161	1.8	315.1309	0	0	0	1	4.502148	12.2058	3.036156	-315	1.264581	296.4224	
635.2974	COLLISION_NONE	NOT_SWITCH	NOT_RESET	NOT_WAYPOINT	-315.0161	1.8	315.1309	0	0	0	1	4.550213	12.29671	3.110468	-315	1.264581	296.4224	
635.3174	COLLISION_NONE	NOT_SWITCH	NOT_RESET	NOT_WAYPOINT	-315.0161	1.8	315.1309	0	0	0	1	4.585342	12.37104	3.205286	-315	1.264581	296.4224	
635.3375	COLLISION_NONE	NOT_SWITCH	NOT_RESET	NOT_WAYPOINT	-315.0161	1.8	315.1309	0	0	0	1	4.616379	12.49916	3.278372	-315	1.264581	296.4224	
635.3575	COLLISION_NONE	NOT_SWITCH	NOT_RESET	NOT_WAYPOINT	-315.0161	1.8	315.1309	0	0	0	1	4.649803	12.58309	3.315226	-315	1.264581	296.4224	
635.3775	COLLISION_NONE	NOT_SWITCH	NOT_RESET	NOT_WAYPOINT	-315.0161	1.8	315.1309	0	0	0	1	4.619923	12.52424	3.322197	-315	1.264581	296.4224	
635.3975	COLLISION_NONE	NOT_SWITCH	NOT_RESET	NOT_WAYPOINT	-315.0161	1.8	315.1309	0	0	0	1	4.632694	12.53889	3.316633	-315	1.264581	296.4224	
635.4175	COLLISION_NONE	NOT_SWITCH	NOT_RESET	NOT_WAYPOINT	-315.0161	1.8	315.1309	0	0	0	1	4.568008	12.45958	3.311487	-315	1.264581	296.4224	
635.4376	COLLISION_NONE	NOT_SWITCH	NOT_RESET	NOT_WAYPOINT	-315.0161	1.8	315.1309	0	0	0	1	4.539124	12.43417	3.265903	-315	1.264581	296.4224	
635.4576	COLLISION_NONE	NOT_SWITCH	NOT_RESET	NOT_WAYPOINT	-315.0161	1.8	315.1309	0	0	0	1	4.538315	12.41963	3.230175	-315	1.264581	296.4224	
635.4776	COLLISION_NONE	NOT_SWITCH	NOT_RESET	NOT_WAYPOINT	-315.0161	1.8	315.1309	0	0	0	1	4.534901	12.44769	3.207849	-315	1.264581	296.4224	
635.4976	COLLISION_NONE	NOT_SWITCH	NOT_RESET	NOT_WAYPOINT	-315.0161	1.8	315.1309	0	0	0	1	4.506737	12.44043	3.119278	-315	1.264581	296.4224	
635.5176	COLLISION_NONE	NOT_SWITCH	NOT_RESET	NOT_WAYPOINT	-315.0161	1.8	315.1309	0	0	0	1	4.506737	12.44043	3.119278	-315	1.264581	296.4224	
635.5377	COLLISION_NONE	NOT_SWITCH	NOT_RESET	NOT_WAYPOINT	-315.0161	1.8	315.1309	0	0	0	1	4.331028	12.36055	2.973926	-315	1.264581	296.4224	
635.5577	COLLISION_NONE	NOT_SWITCH	NOT_RESET	NOT_WAYPOINT	-315.0161	1.8	315.1309	0	0	0	1	4.274784	12.38118	2.918074	-315	1.264581	296.4224	
635.5777	COLLISION_NONE	NOT_SWITCH	NOT_RESET	NOT_WAYPOINT	-315.0161	1.8	315.1309	0	0	0	1	4.16254	12.29637	2.844262	-315	1.264581	296.4224	
635.5977	COLLISION_NONE	NOT_SWITCH	NOT_RESET	NOT_WAYPOINT	-315.0161	1.8	315.1309	0	0	0	1	4.109016	12.32669	2.784984	-315	1.264581	296.4224	
635.6177	COLLISION_NONE	NOT_SWITCH	NOT_RESET	NOT_WAYPOINT	-315.0161	1.8	315.1309	0	0	0	1	3.982071	12.2708	2.749502	-315	1.264581	296.4224	
635.6378	COLLISION_NONE	NOT_SWITCH	NOT_RESET	NOT_WAYPOINT	-315.0161	1.8	315.1309	0	0	0	1	3.837154	12.21452	2.696205	-315	1.264581	296.4224	
635.6578	COLLISION_NONE	NOT_SWITCH	NOT_RESET	NOT_WAYPOINT	-315.0161	1.8	315.1309	0	0	0	1	3.790882	12.19429	2.683708	-315	1.264581	296.4224	
635.6778	COLLISION_NONE	NOT_SWITCH	NOT_RESET	NOT_WAYPOINT	-315.0161	1.8	315.1309	0	0	0	1	3.744518	12.19855	2.667766	-315	1.264581	296.4224	
635.6978	COLLISION_NONE	NOT_SWITCH	NOT_RESET	NOT_WAYPOINT	-315.0161	1.8	315.1309	0	0	0	1	3.625473	12.14669	2.644353	-315	1.264581	296.4224	
635.7178	COLLISION_NONE	NOT_SWITCH	NOT_RESET	NOT_WAYPOINT	-315.0161	1.8	315.1309	0	0	0	1	3.551678	12.07849	2.598702	-315	1.264581	296.4224	
635.7379	COLLISION_NONE	NOT_SWITCH	NOT_RESET	NOT_WAYPOINT	-315.0161	1.8	315.1309	0	0	0	1	3.28941	11.73771	2.494629	-315	1.264581	296.4224	
635.7579	COLLISION_NONE	NOT_SWITCH	NOT_RESET	NOT_WAYPOINT	-315.0161	1.8	315.1309	0	0	0	1	3.239868	11.64244	2.51028	-315	1.264581	296.4224	
635.7779	COLLISION_NONE	NOT_SWITCH	NOT_RESET	NOT_WAYPOINT	-315.0161	1.8	315.1309	0	0	0	1	3.118664	11.4626	2.51835	-315	1.264581	296.4224	
635.7979	COLLISION_NONE	NOT_SWITCH	NOT_RESET	NOT_WAYPOINT	-315.0161	1.8	315.1309	0	0	0	1	3.063805	11.41427	2.509459	-315	1.264581	296.4224	
635.8179	COLLISION_NONE	NOT_SWITCH	NOT_RESET	NOT_WAYPOINT	-315.0161	1.8	315.1309	0	0	0	1	2.914558	11.28757	2.539481	-315	1.264581	296.4224	
635.838	COLLISION_NONE	NOT_SWITCH	NOT_RESET	NOT_WAYPOINT	-315.0161	1.8	315.1309	0	0	0	1	2.714165	11.18485	2.562257	-315	1.264581	296.4224	
635.858	COLLISION_NONE	NOT_SWITCH	NOT_RESET	NOT_WAYPOINT	-315.0161	1.8	315.1309	0	0	0	1	2.678856	11.21864	2.556167	-315	1.264581	296.4224	
635.878	COLLISION_NONE	NOT_SWITCH	NOT_RESET	NOT_WAYPOINT	-315.0161	1.8	315.1309	0	0	0	1	2.671875	11.24468	2.550344	-315	1.264581	296.4224	
635.898	COLLISION_NONE	NOT_SWITCH	NOT_RESET	NOT_WAYPOINT	-315.0161	1.8	315.1309	0	0	0	1	2.642208	11.24895	2.514508	-315	1.264581	296.4224	
635.918	COLLISION_NONE	NOT_SWITCH	NOT_RESET	NOT_WAYPOINT	-315.0161	1.8	315.1309	0	0	0	1	2.605869	11.22522	2.414438	-315	1.264581	296.4224	
635.938	COLLISION_NONE	NOT_SWITCH	NOT_RESET	NOT_WAYPOINT	-315.0161	1.8	315.1309	0	0	0	1	2.634949	11.18802	2.330391	-315	1.264581	296.4224	
635.9581	COLLISION_NONE	NOT_SWITCH	NOT_RESET	NOT_WAYPOINT	-315.0161	1.8	315.1309	0	0	0	1	2.586647	11.08769	2.296609	-315	1.264581	296.4224	
635.9781	COLLISION_NONE	NOT_SWITCH	NOT_RESET	NOT_WAYPOINT	-315.0161	1.8	315.1309	0	0	0	1	2.580467	11.03559	2.184021	-315	1.264581	296.4224	
635.9981	COLLISION_NONE	NOT_SWITCH	NOT_RESET	NOT_WAYPOINT	-315.0161	1.8	315.1309	0	0	0	1	2.524925	10.91503	2.07736	-315	1.264581	296.4224	
636.0181	COLLISION_NONE	NOT_SWITCH	NOT_RESET	NOT_WAYPOINT	-315.0161	1.8	315.1309	0	0	0	1	2.513409	10.97802	2.005796	-315	1.264581	296.4224	
636.0381	COLLISION_NONE	NOT_SWITCH	NOT_RESET	NOT_WAYPOINT	-315.0161	1.8	315.1309	0	0	0	1	2.501186	11.04006	1.944996	-315	1.264581	296.4224	
636.0582	COLLISION_NONE	NOT_SWITCH	NOT_RESET	NOT_WAYPOINT	-315.0161	1.8	315.1309	0	0	0	1	2.50771	11.22396	1.860678	-315	1.264581	296.4224	
636.0782	COLLISION_NONE	NOT_SWITCH	NOT_RESET	NOT_WAYPOINT	-315.0161	1.8	315.1309	0	0	0	1	2.520599	11.31953	1.815676	-315	1.264581	296.4224	
636.0982	COLLISION_NONE	NOT_SWITCH	NOT_RESET	NOT_WAYPOINT	-315.0161	1.8	315.1309	0	0	0	1	2.493355	11.56689	1.685392	-315	1.264581	296.4224	
636.1182	COLLISION_NONE	NOT_SWITCH	NOT_RESET	NOT_WAYPOINT	-315.0161	1.8	315.1309	0	0	0	1	2.42654	11.82725	1.434556	-315	1.264581	296.4224	
636.1382	COLLISION_NONE	NOT_SWITCH	NOT_RESET	NOT_WAYPOINT	-315.0161	1.8	315.1309	0	0	0	1	2.456306	11.90367	1.26505	-315	1.264581	296.4224	
636.1583	COLLISION_NONE	NOT_SWITCH	NOT_RESET	NOT_WAYPOINT	-315.0161	1.8	315.1309	0	0	0	1	2.399818	11.86733	1.085572	-315	1.264581	296.4224	
636.1783	COLLISION_NONE	NOT_SWITCH	NOT_RESET	NOT_WAYPOINT	-315.0161	1.8	315.1309	0	0	0	1	2.39922	11.89968	0.9210945	-315	1.264581	296.4224	
636.1983	COLLISION_NONE	NOT_SWITCH	NOT_RESET	NOT_WAYPOINT	-315.0161	1.8	315.1309	0	0	0	1	2.305714	11.73765	0.6820883	-315	1.264581	296.4224	
636.2183	COLLISION_NONE	NOT_SWITCH	NOT_RESET	NOT_WAYPOINT	-315.0161	1.8	315.1309	0	0	0	1	2.188183	11.49199	0.4205791	-315	1.264581	296.4224	
636.2383	COLLISION_NONE	NOT_SWITCH	NOT_RESET	NOT_WAYPOINT	-315.0161	1.8	315.1309	0	0	0	1	2.152851	11.38764	0.3234	-315	1.264581	296.4224	
636.2584	COLLISION_NONE	NOT_SWITCH	NOT_RESET	NOT_WAYPOINT	-315.0161	1.8	315.1309	0	0	0	1	2.132923	11.29847	0.2438114	-315	1.264581	296.4224	
636.2784	COLLISION_NONE	NOT_SWITCH	NOT_RESET	NOT_WAYPOINT	-315.0161	1.8	315.1309	0	0	0	1	2.116554	11.22458	0.204442	-315	1.264581	296.4224	
636.2984	COLLISION_NONE	NOT_SWITCH	NOT_RESET	NOT_WAYPOINT	-315.0161	1.8	315.1309	0	0	0	1	2.063637	11.12111	0.1389462	-315	1.264581	296.4224	
636.3184	COLLISION_NONE	NOT_SWITCH	NOT_RESET	NOT_WAYPOINT	-315.0161	1.8	315.1309	0	0	0	1	1.936794	10.87767	0.02754104	-315	1.264581	296.4224	
636.3384	COLLISION_NONE	NOT_SWITCH	NOT_RESET	NOT_WAYPOINT	-315.0161	1.8	315.1309	0	0	0	1	1.906769	10.8507	-0.01400697	-315	1.264581	296.4224	
636.3585	COLLISION_NONE	NOT_SWITCH	NOT_RESET	NOT_WAYPOINT	-315.0161	1.8	315.1309	0	0	0	1	1.825397	10.75289	-0.07659626	-315	1.264581	296.4224	
636.3785	COLLISION_NONE	NOT_SWITCH	NOT_RESET	NOT_WAYPOINT	-315.0161	1.8	315.1309	0	0	0	1	1.815384	10.80429	-0.1174394	-315	1.264581	296.4224	
636.3985	COLLISION_NONE	NOT_SWITCH	NOT_RESET	NOT_WAYPOINT	-315.0161	1.8	315.1309	0	0	0	1	1.723614	10.75182	-0.1062036	-315	1.264581	296.4224	
636.4185	COLLISION_NONE	NOT_SWITCH	NOT_RESET	NOT_WAYPOINT	-315.0161	1.8	315.1309	0	0	0	1	1.645298	10.70108	-0.1269836	-315	1.264581	296.4224	
636.4385	COLLISION_NONE	NOT_SWITCH	NOT_RESET	NOT_WAYPOINT	-315.0161	1.8	315.1309	0	0	0	1	1.590015	10.67846	-0.1384194	-315	1.264581	296.4224	
636.4586	COLLISION_NONE	NOT_SWITCH	NOT_RESET	NOT_WAYPOINT	-315.0161	1.8	315.1309	0	0	0	1	1.558578	10.71758	-0.1496146	-315	1.264581	296.4224	
636.4786	COLLISION_NONE	NOT_SWITCH	NOT_RESET	NOT_WAYPOINT	-315.0161	1.8	315.1309	0	0	0	1	1.546658	10.7134	-0.1702428	-315	1.264581	296.4224	
636.4986	COLLISION_NONE	NOT_SWITCH	NOT_RESET	NOT_WAYPOINT	-315.0161	1.8	315.1309	0	0	0	1	1.471783	10.63286	-0.217106	-315	1.264581	296.4224	
636.5186	COLLISION_NONE	NOT_SWITCH	NOT_RESET	NOT_WAYPOINT	-315.0161	1.8	315.1309	0	0	0	1	1.415401	10.47798	-0.2678611	-315	1.264581	296.4224	
636.5386	COLLISION_NONE	NOT_SWITCH	NOT_RESET	NOT_WAYPOINT	-315.0161	1.8	315.1309	0	0	0	1	1.384609	10.46996	-0.273813	-315	1.264581	296.4224	
636.5587	COLLISION_NONE	NOT_SWITCH	NOT_RESET	NOT_WAYPOINT	-315.0161	1.8	315.1309	0	0	0	1	1.319496	10.37836	-0.3164817	-315	1.264581	296.4224	
636.5787	COLLISION_NONE	NOT_SWITCH	NOT_RESET	NOT_WAYPOINT	-315.0161	1.8	315.1309	0	0	0	1	1.318321	10.39474	-0.3572505	-315	1.264581	296.4224	
636.5987	COLLISION_NONE	NOT_SWITCH	NOT_RESET	NOT_WAYPOINT	-315.0161	1.8	315.1309	0	0	0	1	1.264122	10.30778	-0.4356688	-315	1.264581	296.4224	
636.6187	COLLISION_NONE	NOT_SWITCH	NOT_RESET	NOT_WAYPOINT	-315.0161	1.8	315.1309	0	0	0	1	1.231461	10.24001	-0.433311	-315	1.264581	296.4224	
636.6387	COLLISION_NONE	NOT_SWITCH	NOT_RESET	NOT_WAYPOINT	-315.0161	1.8	315.1309	0	0	0	1	1.261997	10.24035	-0.4485009	-315	1.264581	296.4224	
636.6588	COLLISION_NONE	NOT_SWITCH	NOT_RESET	NOT_WAYPOINT	-315.0161	1.8	315.1309	0	0	0	1	1.291157	10.24514	-0.4669056	-315	1.264581	296.4224	
636.6788	COLLISION_NONE	NOT_SWITCH	NOT_RESET	NOT_WAYPOINT	-315.0161	1.8	315.1309	0	0	0	1	1.371178	10.29382	-0.4881581	-315	1.264581	296.4224	
636.6988	COLLISION_NONE	NOT_SWITCH	NOT_RESET	NOT_WAYPOINT	-315.0161	1.8	315.1309	0	0	0	1	1.451935	10.24851	-0.5475662	-315	1.264581	296.4224	
636.7188	COLLISION_NONE	NOT_SWITCH	NOT_RESET	NOT_WAYPOINT	-315.0161	1.8	315.1309	0	0	0	1	1.407223	10.11284	-0.5654277	-315	1.264581	296.4224	
636.7388	COLLISION_NONE	NOT_SWITCH	NOT_RESET	NOT_WAYPOINT	-315.0161	1.8	315.1309	0	0	0	1	1.409561	10.07405	-0.5831698	-315	1.264581	296.4224	
636.7589	COLLISION_NONE	NOT_SWITCH	NOT_RESET	NOT_WAYPOINT	-315.0161	1.8	315.1309	0	0	0	1	1.356884	9.94767	-0.5974454	-315	1.264581	296.4224	
636.7789	COLLISION_NONE	NOT_SWITCH	NOT_RESET	NOT_WAYPOINT	-315.0161	1.8	315.1309	0	0	0	1	1.387314	9.893513	-0.6062912	-315	1.264581	296.4224	
636.7989	COLLISION_NONE	NOT_SWITCH	NOT_RESET	NOT_WAYPOINT	-315.0161	1.8	315.1309	0	0	0	1	1.304962	9.697872	-0.5905511	-315	1.264581	296.4224	
636.8189	COLLISION_NONE	NOT_SWITCH	NOT_RESET	NOT_WAYPOINT	-315.0161	1.8	315.1309	0	0	0	1	1.282093	9.60894	-0.5494146	-315	1.264581	296.4224	
636.8389	COLLISION_NONE	NOT_SWITCH	NOT_RESET	NOT_WAYPOINT	-315.0161	1.8	315.1309	0	0	0	1	1.299526	9.595924	-0.5358783	-315	1.264581	296.4224	
636.8589	COLLISION_NONE	NOT_SWITCH	NOT_RESET	NOT_WAYPOINT	-315.0161	1.8	315.1309	0	0	0	1	1.297817	9.584343	-0.4683516	-315	1.264581	296.4224	
636.879	COLLISION_NONE	NOT_SWITCH	NOT_RESET	NOT_WAYPOINT	-315.0161	1.8	315.1309	0	0	0	1	1.352825	9.652519	-0.4255906	-315	1.264581	296.4224	
636.899	COLLISION_NONE	NOT_SWITCH	NOT_RESET	NOT_WAYPOINT	-315.0161	1.8	315.1309	0	0	0	1	1.393459	9.69949	-0.3185103	-315	1.264581	296.4224	
636.919	COLLISION_NONE	NOT_SWITCH	NOT_RESET	NOT_WAYPOINT	-315.0161	1.8	315.1309	0	0	0	1	1.322121	9.629696	-0.2737514	-315	1.264581	296.4224	
636.939	COLLISION_NONE	NOT_SWITCH	NOT_RESET	NOT_WAYPOINT	-315.0161	1.8	315.1309	0	0	0	1	1.313995	9.693226	-0.2358278	-315	1.264581	296.4224	
636.959	COLLISION_NONE	NOT_SWITCH	NOT_RESET	NOT_WAYPOINT	-315.0161	1.8	315.1309	0	0	0	1	1.23098	9.622761	-0.2027339	-315	1.264581	296.4224	
636.9791	COLLISION_NONE	NOT_SWITCH	NOT_RESET	NOT_WAYPOINT	-315.0161	1.8	315.1309	0	0	0	1	1.191193	9.638657	-0.1897081	-315	1.264581	296.4224	
636.9991	COLLISION_NONE	NOT_SWITCH	NOT_RESET	NOT_WAYPOINT	-315.0161	1.8	315.1309	0	0	0	1	1.120323	9.571133	-0.1928859	-315	1.264581	296.4224	
637.0191	COLLISION_NONE	NOT_SWITCH	NOT_RESET	NOT_WAYPOINT	-315.0161	1.8	315.1309	0	0	0	1	1.125462	9.556694	-0.1801977	-315	1.264581	296.4224	
637.0391	COLLISION_NONE	NOT_SWITCH	NOT_RESET	NOT_WAYPOINT	-315.0161	1.8	315.1309	0	0	0	1	1.162462	9.59288	-0.2094539	-315	1.264581	296.4224	
637.0591	COLLISION_NONE	CORRECT_SWITCH	NOT_RESET	NOT_WAYPOINT	-315.0161	1.8	315.1309	0	0.0003266539	0	0.9999999	1.184238	9.562019	-0.2219141	-315	1.264581	296.4224	
637.0792	COLLISION_NONE	NOT_SWITCH	NOT_RESET	NOT_WAYPOINT	-315.0161	1.8	315.1134	0	0.0008177852	0	0.9999997	1.232788	9.582169	-0.2664036	-315	1.264581	296.4224	
637.0992	COLLISION_NONE	NOT_SWITCH	NOT_RESET	NOT_WAYPOINT	-315.0161	1.8	315.0959	0	0.002008684	0	0.999998	1.291508	9.529282	-0.3326019	-315	1.264581	296.4224	
637.1192	COLLISION_NONE	NOT_SWITCH	NOT_RESET	NOT_WAYPOINT	-315.0162	1.8	315.0775	0	0.002646649	0	0.9999965	1.276173	9.433765	-0.3694923	-315	1.264581	296.4224	
637.1392	COLLISION_NONE	NOT_SWITCH	NOT_RESET	NOT_WAYPOINT	-315.0163	1.8	315.0587	0	0.003294914	0	0.9999946	1.312725	9.453411	-0.4035234	-315	1.264581	296.4224	
637.1592	COLLISION_NONE	NOT_SWITCH	NOT_RESET	NOT_WAYPOINT	-315.0164	1.8	315.0399	0	0.003944875	0	0.9999923	1.224148	9.351631	-0.4226338	-315	1.264581	296.4224	
637.1793	COLLISION_NONE	NOT_SWITCH	NOT_RESET	NOT_WAYPOINT	-315.0165	1.8	315.0211	0	0.005245188	0	0.9999862	1.197872	9.309887	-0.5153172	-315	1.264581	296.4224	
637.1993	COLLISION_NONE	NOT_SWITCH	NOT_RESET	NOT_WAYPOINT	-315.0168	1.8	315.0032	0	0.005891574	0	0.9999827	1.186642	9.282482	-0.5346429	-315	1.264581	296.4224	
637.2193	COLLISION_NONE	NOT_SWITCH	NOT_RESET	NOT_WAYPOINT	-315.017	1.8	314.9861	0	0.006536317	0	0.9999787	1.172989	9.247196	-0.5795692	-315	1.264581	296.4224	
637.2393	COLLISION_NONE	NOT_SWITCH	NOT_RESET	NOT_WAYPOINT	-315.0172	1.8	314.9686	0	0.007179086	0	0.9999743	1.1467	9.240803	-0.5867369	-315	1.264581	296.4224	
637.2593	COLLISION_NONE	NOT_SWITCH	NOT_RESET	NOT_WAYPOINT	-315.0174	1.8	314.952	0	0.007820536	0	0.9999694	1.153955	9.222263	-0.627259	-315	1.264581	296.4224	
637.2794	COLLISION_NONE	NOT_SWITCH	NOT_RESET	NOT_WAYPOINT	-315.0177	1.8	314.9358	0	0.009101212	0	0.9999586	1.169022	9.164684	-0.6421191	-315	1.264581	296.4224	
637.2994	COLLISION_NONE	NOT_SWITCH	NOT_RESET	NOT_WAYPOINT	-315.018	1.8	314.9205	0	0.009740969	0	0.9999526	1.126942	9.042351	-0.650806	-315	1.264581	296.4224	
637.3194	COLLISION_NONE	NOT_SWITCH	NOT_RESET	NOT_WAYPOINT	-315.0183	1.8	314.9052	0	0.01038091	0	0.9999462	1.146826	9.062626	-0.6532267	-315	1.264581	296.4224	
637.3394	COLLISION_NONE	NOT_SWITCH	NOT_RESET	NOT_WAYPOINT	-315.0186	1.8	314.889	0	0.01101962	0	0.9999393	1.102802	8.946564	-0.656791	-315	1.264581	296.4224	
637.3594	COLLISION_NONE	NOT_SWITCH	NOT_RESET	NOT_WAYPOINT	-315.019	1.8	314.8728	0	0.01165739	0	0.9999321	1.091	8.879444	-0.6652454	-315	1.264581	296.4224	
637.3795	COLLISION_NONE	NOT_SWITCH	NOT_RESET	NOT_WAYPOINT	-315.0193	1.8	314.857	0	0.01293987	0	0.9999163	1.199123	8.877411	-0.6657982	-315	1.264581	296.4224	
637.3995	COLLISION_NONE	NOT_SWITCH	NOT_RESET	NOT_WAYPOINT	-315.0197	1.8	314.8426	0	0.01358769	0	0.9999077	1.294075	8.977623	-0.6529016	-315	1.264581	296.4224	
637.4195	COLLISION_NONE	NOT_SWITCH	NOT_RESET	NOT_WAYPOINT	-315.0202	1.8	314.8273	0	0.01424347	0	0.9998986	1.432373	9.063793	-0.6402465	-315	1.264581	296.4224	
637.4395	COLLISION_NONE	NOT_SWITCH	NOT_RESET	NOT_WAYPOINT	-315.0206	1.8	314.8111	0	0.01490735	0	0.9998889	1.537663	9.140301	-0.630169	-315	1.264581	296.4224	
637.4595	COLLISION_NONE	NOT_SWITCH	NOT_RESET	NOT_WAYPOINT	-315.0211	1.8	314.794	0	0.01557889	0	0.9998786	1.634483	9.258018	-0.6148984	-315	1.264581	296.4224	
637.4796	COLLISION_NONE	NOT_SWITCH	NOT_RESET	NOT_WAYPOINT	-315.0217	1.8	314.7761	0	0.01693629	0	0.9998566	1.755329	9.340748	-0.6874511	-315	1.264581	296.4224	
637.4996	COLLISION_NONE	NOT_SWITCH	NOT_RESET	NOT_WAYPOINT	-315.0223	1.8	314.7578	0	0.0176192	0	0.9998448	1.752827	9.344475	-0.7097223	-315	1.264581	296.4224	
637.5196	COLLISION_NONE	NOT_SWITCH	NOT_RESET	NOT_WAYPOINT	-315.023	1.8	314.7399	0	0.01830467	0	0.9998325	1.817612	9.411007	-0.7500446	-315	1.264581	296.4224	
637.5396	COLLISION_NONE	NOT_SWITCH	NOT_RESET	NOT_WAYPOINT	-315.0236	1.8	314.722	0	0.01899159	0	0.9998197	1.829945	9.389771	-0.7746573	-315	1.264581	296.4224	
637.5596	COLLISION_NONE	NOT_SWITCH	NOT_RESET	NOT_WAYPOINT	-315.0243	1.8	314.7036	0	0.0196807	0	0.9998063	1.863903	9.431816	-0.7954895	-315	1.264581	296.4224	
637.5797	COLLISION_NONE	NOT_SWITCH	NOT_RESET	NOT_WAYPOINT	-315.0204	1.8	314.8028	0	0.02106543	0	0.9997782	1.969158	9.352295	-0.9247773	-315	1.264581	296.4224	
637.5997	COLLISION_NONE	NOT_SWITCH	NOT_RESET	NOT_WAYPOINT	-315.0135	1.8	315.1371	0	0.02176178	0	0.9997633	1.969158	9.352295	-0.9247773	-315	1.264581	296.4224	
637.6197	COLLISION_NONE	NOT_SWITCH	NOT_RESET	NOT_WAYPOINT	-315.0288	1.8	315.4729	0	0.02246315	0	0.9997478	2.090393	9.361069	-1.007696	-315	1.264581	296.4224	
637.6397	COLLISION_NONE	NOT_SWITCH	NOT_RESET	NOT_WAYPOINT	-315.066	1.8	315.8108	0	0.02316867	0	0.9997317	2.217144	9.328896	-1.085922	-315	1.264581	296.4224	
637.6597	COLLISION_NONE	NOT_SWITCH	NOT_RESET	NOT_WAYPOINT	-315.1193	1.8	316.151	0	0.02387839	0	0.999715	2.301449	9.314457	-1.165944	-315	1.264581	296.4224	
637.6797	COLLISION_NONE	NOT_SWITCH	NOT_RESET	NOT_WAYPOINT	-315.1814	1.8	316.4944	0	0.02530873	0	0.9996797	2.444382	9.290134	-1.281274	-315	1.264581	296.4224	
637.6998	COLLISION_NONE	NOT_SWITCH	NOT_RESET	NOT_WAYPOINT	-315.2351	1.8	316.8332	0	0.0260283	0	0.9996612	2.457478	9.231079	-1.328377	-315	1.264581	296.4224	
637.7198	COLLISION_NONE	NOT_SWITCH	NOT_RESET	NOT_WAYPOINT	-315.2863	1.8	317.1698	0	0.02674897	0	0.9996422	2.469524	9.275593	-1.344593	-315	1.264581	296.4224	
637.7398	COLLISION_NONE	NOT_SWITCH	NOT_RESET	NOT_WAYPOINT	-315.3326	1.8	317.5045	0	0.02746837	0	0.9996227	2.401001	9.196644	-1.350493	-315	1.264581	296.4224	
637.7598	COLLISION_NONE	NOT_SWITCH	NOT_RESET	NOT_WAYPOINT	-315.3714	1.8	317.838	0	0.02818844	0	0.9996027	2.471115	9.324005	-1.36332	-315	1.264581	296.4224	
637.7798	COLLISION_NONE	NOT_SWITCH	NOT_RESET	NOT_WAYPOINT	-315.4008	1.8	318.1708	0	0.0296294	0	0.999561	2.48914	9.376892	-1.333591	-315	1.264581	296.4224	
637.7999	COLLISION_NONE	NOT_SWITCH	NOT_RESET	NOT_WAYPOINT	-315.4088	1.8	318.505	0	0.03035413	0	0.9995392	2.584442	9.433525	-1.26124	-315	1.264581	296.4224	
637.8199	COLLISION_NONE	NOT_SWITCH	NOT_RESET	NOT_WAYPOINT	-315.4072	1.8	318.8419	0	0.03108653	0	0.9995167	2.661419	9.470783	-1.200794	-315	1.264581	296.4224	
637.8399	COLLISION_NONE	NOT_SWITCH	NOT_RESET	NOT_WAYPOINT	-315.3987	1.8	319.1811	0	0.03182637	0	0.9994934	2.73444	9.483829	-1.156592	-315	1.264581	296.4224	
637.8599	COLLISION_NONE	NOT_SWITCH	NOT_RESET	NOT_WAYPOINT	-315.3862	1.8	319.522	0	0.03333077	0	0.9994444	2.887886	9.425777	-1.094404	-315	1.264581	296.4224	
637.8799	COLLISION_NONE	NOT_SWITCH	NOT_RESET	NOT_WAYPOINT	-315.3676	1.8	319.8625	0	0.03409302	0	0.9994187	2.961498	9.421085	-1.074423	-315	1.264581	296.4224	
637.9	COLLISION_NONE	NOT_SWITCH	NOT_RESET	NOT_WAYPOINT	-315.346	1.8	320.2032	0	0.03485859	0	0.9993923	2.932343	9.32019	-1.036199	-315	1.264581	296.4224	
637.92	COLLISION_NONE	NOT_SWITCH	NOT_RESET	NOT_WAYPOINT	-315.3224	1.8	320.5446	0	0.03562663	0	0.9993652	2.944267	9.316116	-1.018181	-315	1.264581	296.4224	
637.94	COLLISION_NONE	NOT_SWITCH	NOT_RESET	NOT_WAYPOINT	-315.298	1.8	320.8863	0	0.03639541	0	0.9993375	2.900135	9.268593	-0.9543088	-315	1.264581	296.4224	
637.96	COLLISION_NONE	NOT_SWITCH	NOT_RESET	NOT_WAYPOINT	-315.2731	1.8	321.228	0	0.03793088	0	0.9992804	2.836308	9.236649	-0.9295379	-315	1.264581	296.4224	
637.98	COLLISION_NONE	NOT_SWITCH	NOT_RESET	NOT_WAYPOINT	-315.2467	1.8	321.5695	0	0.03869729	0	0.999251	2.850834	9.310234	-0.9323074	-315	1.264581	296.4224	
638.0001	COLLISION_NONE	NOT_SWITCH	NOT_RESET	NOT_WAYPOINT	-315.2202	1.8	321.9112	0	0.03946291	0	0.9992211	2.85825	9.307423	-0.9794455	-315	1.264581	296.4224	
638.0201	COLLISION_NONE	NOT_SWITCH	NOT_RESET	NOT_WAYPOINT	-315.1932	1.8	322.2528	0	0.04022778	0	0.9991906	2.868549	9.320683	-1.020503	-315	1.264581	296.4224	
638.0401	COLLISION_NONE	NOT_SWITCH	NOT_RESET	NOT_WAYPOINT	-315.1657	1.8	322.5943	0	0.04099178	0	0.9991595	2.863747	9.315628	-1.04989	-315	1.264581	296.4224	
638.0601	COLLISION_NONE	NOT_SWITCH	NOT_RESET	NOT_WAYPOINT	-315.1406	1.8	322.9346	0	0.04252111	0	0.9990956	2.922989	9.216419	-1.209752	-315	1.264581	296.4224	
638.0801	COLLISION_NONE	NOT_SWITCH	NOT_RESET	NOT_WAYPOINT	-315.1154	1.8	323.2757	0	0.04328585	0	0.9990627	2.974628	9.208954	-1.26571	-315	1.264581	296.4224	
638.1002	COLLISION_NONE	NOT_SWITCH	NOT_RESET	NOT_WAYPOINT	-315.0878	1.8	323.6159	0	0.04405072	0	0.9990293	2.973572	9.153946	-1.290174	-315	1.264581	296.4224	
638.1202	COLLISION_NONE	NOT_SWITCH	NOT_RESET	NOT_WAYPOINT	-315.0581	1.8	323.9567	0	0.04481663	0	0.9989952	3.026005	9.204636	-1.342849	-315	1.264581	296.4224	
638.1402	COLLISION_NONE	NOT_SWITCH	NOT_RESET	NOT_WAYPOINT	-315.0274	1.8	324.2979	0	0.0455832	0	0.9989606	3.020725	9.175125	-1.327631	-315	1.264581	296.4224	
638.1602	COLLISION_NONE	NOT_SWITCH	NOT_RESET	NOT_WAYPOINT	-314.9962	1.8	324.6392	0	0.04712543	0	0.998889	3.114529	9.317387	-1.266809	-315	1.264581	296.4224	
638.1802	COLLISION_NONE	NOT_SWITCH	NOT_RESET	NOT_WAYPOINT	-314.9636	1.8	324.9801	0	0.04790152	0	0.9988521	3.157078	9.451515	-1.200085	-315	1.264581	296.4224	
638.2003	COLLISION_NONE	NOT_SWITCH	NOT_RESET	NOT_WAYPOINT	-314.9308	1.8	325.3212	0	0.04868036	0	0.9988145	3.170135	9.569347	-1.137086	-315	1.264581	296.4224	
638.2203	COLLISION_NONE	NOT_SWITCH	NOT_RESET	NOT_WAYPOINT	-314.8975	1.8	325.6623	0	0.04946055	0	0.9987761	3.168583	9.674088	-1.101859	-315	1.264581	296.4224	
638.2403	COLLISION_NONE	NOT_SWITCH	NOT_RESET	NOT_WAYPOINT	-314.8636	1.8	326.0032	0	0.05024042	0	0.9987372	3.127121	9.745049	-1.041881	-315	1.264581	296.4224	
638.2603	COLLISION_NONE	NOT_SWITCH	NOT_RESET	NOT_WAYPOINT	-314.8293	1.8	326.3441	0	0.05179338	0	0.9986579	2.976692	9.836235	-0.9313122	-315	1.264581	296.4224	
638.2803	COLLISION_NONE	NOT_SWITCH	NOT_RESET	NOT_WAYPOINT	-314.8217	1.8	326.6838	0	0.05256457	0	0.9986176	2.939911	9.894268	-0.8963149	-315	1.264581	296.4224	
638.3004	COLLISION_NONE	NOT_SWITCH	NOT_RESET	NOT_WAYPOINT	-314.8309	1.8	327.0246	0	0.05333085	0	0.9985769	2.858395	9.840969	-0.8924034	-315	1.264581	296.4224	
638.3204	COLLISION_NONE	NOT_SWITCH	NOT_RESET	NOT_WAYPOINT	-314.8573	1.8	327.3673	0	0.05409433	0	0.9985359	2.839569	9.942596	-0.8568934	-315	1.264581	296.4224	
638.3404	COLLISION_NONE	NOT_SWITCH	NOT_RESET	NOT_WAYPOINT	-314.8978	1.8	327.7123	0	0.05485474	0	0.9984944	2.788616	9.912876	-0.8424202	-315	1.264581	296.4224	
638.3604	COLLISION_NONE	NOT_SWITCH	NOT_RESET	NOT_WAYPOINT	-314.9484	1.8	328.0596	0	0.0563749	0	0.9984097	2.828526	9.995964	-0.8256965	-315	1.264581	296.4224	
638.3804	COLLISION_NONE	NOT_SWITCH	NOT_RESET	NOT_WAYPOINT	-315.0182	1.8	328.4106	0	0.05713541	0	0.9983665	2.852173	10.05384	-0.8449166	-315	1.264581	296.4224	
638.4005	COLLISION_NONE	NOT_SWITCH	NOT_RESET	NOT_WAYPOINT	-315.0899	1.8	328.7637	0	0.0578969	0	0.9983226	2.880161	10.05854	-0.8600811	-315	1.264581	296.4224	
638.4205	COLLISION_NONE	NOT_SWITCH	NOT_RESET	TRIGGER_WAYPOINT	-315.1613	1.8	329.1171	0	0.05865888	0	0.9982781	2.906853	10.09129	-0.9122267	-315	1.8	345	
638.4405	COLLISION_NONE	NOT_SWITCH	NOT_RESET	NOT_WAYPOINT	-315.2321	1.8	329.4706	0	0.06017786	0	0.9981877	2.89011	10.0368	-1.03246	-315	1.8	345	
638.4605	COLLISION_NONE	NOT_SWITCH	NOT_RESET	NOT_WAYPOINT	-315.3013	1.8	329.8242	0	0.0609339	0	0.9981418	2.880749	9.902523	-1.166522	-315	1.8	345	
638.4805	COLLISION_NONE	NOT_SWITCH	NOT_RESET	NOT_WAYPOINT	-315.3705	1.8	330.178	0	0.06168798	0	0.9980955	2.902946	9.880947	-1.300702	-315	1.8	345	
638.5005	COLLISION_NONE	NOT_SWITCH	NOT_RESET	NOT_WAYPOINT	-315.4391	1.8	330.532	0	0.06243714	0	0.9980489	2.838932	9.766533	-1.376566	-315	1.8	345	
638.5206	COLLISION_NONE	NOT_SWITCH	NOT_RESET	NOT_WAYPOINT	-315.5072	1.8	330.886	0	0.0631825	0	0.998002	2.829094	9.736092	-1.4415	-315	1.8	345	
638.5406	COLLISION_NONE	NOT_SWITCH	NOT_RESET	NOT_WAYPOINT	-315.5748	1.8	331.2401	0	0.06466096	0	0.9979073	2.77478	9.615131	-1.542079	-315	1.8	345	
638.5606	COLLISION_NONE	NOT_SWITCH	NOT_RESET	NOT_WAYPOINT	-315.6409	1.8	331.5943	0	0.06539763	0	0.9978593	2.78323	9.575832	-1.554723	-315	1.8	345	
638.5806	COLLISION_NONE	NOT_SWITCH	NOT_RESET	NOT_WAYPOINT	-315.7069	1.8	331.9488	0	0.06613602	0	0.9978107	2.844494	9.585922	-1.560518	-315	1.8	345	
638.6006	COLLISION_NONE	NOT_SWITCH	NOT_RESET	NOT_WAYPOINT	-315.7722	1.8	332.301	0	0.06687722	0	0.9977612	2.8787	9.544178	-1.538642	-315	1.8	345	
638.6207	COLLISION_NONE	NOT_SWITCH	NOT_RESET	NOT_WAYPOINT	-315.8372	1.8	332.6556	0	0.06762227	0	0.997711	2.933643	9.535202	-1.52608	-315	1.8	345	
638.6407	COLLISION_NONE	NOT_SWITCH	NOT_RESET	NOT_WAYPOINT	-315.9016	1.8	333.0103	0	0.06912538	0	0.997608	3.02438	9.432491	-1.443214	-315	1.8	345	
638.6607	COLLISION_NONE	NOT_SWITCH	NOT_RESET	NOT_WAYPOINT	-315.9645	1.8	333.3651	0	0.0698835	0	0.9975552	3.016602	9.364208	-1.387779	-315	1.8	345	
638.6807	COLLISION_NONE	NOT_SWITCH	NOT_RESET	NOT_WAYPOINT	-316.0273	1.8	333.7202	0	0.07064677	0	0.9975014	3.069767	9.426353	-1.301665	-315	1.8	345	
638.7007	COLLISION_NONE	NOT_SWITCH	NOT_RESET	NOT_WAYPOINT	-316.0896	1.8	334.0752	0	0.07141275	0	0.9974469	3.050381	9.421127	-1.170985	-315	1.8	345	
638.7208	COLLISION_NONE	NOT_SWITCH	NOT_RESET	NOT_WAYPOINT	-316.1513	1.8	334.4304	0	0.07218187	0	0.9973915	3.068371	9.473858	-1.100035	-315	1.8	345	
638.7408	COLLISION_NONE	NOT_SWITCH	NOT_RESET	NOT_WAYPOINT	-316.2125	1.8	334.7857	0	0.07372831	0	0.9972784	3.020367	9.466003	-0.9878022	-315	1.8	345	
638.7608	COLLISION_NONE	NOT_SWITCH	NOT_RESET	NOT_WAYPOINT	-316.2575	1.8	335.1344	0	0.07450512	0	0.9972206	3.035927	9.65239	-0.8353	-315	1.8	345	
638.7808	COLLISION_NONE	NOT_SWITCH	NOT_RESET	NOT_WAYPOINT	-316.2957	1.8	335.4802	0	0.07528252	0	0.9971623	3.020237	9.723423	-0.8076485	-315	1.8	345	
638.8008	COLLISION_NONE	NOT_SWITCH	NOT_RESET	NOT_WAYPOINT	-316.324	1.8	335.8223	0	0.07606117	0	0.9971032	3.02924	9.781158	-0.7532045	-315	1.8	345	
638.8209	COLLISION_NONE	NOT_SWITCH	NOT_RESET	NOT_WAYPOINT	-316.3404	1.8	336.1459	0	0.07684174	0	0.9970434	3.060268	9.833076	-0.7339963	-315	1.8	345	
638.8409	COLLISION_NONE	NOT_SWITCH	NOT_RESET	NOT_WAYPOINT	-316.349	1.8	336.4486	0	0.07840493	0	0.9969217	3.087303	9.868771	-0.7586392	-315	1.8	345	
638.8609	COLLISION_NONE	NOT_SWITCH	NOT_RESET	NOT_WAYPOINT	-316.3452	1.8	336.7248	0	0.07918703	0	0.9968598	3.088539	9.792114	-0.8229284	-315	1.8	345	
638.8809	COLLISION_NONE	NOT_SWITCH	NOT_RESET	NOT_WAYPOINT	-316.3279	1.8	336.982	0	0.07997102	0	0.9967973	3.172604	9.868713	-0.8827221	-315	1.8	345	
638.9009	COLLISION_NONE	NOT_SWITCH	NOT_RESET	NOT_WAYPOINT	-316.2811	1.8	337.1905	0	0.08075429	0	0.996734	3.149059	9.841545	-0.9296224	-315	1.8	345	
638.921	COLLISION_NONE	NOT_SWITCH	NOT_RESET	NOT_WAYPOINT	-316.1855	1.8	337.2884	0	0.08153703	0	0.9966703	3.170067	9.816383	-0.9974101	-315	1.8	345	
638.941	COLLISION_NONE	NOT_SWITCH	NOT_RESET	NOT_WAYPOINT	-316.0476	1.8	337.2752	0	0.08309517	0	0.9965416	3.130302	9.700542	-1.091889	-315	1.8	345	
638.961	COLLISION_NONE	NOT_SWITCH	NOT_RESET	NOT_WAYPOINT	-315.8253	1.8	337.0421	0	0.08387273	0	0.9964765	3.150379	9.65237	-1.15237	-315	1.8	345	
638.981	COLLISION_NONE	NOT_SWITCH	NOT_RESET	NOT_WAYPOINT	-315.5784	1.8	336.7469	0	0.0846502	0	0.9964107	3.167721	9.640656	-1.198487	-315	1.8	345	
639.001	COLLISION_NONE	NOT_SWITCH	NOT_RESET	NOT_WAYPOINT	-315.3305	1.8	336.4476	0	0.08542712	0	0.9963444	3.178017	9.57962	-1.251078	-315	1.8	345	
639.0211	COLLISION_NONE	NOT_SWITCH	NOT_RESET	NOT_WAYPOINT	-315.083	1.8	336.1479	0	0.08620455	0	0.9962775	3.20562	9.599472	-1.261734	-315	1.8	345	
639.0411	COLLISION_NONE	NOT_SWITCH	NOT_RESET	NOT_WAYPOINT	-314.836	1.8	335.8477	0	0.08775955	0	0.9961417	3.219021	9.528076	-1.294158	-315	1.8	345	
639.0611	COLLISION_NONE	NOT_SWITCH	NOT_RESET	NOT_WAYPOINT	-314.5905	1.8	335.5466	0	0.08853555	0	0.996073	3.161324	9.503628	-1.291503	-315	1.8	345	
639.0811	COLLISION_NONE	NOT_SWITCH	NOT_RESET	NOT_WAYPOINT	-314.3448	1.8	335.2452	0	0.08931079	0	0.9960038	3.174477	9.556515	-1.297045	-315	1.8	345	
639.1011	COLLISION_NONE	NOT_SWITCH	NOT_RESET	NOT_WAYPOINT	-314.0997	1.8	334.9435	0	0.09008331	0	0.9959342	3.117672	9.540951	-1.302745	-315	1.8	345	
639.1212	COLLISION_NONE	NOT_SWITCH	NOT_RESET	NOT_WAYPOINT	-313.855	1.8	334.6414	0	0.09162864	0	0.9957933	3.154972	9.58252	-1.27319	-315	1.8	345	
639.1412	COLLISION_NONE	NOT_SWITCH	NOT_RESET	NOT_WAYPOINT	-313.6118	1.8	334.3385	0	0.09240384	0	0.9957216	3.207203	9.619976	-1.258738	-315	1.8	345	
639.1612	COLLISION_NONE	NOT_SWITCH	NOT_RESET	NOT_WAYPOINT	-313.3685	1.8	334.0352	0	0.09318278	0	0.995649	3.259357	9.641178	-1.219326	-315	1.8	345	
639.1812	COLLISION_NONE	NOT_SWITCH	NOT_RESET	NOT_WAYPOINT	-313.1257	1.8	333.7316	0	0.09396455	0	0.9955755	3.315075	9.683674	-1.213091	-315	1.8	345	
639.2012	COLLISION_NONE	NOT_SWITCH	NOT_RESET	NOT_WAYPOINT	-312.8834	1.8	333.4276	0	0.0947495	0	0.9955012	3.315075	9.683674	-1.213091	-315	1.8	345	
639.2213	COLLISION_NONE	NOT_SWITCH	NOT_RESET	NOT_WAYPOINT	-312.6415	1.8	333.1233	0	0.0963277	0	0.9953497	3.361313	9.629025	-1.221502	-315	1.8	345	
639.2413	COLLISION_NONE	NOT_SWITCH	NOT_RESET	NOT_WAYPOINT	-312.4012	1.8	332.818	0	0.09712079	0	0.9952726	3.407227	9.58453	-1.219066	-315	1.8	345	
639.2613	COLLISION_NONE	NOT_SWITCH	NOT_RESET	NOT_WAYPOINT	-312.1608	1.8	332.5125	0	0.09791391	0	0.995195	3.373798	9.581001	-1.190338	-315	1.8	345	
639.2813	COLLISION_NONE	NOT_SWITCH	NOT_RESET	NOT_WAYPOINT	-311.9209	1.8	332.2066	0	0.09870733	0	0.9951166	3.380859	9.658089	-1.164188	-315	1.8	345	
639.3013	COLLISION_NONE	NOT_SWITCH	NOT_RESET	NOT_WAYPOINT	-311.6815	1.8	331.9003	0	0.09949906	0	0.9950377	3.333267	9.626343	-1.16794	-315	1.8	345	
639.3214	COLLISION_NONE	NOT_SWITCH	NOT_RESET	NOT_WAYPOINT	-311.4426	1.8	331.5978	0	0.1010833	0	0.994878	3.394482	9.746712	-1.169688	-315	1.8	345	
639.3414	COLLISION_NONE	NOT_SWITCH	NOT_RESET	NOT_WAYPOINT	-311.2027	1.8	331.3092	0	0.1018769	0	0.9947971	3.423519	9.811165	-1.188646	-315	1.8	345	
639.3614	COLLISION_NONE	NOT_SWITCH	NOT_RESET	NOT_WAYPOINT	-310.9619	1.8	331.0222	0	0.1026733	0	0.9947151	3.493446	9.903259	-1.180822	-315	1.8	345	
639.3814	COLLISION_NONE	NOT_SWITCH	NOT_RESET	NOT_WAYPOINT	-310.7206	1.8	330.7346	0	0.1034724	0	0.9946324	3.543461	9.965034	-1.200782	-315	1.8	345	
639.4014	COLLISION_NONE	NOT_SWITCH	NOT_RESET	NOT_WAYPOINT	-310.4781	1.8	330.4588	0	0.1042745	0	0.9945486	3.610386	10.00959	-1.249662	-315	1.8	345	
639.4214	COLLISION_NONE	NOT_SWITCH	NOT_RESET	NOT_WAYPOINT	-310.2339	1.8	330.1946	0	0.1058776	0	0.9943792	3.603569	9.941418	-1.292084	-315	1.8	345	
639.4415	COLLISION_NONE	NOT_SWITCH	NOT_RESET	NOT_WAYPOINT	-309.9836	1.8	329.9699	0	0.1066787	0	0.9942936	3.578575	9.852375	-1.309518	-315	1.8	345	
639.4615	COLLISION_NONE	NOT_SWITCH	NOT_RESET	NOT_WAYPOINT	-309.7294	1.8	329.766	0	0.1074777	0	0.9942076	3.505993	9.735836	-1.318381	-315	1.8	345	
639.4815	COLLISION_NONE	NOT_SWITCH	NOT_RESET	NOT_WAYPOINT	-309.472	1.8	329.5827	0	0.1082772	0	0.9941207	3.559364	9.770306	-1.337825	-315	1.8	345	
639.5015	COLLISION_NONE	NOT_SWITCH	NOT_RESET	NOT_WAYPOINT	-309.2116	1.8	329.4183	0	0.1090767	0	0.9940334	3.530354	9.698494	-1.310147	-315	1.8	345	
639.5215	COLLISION_NONE	NOT_SWITCH	NOT_RESET	NOT_WAYPOINT	-308.9502	1.8	329.2647	0	0.1106796	0	0.9938561	3.582798	9.723892	-1.280395	-315	1.8	345	
639.5416	COLLISION_NONE	NOT_SWITCH	NOT_RESET	NOT_WAYPOINT	-308.6896	1.8	329.1233	0	0.1114841	0	0.9937662	3.604179	9.747395	-1.246832	-315	1.8	345	
639.5616	COLLISION_NONE	NOT_SWITCH	NOT_RESET	NOT_WAYPOINT	-308.4305	1.8	328.9843	0	0.1122911	0	0.9936754	3.639511	9.770283	-1.23509	-315	1.8	345	
639.5816	COLLISION_NONE	NOT_SWITCH	NOT_RESET	NOT_WAYPOINT	-308.164	1.8	328.8789	0	0.1130989	0	0.9935837	3.623833	9.762695	-1.23137	-315	1.8	345	
639.6016	COLLISION_NONE	NOT_SWITCH	NOT_RESET	NOT_WAYPOINT	-307.8775	1.8	328.8523	0	0.1139088	0	0.9934912	3.666702	9.789101	-1.216039	-315	1.8	345	
639.6216	COLLISION_NONE	NOT_SWITCH	NOT_RESET	NOT_WAYPOINT	-307.5637	1.8	328.9279	0	0.1155303	0	0.993304	3.630325	9.713295	-1.21428	-315	1.8	345	
639.6417	COLLISION_NONE	NOT_SWITCH	NOT_RESET	NOT_WAYPOINT	-307.2062	1.8	329.1566	0	0.116342	0	0.9932092	3.653862	9.75116	-1.198361	-315	1.8	345	
639.6617	COLLISION_NONE	NOT_SWITCH	NOT_RESET	NOT_WAYPOINT	-306.8532	1.8	329.369	0	0.1171523	0	0.9931139	3.607983	9.722511	-1.177923	-315	1.8	345	
639.6817	COLLISION_NONE	NOT_SWITCH	NOT_RESET	NOT_WAYPOINT	-306.5018	1.8	329.5772	0	0.117964	0	0.9930179	3.661072	9.804276	-1.16058	-315	1.8	345	
639.7017	COLLISION_NONE	NOT_SWITCH	NOT_RESET	NOT_WAYPOINT	-306.1467	1.8	329.7929	0	0.1195912	0	0.9928232	3.681248	9.787189	-1.128519	-315	1.8	345	
639.7217	COLLISION_NONE	NOT_SWITCH	NOT_RESET	NOT_WAYPOINT	-305.7725	1.8	330.0817	0	0.1204078	0	0.9927245	3.715382	9.8022	-1.104855	-315	1.8	345	
639.7418	COLLISION_NONE	NOT_SWITCH	NOT_RESET	NOT_WAYPOINT	-305.4027	1.8	330.3517	0	0.1212255	0	0.992625	3.713398	9.808475	-1.099643	-315	1.8	345	
639.7618	COLLISION_NONE	NOT_SWITCH	NOT_RESET	NOT_WAYPOINT	-305.0343	1.8	330.6176	0	0.122045	0	0.9925246	3.747517	9.881718	-1.080015	-315	1.8	345	
639.7818	COLLISION_NONE	NOT_SWITCH	NOT_RESET	NOT_WAYPOINT	-304.6673	1.8	330.8816	0	0.1228644	0	0.9924235	3.720097	9.865643	-1.079417	-315	1.8	345	
639.8018	COLLISION_NONE	NOT_SWITCH	NOT_RESET	NOT_WAYPOINT	-304.2993	1.8	331.1432	0	0.124507	0	0.9922187	3.747814	9.896786	-1.067553	-315	1.8	345	
639.8218	COLLISION_NONE	NOT_SWITCH	NOT_RESET	NOT_WAYPOINT	-303.928	1.8	331.4017	0	0.1253287	0	0.9921153	3.776196	9.96146	-1.093974	-315	1.8	345	
639.8419	COLLISION_NONE	NOT_SWITCH	NOT_RESET	NOT_WAYPOINT	-303.5567	1.8	331.6608	0	0.1261487	0	0.9920114	3.738617	9.922947	-1.122954	-315	1.8	345	
639.8619	COLLISION_NONE	NOT_SWITCH	NOT_RESET	NOT_WAYPOINT	-303.1851	1.8	331.9192	0	0.1269668	0	0.991907	3.732517	9.952271	-1.138465	-315	1.8	345	
639.8819	COLLISION_NONE	NOT_SWITCH	NOT_RESET	NOT_WAYPOINT	-302.813	1.8	332.177	0	0.1277828	0	0.9918022	3.727108	10.01498	-1.192341	-315	1.8	345	
639.9019	COLLISION_NONE	NOT_SWITCH	NOT_RESET	NOT_WAYPOINT	-302.4406	1.8	332.4342	0	0.1294119	0	0.991591	3.762962	9.999634	-1.233327	-315	1.8	345	
639.9219	COLLISION_NONE	NOT_SWITCH	NOT_RESET	NOT_WAYPOINT	-302.0672	1.8	332.6896	0	0.1302288	0	0.991484	3.813934	10.02094	-1.231276	-315	1.8	345	
639.942	COLLISION_NONE	NOT_SWITCH	NOT_RESET	NOT_WAYPOINT	-301.6933	1.8	332.945	0	0.1310482	0	0.991376	3.847366	10.00834	-1.23498	-315	1.8	345	
639.962	COLLISION_NONE	NOT_SWITCH	NOT_RESET	NOT_WAYPOINT	-301.3192	1.8	333.1998	0	0.1318706	0	0.991267	3.89325	10.0042	-1.227781	-315	1.8	345	
639.982	COLLISION_NONE	NOT_SWITCH	NOT_RESET	NOT_WAYPOINT	-300.9446	1.8	333.4539	0	0.1326957	0	0.9911568	3.902672	9.975361	-1.192083	-315	1.8	345	
640.002	COLLISION_NONE	NOT_SWITCH	NOT_RESET	NOT_WAYPOINT	-300.5696	1.8	333.7074	0	0.1343547	0	0.9909334	3.942585	9.920185	-1.168943	-315	1.8	345	
640.022	COLLISION_NONE	NOT_SWITCH	NOT_RESET	NOT_WAYPOINT	-300.1937	1.8	333.9591	0	0.1351868	0	0.9908202	3.970299	9.968048	-1.159549	-315	1.8	345	
640.0421	COLLISION_NONE	NOT_SWITCH	NOT_RESET	NOT_WAYPOINT	-299.8173	1.8	334.2107	0	0.136019	0	0.9907063	3.929352	9.925072	-1.12694	-315	1.8	345	
640.0621	COLLISION_NONE	NOT_SWITCH	NOT_RESET	NOT_WAYPOINT	-299.4406	1.8	334.4617	0	0.1368522	0	0.9905915	3.951237	9.960964	-1.100445	-315	1.8	345	
640.0821	COLLISION_NONE	NOT_SWITCH	NOT_RESET	NOT_WAYPOINT	-299.0635	1.8	334.7121	0	0.1376847	0	0.9904761	3.887882	9.920349	-1.041411	-315	1.8	345	
640.1021	COLLISION_NONE	NOT_SWITCH	NOT_RESET	NOT_WAYPOINT	-298.686	1.8	334.9618	0	0.1393523	0	0.9902429	3.922058	10.00912	-0.9868654	-315	1.8	345	
640.1221	COLLISION_NONE	NOT_SWITCH	NOT_RESET	NOT_WAYPOINT	-298.3076	1.8	335.2096	0	0.1401873	0	0.990125	3.93483	10.07672	-0.9685422	-315	1.8	345	
640.1422	COLLISION_NONE	NOT_SWITCH	NOT_RESET	NOT_WAYPOINT	-297.9287	1.8	335.4575	0	0.1410228	0	0.9900063	3.93354	10.07619	-0.9654341	-315	1.8	345	
640.1622	COLLISION_NONE	NOT_SWITCH	NOT_RESET	NOT_WAYPOINT	-297.5495	1.8	335.7046	0	0.1418596	0	0.9898868	3.973221	10.10879	-0.982405	-315	1.8	345	
640.1822	COLLISION_NONE	NOT_SWITCH	NOT_RESET	NOT_WAYPOINT	-297.1699	1.8	335.9511	0	0.1426953	0	0.9897667	3.927021	10.05811	-0.9846469	-315	1.8	345	
640.2022	COLLISION_NONE	NOT_SWITCH	NOT_RESET	NOT_WAYPOINT	-296.7898	1.8	336.197	0	0.1443646	0	0.9895246	3.899773	10.00006	-1.004998	-315	1.8	345	
640.2222	COLLISION_NONE	NOT_SWITCH	NOT_RESET	NOT_WAYPOINT	-296.4089	1.8	336.441	0	0.1451978	0	0.9894027	3.91972	10.04744	-1.020387	-315	1.8	345	
640.2422	COLLISION_NONE	NOT_SWITCH	NOT_RESET	NOT_WAYPOINT	-296.0275	1.8	336.685	0	0.1460283	0	0.9892804	3.924896	10.04774	-1.048924	-315	1.8	345	
640.2623	COLLISION_NONE	NOT_SWITCH	NOT_RESET	NOT_WAYPOINT	-295.6458	1.8	336.9283	0	0.1468573	0	0.9891577	3.87273	10.00421	-1.03911	-315	1.8	345	
640.2823	COLLISION_NONE	NOT_SWITCH	NOT_RESET	NOT_WAYPOINT	-295.2637	1.8	337.171	0	0.147684	0	0.9890347	3.830738	9.928978	-1.077547	-315	1.8	345	
640.3023	COLLISION_NONE	NOT_SWITCH	NOT_RESET	NOT_WAYPOINT	-294.8813	1.8	337.413	0	0.1493339	0	0.9887869	3.839359	9.945969	-1.110701	-315	1.8	345	
640.3223	COLLISION_NONE	NOT_SWITCH	NOT_RESET	NOT_WAYPOINT	-294.4979	1.8	337.6532	0	0.150159	0	0.9886619	3.90934	9.987915	-1.147987	-315	1.8	345	
640.3423	COLLISION_NONE	NOT_SWITCH	NOT_RESET	NOT_WAYPOINT	-294.1141	1.8	337.8933	0	0.1509862	0	0.9885359	3.90934	9.987915	-1.147987	-315	1.8	345	
640.3624	COLLISION_NONE	NOT_SWITCH	NOT_RESET	NOT_WAYPOINT	-293.73	1.8	338.1328	0	0.1518158	0	0.9884088	3.938251	9.968845	-1.143931	-315	1.8	345	
640.3824	COLLISION_NONE	NOT_SWITCH	NOT_RESET	NOT_WAYPOINT	-293.3455	1.8	338.3716	0	0.1534813	0	0.9881516	4.041397	9.954639	-1.157583	-315	1.8	345	
640.4024	COLLISION_NONE	NOT_SWITCH	NOT_RESET	NOT_WAYPOINT	-292.9601	1.8	338.6086	0	0.1543168	0	0.9880215	4.022686	9.875061	-1.15887	-315	1.8	345	
640.4224	COLLISION_NONE	NOT_SWITCH	NOT_RESET	NOT_WAYPOINT	-292.5743	1.8	338.8455	0	0.1551538	0	0.9878904	4.043957	9.89254	-1.153684	-315	1.8	345	
640.4424	COLLISION_NONE	NOT_SWITCH	NOT_RESET	NOT_WAYPOINT	-292.1882	1.8	339.0817	0	0.1559895	0	0.9877587	3.977901	9.823647	-1.126855	-315	1.8	345	
640.4625	COLLISION_NONE	NOT_SWITCH	NOT_RESET	TRIGGER_WAYPOINT	-291.8017	1.8	339.3173	0	0.1568246	0	0.9876265	3.979595	9.797337	-1.138351	-286.4683	1.8	354.2705	
640.4825	COLLISION_NONE	NOT_SWITCH	NOT_RESET	TRIGGER_WAYPOINT	-291.4148	1.8	339.5522	0	0.1584891	0	0.9873608	3.911018	9.669403	-1.14214	-286.4683	1.8	324.2705	
640.5025	COLLISION_NONE	NOT_SWITCH	NOT_RESET	NOT_WAYPOINT	-291.027	1.8	339.7852	0	0.1593204	0	0.987227	3.918411	9.640511	-1.129831	-286.4683	1.8	324.2705	
640.5225	COLLISION_NONE	NOT_SWITCH	NOT_RESET	NOT_WAYPOINT	-290.6389	1.8	340.0182	0	0.1601509	0	0.9870926	3.903904	9.622337	-1.151529	-286.4683	1.8	324.2705	
640.5425	COLLISION_NONE	NOT_SWITCH	NOT_RESET	NOT_WAYPOINT	-290.2504	1.8	340.2505	0	0.1609814	0	0.9869575	3.929585	9.641987	-1.166617	-286.4683	1.8	324.2705	
640.5626	COLLISION_NONE	NOT_SWITCH	NOT_RESET	NOT_WAYPOINT	-289.8615	1.8	340.4822	0	0.1618108	0	0.9868218	3.900223	9.578487	-1.18529	-286.4683	1.8	324.2705	
640.5826	COLLISION_NONE	NOT_SWITCH	NOT_RESET	NOT_WAYPOINT	-289.4723	1.8	340.7132	0	0.1634665	0	0.9865489	3.901791	9.447292	-1.248341	-286.4683	1.8	324.2705	
640.6026	COLLISION_NONE	NOT_SWITCH	NOT_RESET	NOT_WAYPOINT	-289.0822	1.8	340.9423	0	0.1642933	0	0.9864115	3.87682	9.385639	-1.246291	-286.4683	1.8	324.2705	
640.6226	COLLISION_NONE	NOT_SWITCH	NOT_RESET	NOT_WAYPOINT	-288.6917	1.8	341.1714	0	0.1651223	0	0.9862731	3.950562	9.440689	-1.24871	-286.4683	1.8	324.2705	
640.6426	COLLISION_NONE	NOT_SWITCH	NOT_RESET	NOT_WAYPOINT	-288.3008	1.8	341.3998	0	0.1659517	0	0.9861339	3.92469	9.405277	-1.22743	-286.4683	1.8	324.2705	
640.6627	COLLISION_NONE	NOT_SWITCH	NOT_RESET	NOT_WAYPOINT	-287.9097	1.8	341.6275	0	0.1667846	0	0.9859934	4.004879	9.474426	-1.200812	-286.4683	1.8	324.2705	
640.6827	COLLISION_NONE	NOT_SWITCH	NOT_RESET	NOT_WAYPOINT	-287.5181	1.8	341.8546	0	0.1684619	0	0.9857082	4.093987	9.555912	-1.106711	-286.4683	1.8	324.2705	
640.7027	COLLISION_NONE	NOT_SWITCH	NOT_RESET	NOT_WAYPOINT	-287.1257	1.8	342.0797	0	0.1693078	0	0.9855632	4.142616	9.649693	-1.026747	-286.4683	1.8	324.2705	
640.7227	COLLISION_NONE	NOT_SWITCH	NOT_RESET	NOT_WAYPOINT	-286.7329	1.8	342.3048	0	0.1701584	0	0.9854168	4.191055	9.704681	-0.9888092	-286.4683	1.8	324.2705	
640.7427	COLLISION_NONE	NOT_SWITCH	NOT_RESET	NOT_WAYPOINT	-286.3398	1.8	342.5292	0	0.1710132	0	0.9852688	4.223766	9.779797	-0.9273469	-286.4683	1.8	324.2705	
640.7628	COLLISION_NONE	NOT_SWITCH	NOT_RESET	NOT_WAYPOINT	-285.9463	1.8	342.7529	0	0.1718707	0	0.9851196	4.214096	9.816673	-0.8551459	-286.4683	1.8	324.2705	
640.7828	COLLISION_NONE	NOT_SWITCH	NOT_RESET	NOT_WAYPOINT	-285.5524	1.8	342.9759	0	0.1735883	0	0.9848183	4.135277	9.799671	-0.7826183	-286.4683	1.8	324.2705	
640.8028	COLLISION_NONE	NOT_SWITCH	NOT_RESET	NOT_WAYPOINT	-285.1577	1.8	343.1969	0	0.1744422	0	0.9846675	4.039284	9.718758	-0.7739803	-286.4683	1.8	324.2705	
640.8228	COLLISION_NONE	NOT_SWITCH	NOT_RESET	NOT_WAYPOINT	-284.7626	1.8	343.4179	0	0.1752935	0	0.9845162	4.03252	9.747684	-0.778465	-286.4683	1.8	324.2705	
640.8428	COLLISION_NONE	NOT_SWITCH	NOT_RESET	NOT_WAYPOINT	-284.3672	1.8	343.6382	0	0.1761416	0	0.9843649	3.981236	9.678589	-0.7842993	-286.4683	1.8	324.2705	
640.8629	COLLISION_NONE	NOT_SWITCH	NOT_RESET	NOT_WAYPOINT	-283.9805	1.8	343.8385	0	0.1769884	0	0.984213	3.999958	9.711502	-0.7976846	-286.4683	1.8	324.2705	
640.8829	COLLISION_NONE	NOT_SWITCH	NOT_RESET	NOT_WAYPOINT	-283.6025	1.8	344.0188	0	0.1786804	0	0.9839072	4.020386	9.764771	-0.8300954	-286.4683	1.8	324.2705	
640.9029	COLLISION_NONE	NOT_SWITCH	NOT_RESET	NOT_WAYPOINT	-283.2424	1.8	344.1598	0	0.179526	0	0.9837533	4.036087	9.807415	-0.844936	-286.4683	1.8	324.2705	
640.9229	COLLISION_NONE	NOT_SWITCH	NOT_RESET	NOT_WAYPOINT	-282.8861	1.8	344.2956	0	0.1803708	0	0.9835987	4.035355	9.796432	-0.8750048	-286.4683	1.8	324.2705	
640.9429	COLLISION_NONE	NOT_SWITCH	NOT_RESET	NOT_WAYPOINT	-282.5354	1.8	344.4212	0	0.1812151	0	0.9834435	4.071777	9.810715	-0.9666266	-286.4683	1.8	324.2705	
640.963	COLLISION_NONE	NOT_SWITCH	NOT_RESET	NOT_WAYPOINT	-282.1931	1.8	344.5285	0	0.1828971	0	0.9831321	4.06538	9.761303	-1.100938	-286.4683	1.8	324.2705	
640.983	COLLISION_NONE	NOT_SWITCH	NOT_RESET	NOT_WAYPOINT	-281.8769	1.8	344.5737	0	0.1837333	0	0.9829762	4.000092	9.672626	-1.177708	-286.4683	1.8	324.2705	
641.003	COLLISION_NONE	NOT_SWITCH	NOT_RESET	NOT_WAYPOINT	-281.586	1.8	344.5511	0	0.1845679	0	0.9828197	3.995331	9.637192	-1.224441	-286.4683	1.8	324.2705	
641.023	COLLISION_NONE	NOT_SWITCH	NOT_RESET	NOT_WAYPOINT	-281.3286	1.8	344.4351	0	0.1854017	0	0.9826629	4.008945	9.646809	-1.235317	-286.4683	1.8	324.2705	
641.043	COLLISION_NONE	NOT_SWITCH	NOT_RESET	NOT_WAYPOINT	-281.1062	1.8	344.2172	0	0.1862344	0	0.9825054	4.065536	9.659569	-1.238104	-286.4683	1.8	324.2705	
641.063	COLLISION_NONE	NOT_SWITCH	NOT_RESET	NOT_WAYPOINT	-280.9088	1.8	343.9249	0	0.187907	0	0.9821869	4.115036	9.614647	-1.156212	-286.4683	1.8	324.2705	
641.0831	COLLISION_NONE	NOT_SWITCH	NOT_RESET	NOT_WAYPOINT	-280.7345	1.8	343.563	0	0.1887495	0	0.9820253	4.130318	9.616089	-1.124182	-286.4683	1.8	324.2705	
641.1031	COLLISION_NONE	NOT_SWITCH	NOT_RESET	NOT_WAYPOINT	-280.557	1.8	343.2127	0	0.1895976	0	0.9818618	4.210556	9.646286	-1.004268	-286.4683	1.8	324.2705	
641.1231	COLLISION_NONE	NOT_SWITCH	NOT_RESET	NOT_WAYPOINT	-280.3796	1.8	342.8656	0	0.1904502	0	0.9816969	4.221291	9.601151	-0.9471759	-286.4683	1.8	324.2705	
641.1431	COLLISION_NONE	NOT_SWITCH	NOT_RESET	NOT_WAYPOINT	-280.2019	1.8	342.5205	0	0.1913077	0	0.9815302	4.263329	9.608398	-0.8702371	-286.4683	1.8	324.2705	
641.1631	COLLISION_NONE	NOT_SWITCH	NOT_RESET	NOT_WAYPOINT	-280.0237	1.8	342.175	0	0.1930294	0	0.981193	4.218571	9.489952	-0.7618114	-286.4683	1.8	324.2705	
641.1832	COLLISION_NONE	NOT_SWITCH	NOT_RESET	NOT_WAYPOINT	-279.8473	1.8	341.8289	0	0.1938928	0	0.9810228	4.210014	9.455929	-0.7041175	-286.4683	1.8	324.2705	
641.2032	COLLISION_NONE	NOT_SWITCH	NOT_RESET	NOT_WAYPOINT	-279.6709	1.8	341.4825	0	0.1947564	0	0.9808517	4.183949	9.479031	-0.6645097	-286.4683	1.8	324.2705	
641.2232	COLLISION_NONE	NOT_SWITCH	NOT_RESET	NOT_WAYPOINT	-279.4951	1.8	341.1358	0	0.1956185	0	0.9806801	4.112431	9.434948	-0.6354342	-286.4683	1.8	324.2705	
641.2432	COLLISION_NONE	NOT_SWITCH	NOT_RESET	NOT_WAYPOINT	-279.3199	1.8	340.7888	0	0.1964796	0	0.980508	4.080334	9.475216	-0.5962056	-286.4683	1.8	324.2705	
641.2632	COLLISION_NONE	NOT_SWITCH	NOT_RESET	NOT_WAYPOINT	-279.1454	1.8	340.4414	0	0.198199	0	0.9801618	4.113087	9.631485	-0.5581641	-286.4683	1.8	324.2705	
641.2833	COLLISION_NONE	NOT_SWITCH	NOT_RESET	NOT_WAYPOINT	-278.9726	1.8	340.0935	0	0.1990592	0	0.9799875	4.135284	9.680653	-0.5574008	-286.4683	1.8	324.2705	
641.3033	COLLISION_NONE	NOT_SWITCH	NOT_RESET	NOT_WAYPOINT	-278.7999	1.8	339.7451	0	0.1999213	0	0.9798119	4.196186	9.752064	-0.5814241	-286.4683	1.8	324.2705	
641.3233	COLLISION_NONE	NOT_SWITCH	NOT_RESET	NOT_WAYPOINT	-278.6278	1.8	339.3966	0	0.2007837	0	0.9796357	4.187649	9.72924	-0.6177406	-286.4683	1.8	324.2705	
641.3433	COLLISION_NONE	NOT_SWITCH	NOT_RESET	NOT_WAYPOINT	-278.4563	1.8	339.0478	0	0.2016474	0	0.9794582	4.265209	9.785255	-0.685807	-286.4683	1.8	324.2705	
641.3633	COLLISION_NONE	NOT_SWITCH	NOT_RESET	NOT_WAYPOINT	-278.2854	1.8	338.6986	0	0.2033746	0	0.979101	4.291916	9.791775	-0.7758132	-286.4683	1.8	324.2705	
641.3834	COLLISION_NONE	NOT_SWITCH	NOT_RESET	NOT_WAYPOINT	-278.1164	1.8	338.3488	0	0.2042367	0	0.9789215	4.265125	9.746544	-0.8221461	-286.4683	1.8	324.2705	
641.4034	COLLISION_NONE	NOT_SWITCH	NOT_RESET	NOT_WAYPOINT	-277.9473	1.8	337.9987	0	0.2050988	0	0.9787413	4.304897	9.811996	-0.8476083	-286.4683	1.8	324.2705	
641.4234	COLLISION_NONE	NOT_SWITCH	NOT_RESET	NOT_WAYPOINT	-277.7789	1.8	337.6484	0	0.2059595	0	0.9785606	4.253258	9.722652	-0.8600389	-286.4683	1.8	324.2705	
641.4434	COLLISION_NONE	NOT_SWITCH	NOT_RESET	NOT_WAYPOINT	-277.6111	1.8	337.2978	0	0.2068201	0	0.9783791	4.292694	9.744755	-0.8770783	-286.4683	1.8	324.2705	
641.4634	COLLISION_NONE	NOT_SWITCH	NOT_RESET	NOT_WAYPOINT	-277.444	1.8	336.9468	0	0.2085416	0	0.9780136	4.288197	9.663612	-0.8818204	-286.4683	1.8	324.2705	
641.4835	COLLISION_NONE	NOT_SWITCH	NOT_RESET	NOT_WAYPOINT	-277.2786	1.8	336.5953	0	0.2094048	0	0.9778291	4.334152	9.682323	-0.8487239	-286.4683	1.8	324.2705	
641.5035	COLLISION_NONE	NOT_SWITCH	NOT_RESET	NOT_WAYPOINT	-277.1133	1.8	336.2434	0	0.2102692	0	0.9776435	4.349133	9.696903	-0.8502072	-286.4683	1.8	324.2705	
641.5235	COLLISION_NONE	NOT_SWITCH	NOT_RESET	NOT_WAYPOINT	-276.9485	1.8	335.8913	0	0.2111349	0	0.9774569	4.350033	9.695396	-0.805215	-286.4683	1.8	324.2705	
641.5435	COLLISION_NONE	NOT_SWITCH	NOT_RESET	NOT_WAYPOINT	-276.7845	1.8	335.5389	0	0.2120035	0	0.9772689	4.400978	9.688763	-0.7821566	-286.4683	1.8	324.2705	
641.5635	COLLISION_NONE	NOT_SWITCH	NOT_RESET	NOT_WAYPOINT	-276.621	1.8	335.1862	0	0.2137437	0	0.9768898	4.395576	9.689228	-0.7500755	-286.4683	1.8	324.2705	
641.5836	COLLISION_NONE	NOT_SWITCH	NOT_RESET	NOT_WAYPOINT	-276.4594	1.8	334.833	0	0.2146146	0	0.9766988	4.38464	9.657036	-0.7529209	-286.4683	1.8	324.2705	
641.6036	COLLISION_NONE	NOT_SWITCH	NOT_RESET	NOT_WAYPOINT	-276.2979	1.8	334.4793	0	0.2154865	0	0.9765068	4.410015	9.691422	-0.744414	-286.4683	1.8	324.2705	
641.6236	COLLISION_NONE	NOT_SWITCH	NOT_RESET	NOT_WAYPOINT	-276.1369	1.8	334.1255	0	0.2163572	0	0.9763143	4.359573	9.653816	-0.7327031	-286.4683	1.8	324.2705	
641.6436	COLLISION_NONE	NOT_SWITCH	NOT_RESET	NOT_WAYPOINT	-275.9766	1.8	333.7714	0	0.2180945	0	0.9759277	4.337395	9.609432	-0.7619629	-286.4683	1.8	324.2705	
641.6636	COLLISION_NONE	NOT_SWITCH	NOT_RESET	NOT_WAYPOINT	-275.8182	1.8	333.4167	0	0.2189614	0	0.9757335	4.335823	9.628872	-0.7824582	-286.4683	1.8	324.2705	
641.6837	COLLISION_NONE	NOT_SWITCH	NOT_RESET	NOT_WAYPOINT	-275.6598	1.8	333.0616	0	0.2198287	0	0.9755386	4.375103	9.630207	-0.7872496	-286.4683	1.8	324.2705	
641.7037	COLLISION_NONE	NOT_SWITCH	NOT_RESET	NOT_WAYPOINT	-275.502	1.8	332.7064	0	0.2206985	0	0.9753421	4.437199	9.642025	-0.8034063	-286.4683	1.8	324.2705	
641.7237	COLLISION_NONE	NOT_SWITCH	NOT_RESET	NOT_WAYPOINT	-275.3448	1.8	332.3508	0	0.2215682	0	0.9751449	4.399414	9.582371	-0.8203575	-286.4683	1.8	324.2705	
641.7437	COLLISION_NONE	NOT_SWITCH	NOT_RESET	NOT_WAYPOINT	-275.1884	1.8	331.995	0	0.2233091	0	0.9747477	4.386318	9.528843	-0.8156275	-286.4683	1.8	324.2705	
641.7637	COLLISION_NONE	NOT_SWITCH	NOT_RESET	NOT_WAYPOINT	-275.0337	1.8	331.6387	0	0.2241784	0	0.9745482	4.380451	9.538483	-0.8072473	-286.4683	1.8	324.2705	
641.7838	COLLISION_NONE	NOT_SWITCH	NOT_RESET	NOT_WAYPOINT	-274.8791	1.8	331.2819	0	0.2250456	0	0.9743482	4.331757	9.469444	-0.800889	-286.4683	1.8	324.2705	
641.8038	COLLISION_NONE	NOT_SWITCH	NOT_RESET	NOT_WAYPOINT	-274.7251	1.8	330.925	0	0.2259128	0	0.9741476	4.363781	9.475555	-0.8067024	-286.4683	1.8	324.2705	
641.8238	COLLISION_NONE	NOT_SWITCH	NOT_RESET	NOT_WAYPOINT	-274.5718	1.8	330.5678	0	0.2267795	0	0.9739462	4.337463	9.375946	-0.8058658	-286.4683	1.8	324.2705	
641.8438	COLLISION_NONE	NOT_SWITCH	NOT_RESET	NOT_WAYPOINT	-274.4191	1.8	330.2104	0	0.2285138	0	0.9735407	4.37582	9.407841	-0.7789544	-286.4683	1.8	324.2705	
641.8638	COLLISION_NONE	NOT_SWITCH	NOT_RESET	TRIGGER_WAYPOINT	-274.2683	1.8	329.8524	0	0.2293841	0	0.973336	4.395088	9.431728	-0.7685122	-257.9366	1.8	333.541	
641.8839	COLLISION_NONE	NOT_SWITCH	NOT_RESET	NOT_WAYPOINT	-274.1175	1.8	329.494	0	0.2302564	0	0.97313	4.436661	9.47646	-0.7362605	-257.9366	1.8	333.541	
641.9039	COLLISION_NONE	NOT_SWITCH	NOT_RESET	NOT_WAYPOINT	-273.9673	1.8	329.1354	0	0.2311306	0	0.9729228	4.460865	9.486752	-0.7321523	-257.9366	1.8	333.541	
641.9239	COLLISION_NONE	NOT_SWITCH	NOT_RESET	NOT_WAYPOINT	-273.8179	1.8	328.7766	0	0.232004	0	0.9727149	4.419556	9.40588	-0.7570165	-257.9366	1.8	333.541	
641.9439	COLLISION_NONE	NOT_SWITCH	NOT_RESET	NOT_WAYPOINT	-273.669	1.8	328.4175	0	0.2337475	0	0.9722974	4.363449	9.354126	-0.7664587	-257.9366	1.8	333.541	
641.9639	COLLISION_NONE	NOT_SWITCH	NOT_RESET	NOT_WAYPOINT	-273.5221	1.8	328.058	0	0.234616	0	0.9720882	4.355316	9.371609	-0.7900149	-257.9366	1.8	333.541	
641.9839	COLLISION_NONE	NOT_SWITCH	NOT_RESET	NOT_WAYPOINT	-273.3752	1.8	327.698	0	0.2354811	0	0.9718789	4.292755	9.301052	-0.8000183	-257.9366	1.8	333.541	
642.004	COLLISION_NONE	NOT_SWITCH	NOT_RESET	NOT_WAYPOINT	-273.2289	1.8	327.3378	0	0.2363457	0	0.9716691	4.306847	9.306625	-0.7933525	-257.9366	1.8	333.541	
642.024	COLLISION_NONE	NOT_SWITCH	NOT_RESET	NOT_WAYPOINT	-273.0833	1.8	326.9774	0	0.2372095	0	0.9714586	4.305187	9.246468	-0.7980013	-257.9366	1.8	333.541	
642.044	COLLISION_NONE	NOT_SWITCH	NOT_RESET	NOT_WAYPOINT	-272.9383	1.8	326.6168	0	0.2389371	0	0.9710351	4.336922	9.278774	-0.7767649	-257.9366	1.8	333.541	
642.064	COLLISION_NONE	NOT_SWITCH	NOT_RESET	NOT_WAYPOINT	-272.7951	1.8	326.2556	0	0.2398038	0	0.9708214	4.354988	9.271767	-0.7806131	-257.9366	1.8	333.541	
642.084	COLLISION_NONE	NOT_SWITCH	NOT_RESET	NOT_WAYPOINT	-272.6521	1.8	325.8941	0	0.2406721	0	0.9706065	4.396877	9.296989	-0.7656923	-257.9366	1.8	333.541	
642.1041	COLLISION_NONE	NOT_SWITCH	NOT_RESET	NOT_WAYPOINT	-272.5096	1.8	325.5324	0	0.2415417	0	0.9703904	4.419262	9.322701	-0.7723107	-257.9366	1.8	333.541	
642.1241	COLLISION_NONE	NOT_SWITCH	NOT_RESET	NOT_WAYPOINT	-272.3679	1.8	325.1705	0	0.2424106	0	0.9701738	4.384228	9.233025	-0.7941229	-257.9366	1.8	333.541	
642.1441	COLLISION_NONE	NOT_SWITCH	NOT_RESET	NOT_WAYPOINT	-272.2268	1.8	324.8083	0	0.2441469	0	0.9697383	4.35342	9.176205	-0.7964836	-257.9366	1.8	333.541	
642.1641	COLLISION_NONE	NOT_SWITCH	NOT_RESET	NOT_WAYPOINT	-272.0875	1.8	324.4456	0	0.2450134	0	0.9695197	4.345146	9.179531	-0.7979029	-257.9366	1.8	333.541	
642.1841	COLLISION_NONE	NOT_SWITCH	NOT_RESET	NOT_WAYPOINT	-271.9483	1.8	324.0826	0	0.2458783	0	0.9693007	4.316513	9.097069	-0.8005127	-257.9366	1.8	333.541	
642.2042	COLLISION_NONE	NOT_SWITCH	NOT_RESET	NOT_WAYPOINT	-271.8098	1.8	323.7194	0	0.2467431	0	0.969081	4.331932	9.098152	-0.7908094	-257.9366	1.8	333.541	
642.2242	COLLISION_NONE	NOT_SWITCH	NOT_RESET	NOT_WAYPOINT	-271.6719	1.8	323.356	0	0.2484737	0	0.9686387	4.337616	9.12579	-0.7275901	-257.9366	1.8	333.541	
642.2442	COLLISION_NONE	NOT_SWITCH	NOT_RESET	NOT_WAYPOINT	-271.5359	1.8	322.9921	0	0.2493397	0	0.9684161	4.332848	9.131855	-0.7125369	-257.9366	1.8	333.541	
642.2642	COLLISION_NONE	NOT_SWITCH	NOT_RESET	NOT_WAYPOINT	-271.4	1.8	322.6278	0	0.250207	0	0.9681924	4.365368	9.196827	-0.6920545	-257.9366	1.8	333.541	
642.2842	COLLISION_NONE	NOT_SWITCH	NOT_RESET	NOT_WAYPOINT	-271.2647	1.8	322.2634	0	0.2510749	0	0.9679677	4.360043	9.162582	-0.689756	-257.9366	1.8	333.541	
642.3043	COLLISION_NONE	NOT_SWITCH	NOT_RESET	NOT_WAYPOINT	-271.1201	1.8	321.9184	0	0.2519441	0	0.9677418	4.397366	9.202957	-0.6979432	-257.9366	1.8	333.541	
642.3243	COLLISION_NONE	NOT_SWITCH	NOT_RESET	NOT_WAYPOINT	-270.9748	1.8	321.5955	0	0.2536847	0	0.967287	4.412182	9.191647	-0.6589293	-257.9366	1.8	333.541	
642.3443	COLLISION_NONE	NOT_SWITCH	NOT_RESET	NOT_WAYPOINT	-270.8466	1.8	321.3137	0	0.2545564	0	0.9670579	4.408443	9.166313	-0.6571076	-257.9366	1.8	333.541	
642.3643	COLLISION_NONE	NOT_SWITCH	NOT_RESET	NOT_WAYPOINT	-270.7546	1.8	321.1489	0	0.25543	0	0.9668276	4.438412	9.190563	-0.6539884	-257.9366	1.8	333.541	
642.3843	COLLISION_NONE	NOT_SWITCH	NOT_RESET	NOT_WAYPOINT	-270.6989	1.8	321.1005	0	0.2563025	0	0.9665966	4.411877	9.166504	-0.6369809	-257.9366	1.8	333.541	
642.4044	COLLISION_NONE	NOT_SWITCH	NOT_RESET	NOT_WAYPOINT	-270.6782	1.8	321.1649	0	0.2571757	0	0.9663647	4.427799	9.173363	-0.6442671	-257.9366	1.8	333.541	
642.4244	COLLISION_NONE	NOT_SWITCH	NOT_RESET	NOT_WAYPOINT	-270.6909	1.8	321.3421	0	0.258926	0	0.9658972	4.476109	9.210789	-0.6386046	-257.9366	1.8	333.541	
642.4444	COLLISION_NONE	NOT_SWITCH	NOT_RESET	NOT_WAYPOINT	-270.7682	1.8	321.7455	0	0.2598047	0	0.9656612	4.531471	9.246029	-0.6122992	-257.9366	1.8	333.541	
642.4644	COLLISION_NONE	NOT_SWITCH	NOT_RESET	NOT_WAYPOINT	-270.8569	1.8	322.1937	0	0.2606854	0	0.9654239	4.549793	9.244862	-0.6098444	-257.9366	1.8	333.541	
642.4844	COLLISION_NONE	NOT_SWITCH	NOT_RESET	NOT_WAYPOINT	-270.9448	1.8	322.642	0	0.2615674	0	0.9651853	4.55484	9.184048	-0.6090947	-257.9366	1.8	333.541	
642.5045	COLLISION_NONE	NOT_SWITCH	NOT_RESET	NOT_WAYPOINT	-271.0318	1.8	323.0905	0	0.2624511	0	0.9649454	4.586582	9.170067	-0.6213882	-257.9366	1.8	333.541	
642.5245	COLLISION_NONE	NOT_SWITCH	NOT_RESET	NOT_WAYPOINT	-271.1181	1.8	323.5392	0	0.26422	0	0.9644625	4.58065	9.032143	-0.6189519	-257.9366	1.8	333.541	
642.5445	COLLISION_NONE	NOT_SWITCH	NOT_RESET	NOT_WAYPOINT	-271.202	1.8	323.9879	0	0.2651035	0	0.96422	4.523296	8.923073	-0.6243504	-257.9366	1.8	333.541	
642.5645	COLLISION_NONE	NOT_SWITCH	NOT_RESET	NOT_WAYPOINT	-271.2858	1.8	324.4372	0	0.2659866	0	0.9639767	4.526485	8.884434	-0.6243477	-257.9366	1.8	333.541	
642.5845	COLLISION_NONE	NOT_SWITCH	NOT_RESET	NOT_WAYPOINT	-271.3687	1.8	324.8864	0	0.2668697	0	0.9637327	4.499546	8.785969	-0.5710626	-257.9366	1.8	333.541	
642.6046	COLLISION_NONE	NOT_SWITCH	NOT_RESET	NOT_WAYPOINT	-271.4508	1.8	325.3358	0	0.267754	0	0.9634873	4.528755	8.747032	-0.5626626	-257.9366	1.8	333.541	
642.6246	COLLISION_NONE	NOT_SWITCH	NOT_RESET	NOT_WAYPOINT	-271.5321	1.8	325.7854	0	0.269528	0	0.9629926	4.566925	8.823666	-0.4950857	-257.9366	1.8	333.541	
642.6446	COLLISION_NONE	NOT_SWITCH	NOT_RESET	NOT_WAYPOINT	-271.6111	1.8	326.2351	0	0.2704172	0	0.9627433	4.566925	8.823666	-0.4950857	-257.9366	1.8	333.541	
642.6646	COLLISION_NONE	NOT_SWITCH	NOT_RESET	NOT_WAYPOINT	-271.6899	1.8	326.6852	0	0.2713083	0	0.9624926	4.596504	8.846272	-0.4404815	-257.9366	1.8	333.541	
642.6846	COLLISION_NONE	NOT_SWITCH	NOT_RESET	NOT_WAYPOINT	-271.7679	1.8	327.1354	0	0.2722	0	0.9622407	4.570843	8.765102	-0.4149573	-257.9366	1.8	333.541	
642.7047	COLLISION_NONE	NOT_SWITCH	NOT_RESET	NOT_WAYPOINT	-271.845	1.8	327.5857	0	0.2730936	0	0.9619875	4.604385	8.786964	-0.3893111	-257.9366	1.8	333.541	
642.7247	COLLISION_NONE	NOT_SWITCH	NOT_RESET	NOT_WAYPOINT	-271.9213	1.8	328.0361	0	0.274883	0	0.9614778	4.602764	8.705009	-0.3600374	-257.9366	1.8	333.541	
642.7447	COLLISION_NONE	NOT_SWITCH	NOT_RESET	NOT_WAYPOINT	-271.9953	1.8	328.4866	0	0.2757779	0	0.9612215	4.559975	8.667801	-0.3187393	-257.9366	1.8	333.541	
642.7647	COLLISION_NONE	NOT_SWITCH	NOT_RESET	NOT_WAYPOINT	-272.0691	1.8	328.9376	0	0.2766743	0	0.9609638	4.596882	8.666916	-0.2991621	-257.9366	1.8	333.541	
642.7847	COLLISION_NONE	NOT_SWITCH	NOT_RESET	NOT_WAYPOINT	-272.142	1.8	329.3886	0	0.2775729	0	0.9607046	4.624493	8.649239	-0.2730099	-257.9366	1.8	333.541	
642.8047	COLLISION_NONE	NOT_SWITCH	NOT_RESET	NOT_WAYPOINT	-272.2141	1.8	329.8397	0	0.2784739	0	0.9604439	4.667645	8.696415	-0.2734162	-257.9366	1.8	333.541	
642.8248	COLLISION_NONE	NOT_SWITCH	NOT_RESET	NOT_WAYPOINT	-272.2854	1.8	330.291	0	0.2802852	0	0.9599168	4.749027	8.806007	-0.2294683	-257.9366	1.8	333.541	
642.8448	COLLISION_NONE	NOT_SWITCH	NOT_RESET	NOT_WAYPOINT	-272.3543	1.8	330.7423	0	0.2811953	0	0.9596506	4.801903	8.896103	-0.2013096	-257.9366	1.8	333.541	
642.8648	COLLISION_NONE	NOT_SWITCH	NOT_RESET	NOT_WAYPOINT	-272.423	1.8	331.1941	0	0.2821083	0	0.9593826	4.839092	8.971603	-0.179318	-257.9366	1.8	333.541	
642.8848	COLLISION_NONE	NOT_SWITCH	NOT_RESET	NOT_WAYPOINT	-272.4908	1.8	331.6458	0	0.283022	0	0.9591134	4.822681	8.92918	-0.191203	-257.9366	1.8	333.541	
642.9048	COLLISION_NONE	NOT_SWITCH	NOT_RESET	NOT_WAYPOINT	-272.5578	1.8	332.0977	0	0.2848504	0	0.958572	4.86808	9.002373	-0.2084829	-257.9366	1.8	333.541	
642.9249	COLLISION_NONE	NOT_SWITCH	NOT_RESET	NOT_WAYPOINT	-272.6426	1.8	332.5176	0	0.2857626	0	0.9583005	4.810001	8.93877	-0.2450367	-257.9366	1.8	333.541	
642.9449	COLLISION_NONE	NOT_SWITCH	NOT_RESET	NOT_WAYPOINT	-272.7383	1.8	332.9188	0	0.2866713	0	0.958029	4.736717	8.874779	-0.2565998	-257.9366	1.8	333.541	
642.9649	COLLISION_NONE	NOT_SWITCH	NOT_RESET	NOT_WAYPOINT	-272.845	1.8	333.3014	0	0.2875775	0	0.9577574	4.73568	8.899647	-0.2752811	-257.9366	1.8	333.541	
642.9849	COLLISION_NONE	NOT_SWITCH	NOT_RESET	NOT_WAYPOINT	-272.9629	1.8	333.6656	0	0.2884818	0	0.9574854	4.711796	8.836739	-0.2883303	-257.9366	1.8	333.541	
643.0049	COLLISION_NONE	NOT_SWITCH	NOT_RESET	NOT_WAYPOINT	-273.0924	1.8	334.012	0	0.2902904	0	0.9569386	4.756832	8.90807	-0.2764022	-257.9366	1.8	333.541	
643.025	COLLISION_NONE	NOT_SWITCH	NOT_RESET	NOT_WAYPOINT	-273.2379	1.8	334.3325	0	0.2911967	0	0.9566632	4.787628	8.929783	-0.2629886	-257.9366	1.8	333.541	
643.045	COLLISION_NONE	NOT_SWITCH	NOT_RESET	NOT_WAYPOINT	-273.3901	1.8	334.642	0	0.2921051	0	0.9563862	4.855091	8.980728	-0.2911985	-257.9366	1.8	333.541	
643.065	COLLISION_NONE	NOT_SWITCH	NOT_RESET	NOT_WAYPOINT	-273.5482	1.8	334.9413	0	0.2930145	0	0.956108	4.882401	8.986359	-0.3140656	-257.9366	1.8	333.541	
643.085	COLLISION_NONE	NOT_SWITCH	NOT_RESET	NOT_WAYPOINT	-273.7168	1.8	335.2222	0	0.2939265	0	0.955828	4.92815	9.001774	-0.312162	-257.9366	1.8	333.541	
643.105	COLLISION_NONE	NOT_SWITCH	NOT_RESET	NOT_WAYPOINT	-273.8958	1.8	335.485	0	0.2957503	0	0.9552653	4.910477	8.946896	-0.3248007	-257.9366	1.8	333.541	
643.1251	COLLISION_NONE	NOT_SWITCH	NOT_RESET	NOT_WAYPOINT	-274.088	1.8	335.7228	0	0.2966602	0	0.9549831	4.84668	8.846992	-0.329936	-257.9366	1.8	333.541	
643.1451	COLLISION_NONE	NOT_SWITCH	NOT_RESET	NOT_WAYPOINT	-274.2793	1.8	335.9579	0	0.2975677	0	0.9547008	4.79026	8.725254	-0.3317616	-257.9366	1.8	333.541	
643.1651	COLLISION_NONE	NOT_SWITCH	NOT_RESET	NOT_WAYPOINT	-274.4702	1.8	336.1899	0	0.2984736	0	0.9544179	4.776619	8.65934	-0.3388304	-257.9366	1.8	333.541	
643.1851	COLLISION_NONE	NOT_SWITCH	NOT_RESET	NOT_WAYPOINT	-274.6622	1.8	336.417	0	0.299378	0	0.9541346	4.75095	8.62286	-0.3179358	-257.9366	1.8	333.541	
643.2051	COLLISION_NONE	NOT_SWITCH	NOT_RESET	NOT_WAYPOINT	-274.8576	1.8	336.6371	0	0.3011842	0	0.953566	4.734596	8.530117	-0.2970303	-257.9366	1.8	333.541	
643.2252	COLLISION_NONE	NOT_SWITCH	NOT_RESET	NOT_WAYPOINT	-275.0757	1.8	336.8242	0	0.3020866	0	0.9532805	4.719971	8.48381	-0.2944682	-257.9366	1.8	333.541	
643.2452	COLLISION_NONE	NOT_SWITCH	NOT_RESET	NOT_WAYPOINT	-275.3135	1.8	336.9867	0	0.3029898	0	0.9529938	4.728901	8.464203	-0.301608	-257.9366	1.8	333.541	
643.2652	COLLISION_NONE	NOT_SWITCH	NOT_RESET	NOT_WAYPOINT	-275.5737	1.8	337.122	0	0.3038923	0	0.9527064	4.708271	8.36882	-0.2827147	-257.9366	1.8	333.541	
643.2852	COLLISION_NONE	NOT_SWITCH	NOT_RESET	NOT_WAYPOINT	-275.8533	1.8	337.2349	0	0.304795	0	0.952418	4.723602	8.368279	-0.289161	-257.9366	1.8	333.541	
643.3052	COLLISION_NONE	NOT_SWITCH	NOT_RESET	NOT_WAYPOINT	-276.1474	1.8	337.3323	0	0.3065963	0	0.9518397	4.655098	8.21312	-0.2904153	-257.9366	1.8	333.541	
643.3253	COLLISION_NONE	NOT_SWITCH	NOT_RESET	NOT_WAYPOINT	-276.4623	1.8	337.4075	0	0.3074934	0	0.9515503	4.590855	8.12421	-0.2802672	-257.9366	1.8	333.541	
643.3453	COLLISION_NONE	NOT_SWITCH	NOT_RESET	NOT_WAYPOINT	-276.7758	1.8	337.4845	0	0.308388	0	0.9512606	4.564991	8.070091	-0.2913901	-257.9366	1.8	333.541	
643.3653	COLLISION_NONE	NOT_SWITCH	NOT_RESET	NOT_WAYPOINT	-277.0893	1.8	337.5635	0	0.3092802	0	0.9509709	4.528431	8.01302	-0.2914654	-257.9366	1.8	333.541	
643.3853	COLLISION_NONE	NOT_SWITCH	NOT_RESET	NOT_WAYPOINT	-277.403	1.8	337.6436	0	0.3110641	0	0.9503889	4.594391	8.051483	-0.3210752	-257.9366	1.8	333.541	
643.4053	COLLISION_NONE	NOT_SWITCH	NOT_RESET	NOT_WAYPOINT	-277.7163	1.8	337.7255	0	0.3119573	0	0.9500962	4.626667	8.0756	-0.3404138	-257.9366	1.8	333.541	
643.4254	COLLISION_NONE	NOT_SWITCH	NOT_RESET	NOT_WAYPOINT	-278.0315	1.8	337.8036	0	0.3128514	0	0.9498021	4.636803	8.087051	-0.3332227	-257.9366	1.8	333.541	
643.4454	COLLISION_NONE	NOT_SWITCH	NOT_RESET	NOT_WAYPOINT	-278.3501	1.8	337.877	0	0.3137462	0	0.9495069	4.644886	8.079517	-0.344316	-257.9366	1.8	333.541	
643.4654	COLLISION_NONE	NOT_SWITCH	NOT_RESET	NOT_WAYPOINT	-278.6727	1.8	337.9454	0	0.3146403	0	0.9492111	4.623039	8.026165	-0.3462548	-257.9366	1.8	333.541	
643.4854	COLLISION_NONE	NOT_SWITCH	NOT_RESET	NOT_WAYPOINT	-278.9995	1.8	338.0088	0	0.3164268	0	0.9486169	4.610336	8.001827	-0.3731248	-257.9366	1.8	333.541	
643.5054	COLLISION_NONE	NOT_SWITCH	NOT_RESET	NOT_WAYPOINT	-279.3314	1.8	338.0699	0	0.3173193	0	0.9483188	4.63747	8.026073	-0.3825758	-257.9366	1.8	333.541	
643.5255	COLLISION_NONE	NOT_SWITCH	NOT_RESET	NOT_WAYPOINT	-279.6609	1.8	338.1311	0	0.318211	0	0.94802	4.646629	8.017212	-0.3674637	-257.9366	1.8	333.541	
643.5455	COLLISION_NONE	NOT_SWITCH	NOT_RESET	NOT_WAYPOINT	-279.9896	1.8	338.194	0	0.3191055	0	0.9477192	4.707874	8.075939	-0.3585109	-257.9366	1.8	333.541	
643.5655	COLLISION_NONE	NOT_SWITCH	NOT_RESET	NOT_WAYPOINT	-280.3185	1.8	338.2582	0	0.3200017	0	0.947417	4.70414	8.010265	-0.3584867	-257.9366	1.8	333.541	
643.5855	COLLISION_NONE	NOT_SWITCH	NOT_RESET	NOT_WAYPOINT	-280.645	1.8	338.3223	0	0.3218043	0	0.9468062	4.843727	8.126045	-0.3350857	-257.9366	1.8	333.541	
643.6055	COLLISION_NONE	NOT_SWITCH	NOT_RESET	NOT_WAYPOINT	-280.9637	1.8	338.392	0	0.3227111	0	0.9464976	4.893959	8.176311	-0.3433412	-257.9366	1.8	333.541	
643.6255	COLLISION_NONE	NOT_SWITCH	NOT_RESET	NOT_WAYPOINT	-281.2708	1.8	338.476	0	0.3236198	0	0.9461872	4.91048	8.200207	-0.3452731	-257.9366	1.8	333.541	
643.6456	COLLISION_NONE	NOT_SWITCH	NOT_RESET	NOT_WAYPOINT	-281.5682	1.8	338.571	0	0.3245302	0	0.9458753	4.937969	8.244873	-0.3480262	-257.9366	1.8	333.541	
643.6656	COLLISION_NONE	NOT_SWITCH	NOT_RESET	NOT_WAYPOINT	-281.7924	1.8	338.7607	0	0.3254404	0	0.9455625	4.919666	8.177311	-0.3757081	-257.9366	1.8	333.541	
643.6856	COLLISION_NONE	NOT_SWITCH	NOT_RESET	NOT_WAYPOINT	-281.9443	1.8	339.045	0	0.3272614	0	0.9449338	4.936031	8.218479	-0.4020164	-257.9366	1.8	333.541	
643.7056	COLLISION_NONE	NOT_SWITCH	NOT_RESET	NOT_WAYPOINT	-281.9551	1.8	339.5186	0	0.3281727	0	0.9446177	4.970486	8.237926	-0.4104941	-257.9366	1.8	333.541	
643.7256	COLLISION_NONE	NOT_SWITCH	NOT_RESET	NOT_WAYPOINT	-281.9753	1.8	339.9791	0	0.3290833	0	0.9443009	4.945343	8.190197	-0.4042462	-257.9366	1.8	333.541	
643.7457	COLLISION_NONE	NOT_SWITCH	NOT_RESET	NOT_WAYPOINT	-281.9968	1.8	340.4364	0	0.3299938	0	0.9439831	4.95153	8.200684	-0.3841014	-257.9366	1.8	333.541	
643.7657	COLLISION_NONE	NOT_SWITCH	NOT_RESET	NOT_WAYPOINT	-282.0188	1.8	340.8928	0	0.3309046	0	0.9436643	4.975235	8.158279	-0.3750386	-257.9366	1.8	333.541	
643.7857	COLLISION_NONE	NOT_SWITCH	NOT_RESET	NOT_WAYPOINT	-282.04	1.8	341.3492	0	0.3327305	0	0.943022	5.024628	8.192612	-0.3850529	-257.9366	1.8	333.541	
643.8057	COLLISION_NONE	NOT_SWITCH	NOT_RESET	NOT_WAYPOINT	-282.0589	1.8	341.8053	0	0.3336464	0	0.9426984	5.073833	8.258358	-0.3738074	-257.9366	1.8	333.541	
643.8257	COLLISION_NONE	NOT_SWITCH	NOT_RESET	NOT_WAYPOINT	-282.0774	1.8	342.2619	0	0.3345636	0	0.9423732	5.081455	8.250008	-0.3741064	-257.9366	1.8	333.541	
643.8458	COLLISION_NONE	NOT_SWITCH	NOT_RESET	NOT_WAYPOINT	-282.0951	1.8	342.7184	0	0.3354827	0	0.9420464	5.130104	8.296528	-0.3878765	-257.9366	1.8	333.541	
643.8658	COLLISION_NONE	NOT_SWITCH	NOT_RESET	NOT_WAYPOINT	-282.1119	1.8	343.1749	0	0.3364022	0	0.9417185	5.116974	8.266029	-0.3980478	-257.9366	1.8	333.541	
643.8858	COLLISION_NONE	NOT_SWITCH	NOT_RESET	TRIGGER_WAYPOINT	-282.1278	1.8	343.6315	0	0.3382422	0	0.9410592	5.111336	8.268063	-0.4030641	-275.5702	1.8	357.8115	
643.9058	COLLISION_NONE	NOT_SWITCH	NOT_RESET	NOT_WAYPOINT	-282.1414	1.8	344.0878	0	0.3391618	0	0.9407281	5.140488	8.309944	-0.4099022	-275.5702	1.8	357.8115	
643.9258	COLLISION_NONE	NOT_SWITCH	NOT_RESET	NOT_WAYPOINT	-282.1545	1.8	344.5446	0	0.3400802	0	0.9403965	5.101635	8.235992	-0.4092175	-275.5702	1.8	357.8115	
643.9459	COLLISION_NONE	NOT_SWITCH	NOT_RESET	NOT_WAYPOINT	-282.1669	1.8	345.0013	0	0.3409989	0	0.9400637	5.116577	8.262768	-0.4068733	-275.5702	1.8	357.8115	
643.9659	COLLISION_NONE	NOT_SWITCH	NOT_RESET	NOT_WAYPOINT	-282.1783	1.8	345.458	0	0.341918	0	0.9397298	5.130798	8.296497	-0.4022877	-275.5702	1.8	357.8115	
643.9859	COLLISION_NONE	NOT_SWITCH	NOT_RESET	NOT_WAYPOINT	-282.1889	1.8	345.9147	0	0.3437589	0	0.939058	5.192326	8.387337	-0.3148776	-275.5702	1.8	357.8115	
644.0059	COLLISION_NONE	NOT_SWITCH	NOT_RESET	NOT_WAYPOINT	-282.1971	1.8	346.3712	0	0.3446836	0	0.938719	5.192326	8.387337	-0.3148776	-275.5702	1.8	357.8115	
644.0259	COLLISION_NONE	NOT_SWITCH	NOT_RESET	NOT_WAYPOINT	-282.2049	1.8	346.8281	0	0.3456095	0	0.9383784	5.236618	8.421734	-0.2926615	-275.5702	1.8	357.8115	
644.046	COLLISION_NONE	NOT_SWITCH	NOT_RESET	NOT_WAYPOINT	-282.2118	1.8	347.2849	0	0.3465374	0	0.9380362	5.274544	8.446476	-0.287024	-275.5702	1.8	357.8115	
644.066	COLLISION_NONE	NOT_SWITCH	NOT_RESET	NOT_WAYPOINT	-282.2179	1.8	347.7417	0	0.3474657	0	0.9376928	5.260746	8.415974	-0.2828482	-275.5702	1.8	357.8115	
644.086	COLLISION_NONE	NOT_SWITCH	NOT_RESET	NOT_WAYPOINT	-282.2231	1.8	348.1985	0	0.3493264	0	0.9370011	5.290508	8.493443	-0.2702483	-275.5702	1.8	357.8115	
644.106	COLLISION_NONE	NOT_SWITCH	NOT_RESET	NOT_WAYPOINT	-282.2258	1.8	348.655	0	0.350258	0	0.9366533	5.348049	8.544308	-0.2832832	-275.5702	1.8	357.8115	
644.126	COLLISION_NONE	NOT_SWITCH	NOT_RESET	NOT_WAYPOINT	-282.2282	1.8	349.1119	0	0.3511907	0	0.936304	5.344746	8.528435	-0.2408607	-275.5702	1.8	357.8115	
644.1461	COLLISION_NONE	NOT_SWITCH	NOT_RESET	NOT_WAYPOINT	-282.2297	1.8	349.5688	0	0.3521249	0	0.935953	5.355858	8.55357	-0.2512481	-275.5702	1.8	357.8115	
644.1661	COLLISION_NONE	NOT_SWITCH	NOT_RESET	NOT_WAYPOINT	-282.2303	1.8	350.0256	0	0.3539981	0	0.9352462	5.410004	8.652473	-0.2120535	-275.5702	1.8	357.8115	
644.1861	COLLISION_NONE	NOT_SWITCH	NOT_RESET	NOT_WAYPOINT	-282.2285	1.8	350.4821	0	0.3549368	0	0.9348903	5.460392	8.731056	-0.1994485	-275.5702	1.8	357.8115	
644.2061	COLLISION_NONE	NOT_SWITCH	NOT_RESET	NOT_WAYPOINT	-282.2263	1.8	350.9391	0	0.355877	0	0.9345329	5.485958	8.770332	-0.2003251	-275.5702	1.8	357.8115	
644.2261	COLLISION_NONE	NOT_SWITCH	NOT_RESET	NOT_WAYPOINT	-282.2233	1.8	351.3959	0	0.3568183	0	0.9341739	5.485958	8.770332	-0.2003251	-275.5702	1.8	357.8115	
644.2462	COLLISION_NONE	NOT_SWITCH	NOT_RESET	NOT_WAYPOINT	-282.2193	1.8	351.8527	0	0.357758	0	0.9338143	5.448277	8.765797	-0.1995238	-275.5702	1.8	357.8115	
644.2662	COLLISION_NONE	NOT_SWITCH	NOT_RESET	NOT_WAYPOINT	-282.2144	1.8	352.3095	0	0.3596305	0	0.9330949	5.426109	8.77705	-0.2108749	-275.5702	1.8	357.8115	
644.2862	COLLISION_NONE	NOT_SWITCH	NOT_RESET	NOT_WAYPOINT	-282.222	1.8	352.7491	0	0.3605637	0	0.9327345	5.362598	8.759701	-0.2038881	-275.5702	1.8	357.8115	
644.3062	COLLISION_NONE	NOT_SWITCH	NOT_RESET	NOT_WAYPOINT	-282.23	1.8	353.1663	0	0.3614967	0	0.9323735	5.395824	8.818577	-0.1848735	-275.5702	1.8	357.8115	
644.3262	COLLISION_NONE	NOT_SWITCH	NOT_RESET	NOT_WAYPOINT	-282.2385	1.8	353.5611	0	0.3624293	0	0.9320112	5.388165	8.793621	-0.1766015	-275.5702	1.8	357.8115	
644.3463	COLLISION_NONE	NOT_SWITCH	NOT_RESET	NOT_WAYPOINT	-282.2457	1.8	353.9336	0	0.3633631	0	0.9316477	5.437286	8.899639	-0.1627831	-275.5702	1.8	357.8115	
644.3663	COLLISION_NONE	NOT_SWITCH	NOT_RESET	NOT_WAYPOINT	-282.2536	1.8	354.2836	0	0.3652377	0	0.9309143	5.549316	9.084564	-0.1732326	-275.5702	1.8	357.8115	
644.3863	COLLISION_NONE	NOT_SWITCH	NOT_RESET	NOT_WAYPOINT	-282.2586	1.8	354.5878	0	0.3661796	0	0.9305442	5.630871	9.200481	-0.1559386	-275.5702	1.8	357.8115	
644.4063	COLLISION_NONE	NOT_SWITCH	NOT_RESET	NOT_WAYPOINT	-282.2575	1.8	354.8029	0	0.3671233	0	0.9301723	5.644836	9.212337	-0.1737704	-275.5702	1.8	357.8115	
644.4263	COLLISION_NONE	NOT_SWITCH	NOT_RESET	NOT_WAYPOINT	-282.2484	1.8	354.8958	0	0.3680696	0	0.9297982	5.709476	9.250141	-0.1880919	-275.5702	1.8	357.8115	
644.4464	COLLISION_NONE	NOT_SWITCH	NOT_RESET	NOT_WAYPOINT	-282.2325	1.8	354.8711	0	0.3690153	0	0.9294233	5.668133	9.259789	-0.2062057	-275.5702	1.8	357.8115	
644.4664	COLLISION_NONE	NOT_SWITCH	NOT_RESET	NOT_WAYPOINT	-282.2087	1.8	354.729	0	0.3708992	0	0.9286731	5.622673	9.337296	-0.2298847	-275.5702	1.8	357.8115	
644.4864	COLLISION_NONE	NOT_SWITCH	NOT_RESET	NOT_WAYPOINT	-282.1697	1.8	354.3522	0	0.3718368	0	0.9282981	5.542809	9.320282	-0.2026277	-275.5702	1.8	357.8115	
644.5064	COLLISION_NONE	NOT_SWITCH	NOT_RESET	NOT_WAYPOINT	-282.1312	1.8	353.9654	0	0.3727734	0	0.9279224	5.570179	9.43961	-0.1725723	-275.5702	1.8	357.8115	
644.5264	COLLISION_NONE	NOT_SWITCH	NOT_RESET	NOT_WAYPOINT	-282.0935	1.8	353.5786	0	0.3737091	0	0.927546	5.560642	9.446484	-0.1584489	-275.5702	1.8	357.8115	
644.5464	COLLISION_NONE	NOT_SWITCH	NOT_RESET	NOT_WAYPOINT	-282.0565	1.8	353.1916	0	0.3746448	0	0.9271685	5.58971	9.5401	-0.158884	-275.5702	1.8	357.8115	
644.5665	COLLISION_NONE	NOT_SWITCH	NOT_RESET	NOT_WAYPOINT	-282.0203	1.8	352.8046	0	0.3765197	0	0.9264086	5.661488	9.685749	-0.1539084	-275.5702	1.8	357.8115	
644.5865	COLLISION_NONE	NOT_SWITCH	NOT_RESET	NOT_WAYPOINT	-281.9863	1.8	352.4177	0	0.3774584	0	0.9260266	5.684666	9.767673	-0.1560277	-275.5702	1.8	357.8115	
644.6065	COLLISION_NONE	NOT_SWITCH	NOT_RESET	NOT_WAYPOINT	-281.9525	1.8	352.0304	0	0.3783968	0	0.9256435	5.671448	9.782032	-0.1484703	-275.5702	1.8	357.8115	
644.6265	COLLISION_NONE	NOT_SWITCH	NOT_RESET	NOT_WAYPOINT	-281.9194	1.8	351.6431	0	0.3793368	0	0.9252587	5.740059	9.821571	-0.1716765	-275.5702	1.8	357.8115	
644.6465	COLLISION_NONE	NOT_SWITCH	NOT_RESET	NOT_WAYPOINT	-281.8872	1.8	351.2558	0	0.3802763	0	0.924873	5.707806	9.787872	-0.1828861	-275.5702	1.8	357.8115	
644.6666	COLLISION_NONE	NOT_SWITCH	NOT_RESET	NOT_WAYPOINT	-281.8557	1.8	350.8684	0	0.3821546	0	0.9240984	5.689884	9.803059	-0.1763326	-275.5702	1.8	357.8115	
644.6866	COLLISION_NONE	NOT_SWITCH	NOT_RESET	NOT_WAYPOINT	-281.8264	1.8	350.4811	0	0.3830905	0	0.9237108	5.697464	9.874355	-0.1725181	-275.5702	1.8	357.8115	
644.7066	COLLISION_NONE	NOT_SWITCH	NOT_RESET	NOT_WAYPOINT	-281.7973	1.8	350.0934	0	0.384025	0	0.9233227	5.649109	9.840317	-0.1667145	-275.5702	1.8	357.8115	
644.7266	COLLISION_NONE	NOT_SWITCH	NOT_RESET	NOT_WAYPOINT	-281.769	1.8	349.7057	0	0.3849602	0	0.9229332	5.712402	9.978096	-0.1632645	-275.5702	1.8	357.8115	
644.7466	COLLISION_NONE	NOT_SWITCH	NOT_RESET	NOT_WAYPOINT	-281.7414	1.8	349.3181	0	0.3868295	0	0.9221513	5.692818	10.00038	-0.1400629	-275.5702	1.8	357.8115	
644.7667	COLLISION_NONE	NOT_SWITCH	NOT_RESET	NOT_WAYPOINT	-281.716	1.8	348.9305	0	0.3877632	0	0.921759	5.678719	9.989468	-0.1408848	-275.5702	1.8	357.8115	
644.7867	COLLISION_NONE	NOT_SWITCH	NOT_RESET	NOT_WAYPOINT	-281.6909	1.8	348.5425	0	0.3886958	0	0.9213662	5.67123	9.974758	-0.167081	-275.5702	1.8	357.8115	
644.8067	COLLISION_NONE	NOT_SWITCH	NOT_RESET	NOT_WAYPOINT	-281.6665	1.8	348.1546	0	0.389626	0	0.9209732	5.631729	9.901859	-0.193699	-275.5702	1.8	357.8115	
644.8267	COLLISION_NONE	NOT_SWITCH	NOT_RESET	NOT_WAYPOINT	-281.6429	1.8	347.7666	0	0.390555	0	0.9205796	5.638248	9.909088	-0.1966141	-275.5702	1.8	357.8115	
644.8467	COLLISION_NONE	NOT_SWITCH	NOT_RESET	NOT_WAYPOINT	-281.62	1.8	347.3786	0	0.392406	0	0.9197922	5.594925	9.835968	-0.2732823	-275.5702	1.8	357.8115	
644.8668	COLLISION_NONE	NOT_SWITCH	NOT_RESET	NOT_WAYPOINT	-281.5993	1.8	346.9908	0	0.3933274	0	0.9193985	5.541817	9.780113	-0.2725465	-275.5702	1.8	357.8115	
644.8868	COLLISION_NONE	NOT_SWITCH	NOT_RESET	NOT_WAYPOINT	-281.5789	1.8	346.6025	0	0.3942471	0	0.9190044	5.548744	9.76778	-0.292953	-275.5702	1.8	357.8115	
644.9068	COLLISION_NONE	NOT_SWITCH	NOT_RESET	NOT_WAYPOINT	-281.5591	1.8	346.2144	0	0.3951643	0	0.9186105	5.49535	9.674839	-0.2743782	-275.5702	1.8	357.8115	
644.9268	COLLISION_NONE	NOT_SWITCH	NOT_RESET	NOT_WAYPOINT	-281.5402	1.8	345.8261	0	0.3960805	0	0.9182159	5.491856	9.664516	-0.2601527	-275.5702	1.8	357.8115	
644.9468	COLLISION_NONE	NOT_SWITCH	NOT_RESET	NOT_WAYPOINT	-281.522	1.8	345.4379	0	0.3979111	0	0.917424	5.504974	9.65448	-0.2330329	-275.5702	1.8	357.8115	
644.9669	COLLISION_NONE	NOT_SWITCH	NOT_RESET	NOT_WAYPOINT	-281.506	1.8	345.0498	0	0.3988265	0	0.9170264	5.489689	9.626049	-0.2284807	-275.5702	1.8	357.8115	
644.9869	COLLISION_NONE	NOT_SWITCH	NOT_RESET	NOT_WAYPOINT	-281.4902	1.8	344.6613	0	0.3997428	0	0.9166274	5.512062	9.595566	-0.2121649	-275.5702	1.8	357.8115	
645.0069	COLLISION_NONE	NOT_SWITCH	NOT_RESET	NOT_WAYPOINT	-281.4751	1.8	344.2729	0	0.400658	0	0.9162278	5.469322	9.520813	-0.2215044	-275.5702	1.8	357.8115	
645.0269	COLLISION_NONE	NOT_SWITCH	NOT_RESET	NOT_WAYPOINT	-281.4608	1.8	343.8845	0	0.4015721	0	0.9158274	5.454262	9.512653	-0.210286	-275.5702	1.8	357.8115	
645.0469	COLLISION_NONE	NOT_SWITCH	NOT_RESET	NOT_WAYPOINT	-281.4473	1.8	343.4961	0	0.4033934	0	0.9150267	5.37439	9.428074	-0.1830072	-275.5702	1.8	357.8115	
645.067	COLLISION_NONE	NOT_SWITCH	NOT_RESET	NOT_WAYPOINT	-281.4359	1.8	343.1078	0	0.4043007	0	0.9146261	5.314777	9.359898	-0.1506995	-275.5702	1.8	357.8115	
645.087	COLLISION_NONE	NOT_SWITCH	NOT_RESET	TRIGGER_WAYPOINT	-281.4247	1.8	342.7192	0	0.405207	0	0.914225	5.318939	9.381088	-0.1347934	-275.5702	1.8	327.8115	
