#Walking Trial Path#
#TimeStamp#	#Collision Event#	#Mode Switch Event#	#Reset Event#	#Waypoint Event#	#PositionX#	#PositionY#	#PositionZ#	#OrientationX#	#OrientationY#	#OrientationZ#	#OrientationW#	#HeadOrientationX#	#HeadOrientationY#	#HeadOrientationZ#	#WayPointX#	#WayPointY#	#WayPointZ#	
704.8653	COLLISION_NONE	CORRECT_SWITCH	NOT_RESET	TRIGGER_WAYPOINT	276.4665	1.8	312.0809	0	0	0	1	7.346706	13.27549	2.900035	315	10	315	
704.8853	COLLISION_NONE	NOT_SWITCH	NOT_RESET	NOT_WAYPOINT	277.3955	1.8	312.1602	0	0	0	1	7.358536	13.27605	2.946581	315	10	315	
704.9053	COLLISION_NONE	NOT_SWITCH	NOT_RESET	NOT_WAYPOINT	278.223	1.8	312.2267	0	0	0	1	7.39645	13.29478	2.97132	315	10	315	
704.9254	COLLISION_NONE	NOT_SWITCH	NOT_RESET	NOT_WAYPOINT	278.847	1.8	312.2691	0	0	0	1	7.420052	13.3064	2.969243	315	10	315	
704.9454	COLLISION_NONE	NOT_SWITCH	NOT_RESET	NOT_WAYPOINT	279.5679	1.8	312.3235	0	0	0	1	7.40197	13.25126	2.973178	315	10	315	
704.9654	COLLISION_NONE	NOT_SWITCH	NOT_RESET	NOT_WAYPOINT	280.1867	1.8	312.3702	0	0	0	1	7.429749	13.28612	2.988409	315	10	315	
704.9854	COLLISION_NONE	NOT_SWITCH	NOT_RESET	NOT_WAYPOINT	280.9029	1.8	312.4243	0	0	0	1	7.468506	13.3004	3.0083	315	10	315	
705.0054	COLLISION_NONE	NOT_SWITCH	NOT_RESET	NOT_WAYPOINT	281.5169	1.8	312.4706	0	0	0	1	7.460007	13.28712	3.049716	315	10	315	
705.0255	COLLISION_NONE	NOT_SWITCH	NOT_RESET	NOT_WAYPOINT	282.3255	1.8	312.5319	0	0	0	1	7.478901	13.35067	3.064365	315	10	315	
705.0455	COLLISION_NONE	NOT_SWITCH	NOT_RESET	NOT_WAYPOINT	283.0321	1.8	312.5853	0	0	0	1	7.457127	13.29774	3.067658	315	10	315	
705.0655	COLLISION_NONE	NOT_SWITCH	NOT_RESET	NOT_WAYPOINT	283.6365	1.8	312.6309	0	0	0	1	7.466423	13.33218	3.068141	315	10	315	
705.0855	COLLISION_NONE	NOT_SWITCH	NOT_RESET	NOT_WAYPOINT	284.3383	1.8	312.684	0	0	0	1	7.47044	13.35878	3.094371	315	10	315	
705.1055	COLLISION_NONE	NOT_SWITCH	NOT_RESET	NOT_WAYPOINT	284.8358	1.8	312.7215	0	0	0	1	7.466599	13.34728	3.096706	315	10	315	
705.1255	COLLISION_NONE	NOT_SWITCH	NOT_RESET	NOT_WAYPOINT	285.4307	1.8	312.7664	0	0	0	1	7.482193	13.42582	3.104142	315	10	315	
705.1456	COLLISION_NONE	NOT_SWITCH	NOT_RESET	NOT_WAYPOINT	285.9235	1.8	312.8038	0	0	0	1	7.433422	13.35261	3.070697	315	10	315	
705.1656	COLLISION_NONE	NOT_SWITCH	NOT_RESET	NOT_WAYPOINT	286.5136	1.8	312.8483	0	0	0	1	7.444904	13.37035	3.077686	315	10	315	
705.1856	COLLISION_NONE	NOT_SWITCH	NOT_RESET	NOT_WAYPOINT	287.0016	1.8	312.8853	0	0	0	1	7.379055	13.3059	3.029504	315	10	315	
705.2056	COLLISION_NONE	NOT_SWITCH	NOT_RESET	NOT_WAYPOINT	287.6842	1.8	312.9367	0	0	0	1	7.336094	13.21806	3.023693	315	10	315	
705.2256	COLLISION_NONE	NOT_SWITCH	NOT_RESET	NOT_WAYPOINT	288.2647	1.8	312.9805	0	0	0	1	7.362053	13.23104	3.007791	315	10	315	
705.2457	COLLISION_NONE	NOT_SWITCH	NOT_RESET	NOT_WAYPOINT	288.7431	1.8	313.0167	0	0	0	1	7.383858	13.24214	3.00096	315	10	315	
705.2657	COLLISION_NONE	NOT_SWITCH	NOT_RESET	NOT_WAYPOINT	289.3188	1.8	313.0601	0	0	0	1	7.42054	13.24838	2.979044	315	10	315	
705.2857	COLLISION_NONE	NOT_SWITCH	NOT_RESET	NOT_WAYPOINT	289.7925	1.8	313.0959	0	0	0	1	7.445984	13.24865	3.007592	315	10	315	
705.3057	COLLISION_NONE	NOT_SWITCH	NOT_RESET	NOT_WAYPOINT	290.4608	1.8	313.1462	0	0	0	1	7.412811	13.17041	2.974678	315	10	315	
705.3257	COLLISION_NONE	NOT_SWITCH	NOT_RESET	NOT_WAYPOINT	291.0269	1.8	313.1889	0	0	0	1	7.437866	13.16224	2.954672	315	10	315	
705.3458	COLLISION_NONE	NOT_SWITCH	NOT_RESET	NOT_WAYPOINT	291.491	1.8	313.224	0	0	0	1	7.406414	13.11349	2.9444	315	10	315	
705.3658	COLLISION_NONE	NOT_SWITCH	NOT_RESET	NOT_WAYPOINT	292.0523	1.8	313.2662	0	0	0	1	7.419479	13.10812	2.92456	315	10	315	
705.3858	COLLISION_NONE	NOT_SWITCH	NOT_RESET	NOT_WAYPOINT	292.5116	1.8	313.3009	0	0	0	1	7.379665	13.07177	2.926957	315	10	315	
705.4058	COLLISION_NONE	NOT_SWITCH	NOT_RESET	NOT_WAYPOINT	292.7666	1.8	313.3203	0	0	0	1	7.351143	13.01337	2.910303	315	10	315	
705.4258	COLLISION_NONE	NOT_SWITCH	NOT_RESET	NOT_WAYPOINT	293.119	1.8	313.3469	0	0	0	1	7.390007	13.05326	2.901262	315	10	315	
705.4459	COLLISION_NONE	NOT_SWITCH	NOT_RESET	NOT_WAYPOINT	293.5687	1.8	313.3809	0	0	0	1	7.421833	13.08048	2.930651	315	10	315	
705.4659	COLLISION_NONE	NOT_SWITCH	NOT_RESET	NOT_WAYPOINT	293.9162	1.8	313.4072	0	0	0	1	7.450577	13.10755	2.932066	315	10	315	
705.4859	COLLISION_NONE	NOT_SWITCH	NOT_RESET	NOT_WAYPOINT	294.3611	1.8	313.4408	0	0	0	1	7.477913	13.08788	2.950401	315	10	315	
705.5059	COLLISION_NONE	NOT_SWITCH	NOT_RESET	NOT_WAYPOINT	294.6018	1.8	313.459	0	0	0	1	7.522358	13.06807	2.948719	315	10	315	
705.5259	COLLISION_NONE	NOT_SWITCH	NOT_RESET	NOT_WAYPOINT	294.9398	1.8	313.4846	0	0	0	1	7.467922	12.9761	2.932979	315	10	315	
705.546	COLLISION_NONE	NOT_SWITCH	NOT_RESET	NOT_WAYPOINT	295.3752	1.8	313.5175	0	0	0	1	7.49622	12.96146	2.923108	315	10	315	
705.566	COLLISION_NONE	NOT_SWITCH	NOT_RESET	NOT_WAYPOINT	295.7084	1.8	313.5427	0	0	0	1	7.414768	12.85915	2.905355	315	10	315	
705.586	COLLISION_NONE	NOT_SWITCH	NOT_RESET	NOT_WAYPOINT	296.1389	1.8	313.5752	0	0	0	1	7.336563	12.81285	2.878559	315	10	315	
705.606	COLLISION_NONE	NOT_SWITCH	NOT_RESET	NOT_WAYPOINT	296.3653	1.8	313.5923	0	0	0	1	7.326263	12.81527	2.87202	315	10	315	
705.626	COLLISION_NONE	NOT_SWITCH	NOT_RESET	NOT_WAYPOINT	296.6889	1.8	313.6168	0	0	0	1	7.291206	12.74935	2.857992	315	10	315	
705.6461	COLLISION_NONE	NOT_SWITCH	NOT_RESET	NOT_WAYPOINT	297.1099	1.8	313.6486	0	0	0	1	7.299545	12.78635	2.878046	315	10	315	
705.6661	COLLISION_NONE	NOT_SWITCH	NOT_RESET	NOT_WAYPOINT	297.4287	1.8	313.6727	0	0	0	1	7.319862	12.76677	2.882546	315	10	315	
705.6861	COLLISION_NONE	NOT_SWITCH	NOT_RESET	NOT_WAYPOINT	297.8449	1.8	313.7041	0	0	0	1	7.359688	12.71711	2.837916	315	10	315	
705.7061	COLLISION_NONE	NOT_SWITCH	NOT_RESET	NOT_WAYPOINT	298.0569	1.8	313.7201	0	0	0	1	7.380108	12.70279	2.836491	315	10	315	
705.7261	COLLISION_NONE	NOT_SWITCH	NOT_RESET	NOT_WAYPOINT	298.3662	1.8	313.7435	0	0	0	1	7.360672	12.61126	2.807894	315	10	315	
705.7462	COLLISION_NONE	NOT_SWITCH	NOT_RESET	NOT_WAYPOINT	298.7728	1.8	313.7742	0	0	0	1	7.397728	12.63885	2.78211	315	10	315	
705.7662	COLLISION_NONE	NOT_SWITCH	NOT_RESET	NOT_WAYPOINT	299.0773	1.8	313.7972	0	0	0	1	7.339745	12.56012	2.774358	315	10	315	
705.7862	COLLISION_NONE	NOT_SWITCH	NOT_RESET	NOT_WAYPOINT	299.5764	1.8	313.8348	0	0	0	1	7.28746	12.49342	2.769055	315	10	315	
705.8062	COLLISION_NONE	NOT_SWITCH	NOT_RESET	NOT_WAYPOINT	299.9735	1.8	313.8647	0	0	0	1	7.312351	12.52187	2.758243	315	10	315	
705.8262	COLLISION_NONE	NOT_SWITCH	NOT_RESET	NOT_WAYPOINT	300.2684	1.8	313.887	0	0	0	1	7.30228	12.45935	2.773719	315	10	315	
705.8463	COLLISION_NONE	NOT_SWITCH	NOT_RESET	NOT_WAYPOINT	300.4613	1.8	313.9011	0	0	0	1	7.326786	12.49545	2.784412	315	10	315	
705.8663	COLLISION_NONE	NOT_SWITCH	NOT_RESET	NOT_WAYPOINT	300.7514	1.8	313.923	0	0	0	1	7.401474	12.58041	2.857504	315	10	315	
705.8863	COLLISION_NONE	NOT_SWITCH	NOT_RESET	NOT_WAYPOINT	300.8373	1.8	313.9292	0	0	0	1	7.420082	12.54074	2.853791	315	10	315	
705.9063	COLLISION_NONE	NOT_SWITCH	NOT_RESET	NOT_WAYPOINT	301.0206	1.8	313.9429	0	0	0	1	7.43301	12.55914	2.857664	315	10	315	
705.9263	COLLISION_NONE	NOT_SWITCH	NOT_RESET	NOT_WAYPOINT	301.3012	1.8	313.9641	0	0	0	1	7.465919	12.53852	2.854795	315	10	315	
705.9464	COLLISION_NONE	NOT_SWITCH	NOT_RESET	NOT_WAYPOINT	301.4796	1.8	313.9775	0	0	0	1	7.525238	12.58469	2.859107	315	10	315	
705.9664	COLLISION_NONE	NOT_SWITCH	NOT_RESET	NOT_WAYPOINT	301.7554	1.8	313.9984	0	0	0	1	7.541325	12.57084	2.864124	315	10	315	
705.9864	COLLISION_NONE	NOT_SWITCH	NOT_RESET	NOT_WAYPOINT	301.827	1.8	314.0037	0	0	0	1	7.515385	12.50389	2.864669	315	10	315	
706.0064	COLLISION_NONE	NOT_SWITCH	NOT_RESET	NOT_WAYPOINT	301.9959	1.8	314.0164	0	0	0	1	7.533638	12.53865	2.883552	315	10	315	
706.0264	COLLISION_NONE	NOT_SWITCH	NOT_RESET	NOT_WAYPOINT	302.2621	1.8	314.0366	0	0	0	1	7.533688	12.56654	2.927712	315	10	315	
706.0464	COLLISION_NONE	NOT_SWITCH	NOT_RESET	NOT_WAYPOINT	302.4262	1.8	314.0489	0	0	0	1	7.537819	12.55663	2.906735	315	10	315	
706.0665	COLLISION_NONE	NOT_SWITCH	NOT_RESET	NOT_WAYPOINT	302.6876	1.8	314.0687	0	0	0	1	7.557236	12.61494	2.934978	315	10	315	
706.0865	COLLISION_NONE	NOT_SWITCH	NOT_RESET	NOT_WAYPOINT	302.7448	1.8	314.073	0	0	0	1	7.530426	12.58168	2.920575	315	10	315	
706.1065	COLLISION_NONE	NOT_SWITCH	NOT_RESET	NOT_WAYPOINT	302.8994	1.8	314.0846	0	0	0	1	7.568359	12.62101	2.922266	315	10	315	
706.1265	COLLISION_NONE	NOT_SWITCH	NOT_RESET	NOT_WAYPOINT	303.1512	1.8	314.1037	0	0	0	1	7.54517	12.58128	2.888038	315	10	315	
706.1465	COLLISION_NONE	NOT_SWITCH	NOT_RESET	NOT_WAYPOINT	303.301	1.8	314.115	0	0	0	1	7.541874	12.64606	2.876014	315	10	315	
706.1666	COLLISION_NONE	NOT_SWITCH	NOT_RESET	NOT_WAYPOINT	303.548	1.8	314.1337	0	0	0	1	7.526447	12.62225	2.827819	315	10	315	
706.1866	COLLISION_NONE	NOT_SWITCH	NOT_RESET	NOT_WAYPOINT	303.5909	1.8	314.1369	0	0	0	1	7.492199	12.59363	2.812346	315	10	315	
706.2066	COLLISION_NONE	NOT_SWITCH	NOT_RESET	NOT_WAYPOINT	303.731	1.8	314.1475	0	0	0	1	7.529274	12.6213	2.786616	315	10	315	
706.2266	COLLISION_NONE	NOT_SWITCH	NOT_RESET	NOT_WAYPOINT	303.9685	1.8	314.1654	0	0	0	1	7.539482	12.63947	2.770302	315	10	315	
706.2466	COLLISION_NONE	NOT_SWITCH	NOT_RESET	NOT_WAYPOINT	304.1039	1.8	314.1757	0	0	0	1	7.550056	12.68996	2.750825	315	10	315	
706.2667	COLLISION_NONE	NOT_SWITCH	NOT_RESET	NOT_WAYPOINT	304.3366	1.8	314.1933	0	0	0	1	7.482262	12.6251	2.668337	315	10	315	
706.2867	COLLISION_NONE	NOT_SWITCH	NOT_RESET	NOT_WAYPOINT	304.3651	1.8	314.1954	0	0	0	1	7.432606	12.523	2.64743	315	10	315	
706.3067	COLLISION_NONE	NOT_SWITCH	NOT_RESET	NOT_WAYPOINT	304.4909	1.8	314.2049	0	0	0	1	7.400032	12.49078	2.616409	315	10	315	
706.3267	COLLISION_NONE	NOT_SWITCH	NOT_RESET	NOT_WAYPOINT	304.7141	1.8	314.2218	0	0	0	1	7.325588	12.36475	2.559169	315	10	315	
706.3467	COLLISION_NONE	NOT_SWITCH	NOT_RESET	NOT_WAYPOINT	304.8351	1.8	314.2309	0	0	0	1	7.273945	12.33245	2.505962	315	10	315	
706.3668	COLLISION_NONE	NOT_SWITCH	NOT_RESET	NOT_WAYPOINT	305.0535	1.8	314.2474	0	0	0	1	7.17738	12.20847	2.471729	315	10	315	
706.3868	COLLISION_NONE	NOT_SWITCH	NOT_RESET	NOT_WAYPOINT	305.0676	1.8	314.2485	0	0	0	1	7.132984	12.12544	2.433769	315	10	315	
706.4068	COLLISION_NONE	NOT_SWITCH	NOT_RESET	NOT_WAYPOINT	305.179	1.8	314.2569	0	0	0	1	7.021687	11.95186	2.396386	315	10	315	
706.4268	COLLISION_NONE	NOT_SWITCH	NOT_RESET	NOT_WAYPOINT	305.3878	1.8	314.2727	0	0	0	1	7.025276	11.89336	2.384318	315	10	315	
706.4468	COLLISION_NONE	NOT_SWITCH	NOT_RESET	NOT_WAYPOINT	305.4945	1.8	314.2808	0	0	0	1	6.944393	11.71055	2.343702	315	10	315	
706.4669	COLLISION_NONE	NOT_SWITCH	NOT_RESET	NOT_WAYPOINT	305.7958	1.8	314.3036	0	0	0	1	6.91444	11.63114	2.323771	315	10	315	
706.4869	COLLISION_NONE	NOT_SWITCH	NOT_RESET	NOT_WAYPOINT	305.995	1.8	314.3187	0	0	0	1	6.884422	11.58761	2.30166	315	10	315	
706.5069	COLLISION_NONE	NOT_SWITCH	NOT_RESET	NOT_WAYPOINT	306.0921	1.8	314.326	0	0	0	1	6.759914	11.43604	2.230013	315	10	315	
706.5269	COLLISION_NONE	NOT_SWITCH	NOT_RESET	NOT_WAYPOINT	306.2865	1.8	314.3407	0	0	0	1	6.560131	11.28747	2.091483	315	10	315	
706.5469	COLLISION_NONE	NOT_SWITCH	NOT_RESET	NOT_WAYPOINT	306.3788	1.8	314.3477	0	0	0	1	6.319473	11.11982	1.830726	315	10	315	
706.567	COLLISION_NONE	NOT_SWITCH	NOT_RESET	NOT_WAYPOINT	306.6658	1.8	314.3694	0	0	0	1	6.102501	10.97416	1.593753	315	10	315	
706.587	COLLISION_NONE	NOT_SWITCH	NOT_RESET	NOT_WAYPOINT	306.8506	1.8	314.3834	0	0	0	1	5.95755	10.79833	1.418413	315	10	315	
706.607	COLLISION_NONE	NOT_SWITCH	NOT_RESET	NOT_WAYPOINT	306.9333	1.8	314.3897	0	0	0	1	5.786495	10.63963	1.240288	315	10	315	
706.627	COLLISION_NONE	NOT_SWITCH	NOT_RESET	NOT_WAYPOINT	307.1134	1.8	314.4033	0	0	0	1	5.603508	10.46399	1.08657	315	10	315	
706.647	COLLISION_NONE	NOT_SWITCH	NOT_RESET	NOT_WAYPOINT	307.1913	1.8	314.4092	0	0	0	1	5.315815	10.09529	0.7463473	315	10	315	
706.6671	COLLISION_NONE	NOT_SWITCH	NOT_RESET	NOT_WAYPOINT	307.4639	1.8	314.4298	0	0	0	1	5.194881	9.961555	0.6148595	315	10	315	
706.6871	COLLISION_NONE	NOT_SWITCH	NOT_RESET	NOT_WAYPOINT	307.6344	1.8	314.4427	0	0	0	1	5.056801	9.717697	0.4873277	315	10	315	
706.7071	COLLISION_NONE	NOT_SWITCH	NOT_RESET	NOT_WAYPOINT	307.7028	1.8	314.4479	0	0	0	1	5.007614	9.645275	0.4577104	315	10	315	
706.7271	COLLISION_NONE	NOT_SWITCH	NOT_RESET	NOT_WAYPOINT	307.8685	1.8	314.4604	0	0	0	1	4.820332	9.384029	0.2894447	315	10	315	
706.7471	COLLISION_NONE	NOT_SWITCH	NOT_RESET	NOT_WAYPOINT	307.9321	1.8	314.4652	0	0	0	1	4.701759	9.180573	0.1494122	315	10	315	
706.7672	COLLISION_NONE	NOT_SWITCH	NOT_RESET	NOT_WAYPOINT	308.1903	1.8	314.4848	0	0	0	1	4.505459	8.897659	-0.02327716	315	10	315	
706.7872	COLLISION_NONE	NOT_SWITCH	NOT_RESET	NOT_WAYPOINT	308.3465	1.8	314.4966	0	0	0	1	4.464317	8.81591	-0.1047461	315	10	315	
706.8072	COLLISION_NONE	NOT_SWITCH	NOT_RESET	NOT_WAYPOINT	308.4005	1.8	314.5007	0	0	0	1	4.286449	8.46936	-0.3422571	315	10	315	
706.8272	COLLISION_NONE	NOT_SWITCH	NOT_RESET	NOT_WAYPOINT	308.5518	1.8	314.5121	0	0	0	1	4.046921	8.029995	-0.6356226	315	10	315	
706.8472	COLLISION_NONE	NOT_SWITCH	NOT_RESET	NOT_WAYPOINT	308.601	1.8	314.5158	0	0	0	1	3.837597	7.499508	-0.9414685	315	10	315	
706.8672	COLLISION_NONE	NOT_SWITCH	NOT_RESET	NOT_WAYPOINT	308.8449	1.8	314.5343	0	0	0	1	3.591297	6.897881	-1.211027	315	10	315	
706.8873	COLLISION_NONE	NOT_SWITCH	NOT_RESET	NOT_WAYPOINT	308.9867	1.8	314.545	0	0	0	1	3.441505	6.486645	-1.358922	315	10	315	
706.9073	COLLISION_NONE	NOT_SWITCH	NOT_RESET	NOT_WAYPOINT	309.0263	1.8	314.548	0	0	0	1	3.360077	6.148243	-1.491976	315	10	315	
706.9273	COLLISION_NONE	NOT_SWITCH	NOT_RESET	NOT_WAYPOINT	309.1633	1.8	314.5584	0	0	0	1	3.289654	5.589588	-1.665152	315	10	315	
706.9473	COLLISION_NONE	NOT_SWITCH	NOT_RESET	NOT_WAYPOINT	309.1056	1.8	314.554	0	0	0	1	3.307915	5.34264	-1.716249	315	10	315	
706.9673	COLLISION_NONE	NOT_SWITCH	NOT_RESET	NOT_WAYPOINT	309.1453	1.8	314.557	0	0	0	1	3.353722	5.181278	-1.762462	315	10	315	
706.9874	COLLISION_NONE	NOT_SWITCH	NOT_RESET	NOT_WAYPOINT	309.2823	1.8	314.5674	0	0	0	1	3.394222	5.0369	-1.786929	315	10	315	
707.0074	COLLISION_NONE	NOT_SWITCH	NOT_RESET	NOT_WAYPOINT	309.3171	1.8	314.57	0	0	0	1	3.403984	4.884834	-1.789213	315	10	315	
707.0274	COLLISION_NONE	NOT_SWITCH	NOT_RESET	NOT_WAYPOINT	309.4493	1.8	314.58	0	0	0	1	3.472305	4.703972	-1.730999	315	10	315	
707.0474	COLLISION_NONE	NOT_SWITCH	NOT_RESET	NOT_WAYPOINT	309.3869	1.8	314.5753	0	0	0	1	3.461227	4.560677	-1.692752	315	10	315	
707.0674	COLLISION_NONE	NOT_SWITCH	NOT_RESET	NOT_WAYPOINT	309.4218	1.8	314.5779	0	0	0	1	3.531406	4.564651	-1.644579	315	10	315	
707.0875	COLLISION_NONE	NOT_SWITCH	NOT_RESET	NOT_WAYPOINT	309.554	1.8	314.5879	0	0	0	1	3.554874	4.521854	-1.591412	315	10	315	
707.1075	COLLISION_NONE	NOT_SWITCH	NOT_RESET	NOT_WAYPOINT	309.5841	1.8	314.5902	0	0	0	1	3.591072	4.546227	-1.562117	315	10	315	
707.1275	COLLISION_NONE	NOT_SWITCH	NOT_RESET	NOT_WAYPOINT	309.7115	1.8	314.5999	0	0	0	1	3.542313	4.455662	-1.578333	315	10	315	
707.1475	COLLISION_NONE	NOT_SWITCH	NOT_RESET	NOT_WAYPOINT	309.6443	1.8	314.5948	0	0	0	1	3.47171	4.346966	-1.628607	315	10	315	
707.1675	COLLISION_NONE	NOT_SWITCH	NOT_RESET	NOT_WAYPOINT	309.6743	1.8	314.597	0	0	0	1	3.466572	4.330669	-1.653522	315	10	315	
707.1876	COLLISION_NONE	NOT_SWITCH	NOT_RESET	NOT_WAYPOINT	309.8018	1.8	314.6067	0	0	0	1	3.4622	4.345554	-1.657777	315	10	315	
707.2076	COLLISION_NONE	NOT_SWITCH	NOT_RESET	NOT_WAYPOINT	309.8271	1.8	314.6086	0	0	0	1	3.455307	4.373516	-1.640231	315	10	315	
707.2276	COLLISION_NONE	NOT_SWITCH	NOT_RESET	NOT_WAYPOINT	309.9497	1.8	314.6179	0	0	0	1	3.487606	4.419365	-1.60548	315	10	315	
707.2476	COLLISION_NONE	NOT_SWITCH	NOT_RESET	NOT_WAYPOINT	309.8777	1.8	314.6124	0	0	0	1	3.465176	4.460552	-1.543744	315	10	315	
707.2676	COLLISION_NONE	NOT_SWITCH	NOT_RESET	NOT_WAYPOINT	309.903	1.8	314.6143	0	0	0	1	3.302528	4.363838	-1.513647	315	10	315	
707.2877	COLLISION_NONE	WAIT_SWITCH	NOT_RESET	NOT_WAYPOINT	315	1.8	315	0	0	0	1	3.154289	4.278114	-1.497885	315	10	315	
707.3077	COLLISION_NONE	NOT_SWITCH	NOT_RESET	NOT_WAYPOINT	315.1226	1.8	315.0093	0	0	0	1	3.112328	4.271366	-1.471623	315	10	315	
707.3277	COLLISION_NONE	NOT_SWITCH	NOT_RESET	NOT_WAYPOINT	315.1431	1.8	315.0108	0	0	0	1	2.985271	4.200996	-1.314718	315	10	315	
707.3477	COLLISION_NONE	NOT_SWITCH	NOT_RESET	NOT_WAYPOINT	315.1274	1.8	315.0096	0	0	0	1	2.995586	4.24358	-1.254265	315	10	315	
707.3677	COLLISION_NONE	NOT_SWITCH	NOT_RESET	NOT_WAYPOINT	315.1274	1.8	315.0096	0	0	0	1	3.000927	4.23172	-1.141334	315	10	315	
707.3878	COLLISION_NONE	NOT_SWITCH	NOT_RESET	NOT_WAYPOINT	315.1274	1.8	315.0096	0	0	0	1	3.113358	4.301846	-0.9828123	315	10	315	
707.4078	COLLISION_NONE	NOT_SWITCH	NOT_RESET	NOT_WAYPOINT	315.1274	1.8	315.0096	0	0	0	1	3.215725	4.358406	-0.8425593	315	10	315	
707.4278	COLLISION_NONE	NOT_SWITCH	NOT_RESET	NOT_WAYPOINT	315.1274	1.8	315.0096	0	0	0	1	3.34462	4.471226	-0.6287162	315	10	315	
707.4478	COLLISION_NONE	NOT_SWITCH	NOT_RESET	NOT_WAYPOINT	315.1274	1.8	315.0096	0	0	0	1	3.40781	4.510891	-0.5606613	315	10	315	
707.4678	COLLISION_NONE	NOT_SWITCH	NOT_RESET	NOT_WAYPOINT	315.1274	1.8	315.0096	0	0	0	1	3.391571	4.522236	-0.4914696	315	10	315	
707.4879	COLLISION_NONE	NOT_SWITCH	NOT_RESET	NOT_WAYPOINT	315.1274	1.8	315.0096	0	0	0	1	3.42577	4.587234	-0.4797626	315	10	315	
707.5079	COLLISION_NONE	NOT_SWITCH	NOT_RESET	NOT_WAYPOINT	315.1274	1.8	315.0096	0	0	0	1	3.349724	4.538841	-0.5026003	315	10	315	
707.5279	COLLISION_NONE	NOT_SWITCH	NOT_RESET	NOT_WAYPOINT	315.1274	1.8	315.0096	0	0	0	1	3.262653	4.534573	-0.5407554	315	10	315	
707.5479	COLLISION_NONE	NOT_SWITCH	NOT_RESET	NOT_WAYPOINT	315.1274	1.8	315.0096	0	0	0	1	3.32325	4.606441	-0.519472	315	10	315	
707.5679	COLLISION_NONE	NOT_SWITCH	NOT_RESET	NOT_WAYPOINT	315.1274	1.8	315.0096	0	0	0	1	3.376831	4.672466	-0.4720821	315	10	315	
707.588	COLLISION_NONE	NOT_SWITCH	NOT_RESET	NOT_WAYPOINT	315.1274	1.8	315.0096	0	0	0	1	3.463512	4.792034	-0.4240909	315	10	315	
707.608	COLLISION_NONE	NOT_SWITCH	NOT_RESET	NOT_WAYPOINT	315.1274	1.8	315.0096	0	0	0	1	3.509953	4.871025	-0.4046674	315	10	315	
707.628	COLLISION_NONE	NOT_SWITCH	NOT_RESET	NOT_WAYPOINT	315.1274	1.8	315.0096	0	0	0	1	3.544956	4.957214	-0.4417887	315	10	315	
707.648	COLLISION_NONE	NOT_SWITCH	NOT_RESET	NOT_WAYPOINT	315.1274	1.8	315.0096	0	0	0	1	3.566017	4.994137	-0.4872215	315	10	315	
707.668	COLLISION_NONE	NOT_SWITCH	NOT_RESET	NOT_WAYPOINT	315.1274	1.8	315.0096	0	0	0	1	3.462379	4.927326	-0.4870205	315	10	315	
707.688	COLLISION_NONE	NOT_SWITCH	NOT_RESET	NOT_WAYPOINT	315.1274	1.8	315.0096	0	0	0	1	3.389824	4.948593	-0.46889	315	10	315	
707.7081	COLLISION_NONE	NOT_SWITCH	NOT_RESET	NOT_WAYPOINT	315.1274	1.8	315.0096	0	0	0	1	3.231247	4.800716	-0.5394404	315	10	315	
707.7281	COLLISION_NONE	NOT_SWITCH	NOT_RESET	NOT_WAYPOINT	315.1274	1.8	315.0096	0	0	0	1	3.288277	4.835789	-0.5303185	315	10	315	
707.7481	COLLISION_NONE	NOT_SWITCH	NOT_RESET	NOT_WAYPOINT	315.1274	1.8	315.0096	0	0	0	1	3.288277	4.835789	-0.5303185	315	10	315	
707.7681	COLLISION_NONE	NOT_SWITCH	NOT_RESET	NOT_WAYPOINT	315.1274	1.8	315.0096	0	0	0	1	3.558311	4.985367	-0.5109541	315	10	315	
707.7881	COLLISION_NONE	NOT_SWITCH	NOT_RESET	NOT_WAYPOINT	315.1274	1.8	315.0096	0	0	0	1	3.754051	5.106335	-0.5037572	315	10	315	
707.8082	COLLISION_NONE	NOT_SWITCH	NOT_RESET	NOT_WAYPOINT	315.1274	1.8	315.0096	0	0	0	1	4.222912	5.355705	-0.6303225	315	10	315	
707.8282	COLLISION_NONE	NOT_SWITCH	NOT_RESET	NOT_WAYPOINT	315.1274	1.8	315.0096	0	0	0	1	4.396416	5.410423	-0.7391476	315	10	315	
707.8482	COLLISION_NONE	NOT_SWITCH	NOT_RESET	NOT_WAYPOINT	315.1274	1.8	315.0096	0	0	0	1	4.579216	5.491642	-0.8738379	315	10	315	
707.8682	COLLISION_NONE	NOT_SWITCH	NOT_RESET	NOT_WAYPOINT	315.1274	1.8	315.0096	0	0	0	1	4.657383	5.452255	-1.015314	315	10	315	
707.8882	COLLISION_NONE	NOT_SWITCH	NOT_RESET	NOT_WAYPOINT	315.1274	1.8	315.0096	0	0	0	1	4.712173	5.434361	-1.194301	315	10	315	
707.9083	COLLISION_NONE	NOT_SWITCH	NOT_RESET	NOT_WAYPOINT	315.1274	1.8	315.0096	0	0	0	1	4.758884	5.358871	-1.349475	315	10	315	
707.9283	COLLISION_NONE	NOT_SWITCH	NOT_RESET	NOT_WAYPOINT	315.1274	1.8	315.0096	0	0	0	1	4.758972	5.250004	-1.436366	315	10	315	
707.9483	COLLISION_NONE	NOT_SWITCH	NOT_RESET	NOT_WAYPOINT	315.1274	1.8	315.0096	0	0	0	1	4.83057	5.224663	-1.441514	315	10	315	
707.9683	COLLISION_NONE	NOT_SWITCH	NOT_RESET	NOT_WAYPOINT	315.1274	1.8	315.0096	0	0	0	1	4.858013	5.241024	-1.443082	315	10	315	
707.9883	COLLISION_NONE	NOT_SWITCH	NOT_RESET	NOT_WAYPOINT	315.1274	1.8	315.0096	0	0	0	1	4.858013	5.241024	-1.443082	315	10	315	
708.0084	COLLISION_NONE	NOT_SWITCH	NOT_RESET	NOT_WAYPOINT	315.1274	1.8	315.0096	0	0	0	1	4.726334	5.192493	-1.308059	315	10	315	
708.0284	COLLISION_NONE	NOT_SWITCH	NOT_RESET	NOT_WAYPOINT	315.1274	1.8	315.0096	0	0	0	1	4.580265	5.108395	-1.29286	315	10	315	
708.0484	COLLISION_NONE	NOT_SWITCH	NOT_RESET	NOT_WAYPOINT	315.1274	1.8	315.0096	0	0	0	1	4.484283	5.118382	-1.270226	315	10	315	
708.0684	COLLISION_NONE	NOT_SWITCH	NOT_RESET	NOT_WAYPOINT	315.1274	1.8	315.0096	0	0	0	1	4.387787	5.109837	-1.220159	315	10	315	
708.0884	COLLISION_NONE	NOT_SWITCH	NOT_RESET	NOT_WAYPOINT	315.1274	1.8	315.0096	0	0	0	1	4.323154	5.161415	-1.204635	315	10	315	
708.1085	COLLISION_NONE	NOT_SWITCH	NOT_RESET	NOT_WAYPOINT	315.1274	1.8	315.0096	0	0	0	1	4.170033	5.187241	-1.134641	315	10	315	
708.1285	COLLISION_NONE	NOT_SWITCH	NOT_RESET	NOT_WAYPOINT	315.1274	1.8	315.0096	0	0	0	1	4.085552	5.193066	-1.102421	315	10	315	
708.1485	COLLISION_NONE	NOT_SWITCH	NOT_RESET	NOT_WAYPOINT	315.1274	1.8	315.0096	0	0	0	1	4.043392	5.235386	-1.053475	315	10	315	
708.1685	COLLISION_NONE	NOT_SWITCH	NOT_RESET	NOT_WAYPOINT	315.1274	1.8	315.0096	0	0	0	1	3.998276	5.268665	-0.9973733	315	10	315	
708.1885	COLLISION_NONE	NOT_SWITCH	NOT_RESET	NOT_WAYPOINT	315.1274	1.8	315.0096	0	0	0	1	3.980206	5.38763	-0.9247214	315	10	315	
708.2086	COLLISION_NONE	NOT_SWITCH	NOT_RESET	NOT_WAYPOINT	315.1274	1.8	315.0096	0	0	0	1	3.972412	5.418087	-0.8952342	315	10	315	
708.2286	COLLISION_NONE	NOT_SWITCH	NOT_RESET	NOT_WAYPOINT	315.1274	1.8	315.0096	0	0	0	1	3.960083	5.400135	-0.9307423	315	10	315	
708.2486	COLLISION_NONE	NOT_SWITCH	NOT_RESET	NOT_WAYPOINT	315.1274	1.8	315.0096	0	0	0	1	3.958538	5.460453	-0.9940849	315	10	315	
708.2686	COLLISION_NONE	NOT_SWITCH	NOT_RESET	NOT_WAYPOINT	315.1274	1.8	315.0096	0	0	0	1	3.890598	5.427887	-1.036198	315	10	315	
708.2886	COLLISION_NONE	NOT_SWITCH	NOT_RESET	NOT_WAYPOINT	315.1274	1.8	315.0096	0	0	0	1	3.802643	5.485802	-1.208829	315	10	315	
708.3087	COLLISION_NONE	NOT_SWITCH	NOT_RESET	NOT_WAYPOINT	315.1274	1.8	315.0096	0	0	0	1	3.810913	5.575111	-1.327573	315	10	315	
708.3287	COLLISION_NONE	NOT_SWITCH	NOT_RESET	NOT_WAYPOINT	315.1274	1.8	315.0096	0	0	0	1	3.815979	5.679779	-1.412675	315	10	315	
708.3487	COLLISION_NONE	NOT_SWITCH	NOT_RESET	NOT_WAYPOINT	315.1274	1.8	315.0096	0	0	0	1	3.857006	5.772495	-1.561331	315	10	315	
708.3687	COLLISION_NONE	NOT_SWITCH	NOT_RESET	NOT_WAYPOINT	315.1274	1.8	315.0096	0	0	0	1	3.897938	5.842453	-1.687029	315	10	315	
708.3887	COLLISION_NONE	NOT_SWITCH	NOT_RESET	NOT_WAYPOINT	315.1274	1.8	315.0096	0	0	0	1	3.901691	5.857376	-1.919651	315	10	315	
708.4088	COLLISION_NONE	NOT_SWITCH	NOT_RESET	NOT_WAYPOINT	315.1274	1.8	315.0096	0	0	0	1	3.838806	5.811157	-2.07268	315	10	315	
708.4288	COLLISION_NONE	NOT_SWITCH	NOT_RESET	NOT_WAYPOINT	315.1274	1.8	315.0096	0	0	0	1	3.726688	5.685574	-2.190356	315	10	315	
708.4488	COLLISION_NONE	NOT_SWITCH	NOT_RESET	NOT_WAYPOINT	315.1274	1.8	315.0096	0	0	0	1	3.67215	5.664284	-2.265637	315	10	315	
708.4688	COLLISION_NONE	NOT_SWITCH	NOT_RESET	NOT_WAYPOINT	315.1274	1.8	315.0096	0	0	0	1	3.594147	5.567226	-2.293323	315	10	315	
708.4888	COLLISION_NONE	NOT_SWITCH	NOT_RESET	NOT_WAYPOINT	315.1274	1.8	315.0096	0	0	0	1	3.4911	5.422276	-2.461906	315	10	315	
708.5089	COLLISION_NONE	NOT_SWITCH	NOT_RESET	NOT_WAYPOINT	315.1274	1.8	315.0096	0	0	0	1	3.450233	5.358757	-2.523436	315	10	315	
708.5289	COLLISION_NONE	NOT_SWITCH	NOT_RESET	NOT_WAYPOINT	315.1274	1.8	315.0096	0	0	0	1	3.442303	5.328346	-2.534961	315	10	315	
708.5489	COLLISION_NONE	NOT_SWITCH	NOT_RESET	NOT_WAYPOINT	315.1274	1.8	315.0096	0	0	0	1	3.427109	5.215523	-2.585074	315	10	315	
708.5689	COLLISION_NONE	NOT_SWITCH	NOT_RESET	NOT_WAYPOINT	315.1274	1.8	315.0096	0	0	0	1	3.436745	5.160686	-2.598616	315	10	315	
708.5889	COLLISION_NONE	NOT_SWITCH	NOT_RESET	NOT_WAYPOINT	315.1274	1.8	315.0096	0	0	0	1	3.391075	4.895126	-2.56674	315	10	315	
708.6089	COLLISION_NONE	NOT_SWITCH	NOT_RESET	NOT_WAYPOINT	315.1274	1.8	315.0096	0	0	0	1	3.275967	4.666882	-2.532445	315	10	315	
708.629	COLLISION_NONE	NOT_SWITCH	NOT_RESET	NOT_WAYPOINT	315.1274	1.8	315.0096	0	0	0	1	3.181236	4.486103	-2.533347	315	10	315	
708.649	COLLISION_NONE	NOT_SWITCH	NOT_RESET	NOT_WAYPOINT	315.1274	1.8	315.0096	0	0	0	1	3.121365	4.388165	-2.502544	315	10	315	
708.669	COLLISION_NONE	NOT_SWITCH	NOT_RESET	NOT_WAYPOINT	315.1274	1.8	315.0096	0	0	0	1	2.98307	4.206356	-2.460479	315	10	315	
708.689	COLLISION_NONE	NOT_SWITCH	NOT_RESET	NOT_WAYPOINT	315.1274	1.8	315.0096	0	0	0	1	2.817741	4.053944	-2.321038	315	10	315	
708.709	COLLISION_NONE	NOT_SWITCH	NOT_RESET	NOT_WAYPOINT	315.1274	1.8	315.0096	0	0	0	1	2.783535	4.048992	-2.284286	315	10	315	
708.7291	COLLISION_NONE	NOT_SWITCH	NOT_RESET	NOT_WAYPOINT	315.1274	1.8	315.0096	0	0	0	1	2.658344	4.073391	-2.131957	315	10	315	
708.7491	COLLISION_NONE	NOT_SWITCH	NOT_RESET	NOT_WAYPOINT	315.1274	1.8	315.0096	0	0	0	1	2.605164	4.080814	-2.093437	315	10	315	
708.7691	COLLISION_NONE	NOT_SWITCH	NOT_RESET	NOT_WAYPOINT	315.1274	1.8	315.0096	0	0	0	1	2.517998	4.145702	-1.955203	315	10	315	
708.7891	COLLISION_NONE	NOT_SWITCH	NOT_RESET	NOT_WAYPOINT	315.1274	1.8	315.0096	0	0	0	1	2.471012	4.177238	-1.851956	315	10	315	
708.8091	COLLISION_NONE	NOT_SWITCH	NOT_RESET	NOT_WAYPOINT	315.1274	1.8	315.0096	0	0	0	1	2.462761	4.18327	-1.730203	315	10	315	
708.8292	COLLISION_NONE	NOT_SWITCH	NOT_RESET	NOT_WAYPOINT	315.1274	1.8	315.0096	0	0	0	1	2.481544	4.226837	-1.693084	315	10	315	
708.8492	COLLISION_NONE	NOT_SWITCH	NOT_RESET	NOT_WAYPOINT	315.1274	1.8	315.0096	0	0	0	1	2.478088	4.248188	-1.591255	315	10	315	
708.8692	COLLISION_NONE	CORRECT_SWITCH	NOT_RESET	NOT_WAYPOINT	315.1274	1.8	315.0096	0	0.0003843566	0	0.9999999	2.509972	4.226894	-1.521434	315	10	315	
708.8892	COLLISION_NONE	NOT_SWITCH	NOT_RESET	NOT_WAYPOINT	315.1274	1.8	314.9898	0	0.0009626994	0	0.9999995	2.527977	4.16909	-1.470077	315	10	315	
708.9092	COLLISION_NONE	NOT_SWITCH	NOT_RESET	NOT_WAYPOINT	315.1273	1.8	314.9675	0	0.001640008	0	0.9999987	2.563972	4.191902	-1.430469	315	10	315	
708.9293	COLLISION_NONE	NOT_SWITCH	NOT_RESET	NOT_WAYPOINT	315.1273	1.8	314.9453	0	0.002369921	0	0.9999973	2.624283	4.246849	-1.370469	315	10	315	
708.9493	COLLISION_NONE	NOT_SWITCH	NOT_RESET	NOT_WAYPOINT	315.1272	1.8	314.923	0	0.003128767	0	0.9999952	2.672321	4.285244	-1.31521	315	10	315	
708.9693	COLLISION_NONE	NOT_SWITCH	NOT_RESET	NOT_WAYPOINT	315.1271	1.8	314.9012	0	0.004690346	0	0.999989	2.712135	4.305431	-1.234193	315	10	315	
708.9893	COLLISION_NONE	NOT_SWITCH	NOT_RESET	NOT_WAYPOINT	315.1268	1.8	314.8794	0	0.005482311	0	0.999985	2.754925	4.337418	-1.178521	315	10	315	
709.0093	COLLISION_NONE	NOT_SWITCH	NOT_RESET	NOT_WAYPOINT	315.1266	1.8	314.8576	0	0.006275628	0	0.9999804	2.699368	4.317062	-1.152844	315	10	315	
709.0294	COLLISION_NONE	NOT_SWITCH	NOT_RESET	NOT_WAYPOINT	315.1263	1.8	314.8358	0	0.007068961	0	0.9999751	2.689922	4.381306	-1.151263	315	10	315	
709.0494	COLLISION_NONE	NOT_SWITCH	NOT_RESET	NOT_WAYPOINT	315.126	1.8	314.8144	0	0.007859178	0	0.9999692	2.608837	4.387424	-1.136275	315	10	315	
709.0694	COLLISION_NONE	NOT_SWITCH	NOT_RESET	NOT_WAYPOINT	315.1257	1.8	314.7934	0	0.009433484	0	0.9999555	2.540905	4.491722	-1.084441	315	10	315	
709.0894	COLLISION_NONE	NOT_SWITCH	NOT_RESET	NOT_WAYPOINT	315.1253	1.8	314.7737	0	0.01021812	0	0.9999478	2.570751	4.6381	-1.054416	315	10	315	
709.1094	COLLISION_NONE	NOT_SWITCH	NOT_RESET	NOT_WAYPOINT	315.1249	1.8	314.7537	0	0.01100267	0	0.9999395	2.583607	4.734474	-1.051325	315	10	315	
709.1295	COLLISION_NONE	NOT_SWITCH	NOT_RESET	NOT_WAYPOINT	315.1245	1.8	314.7336	0	0.01178864	0	0.9999306	2.617504	4.852993	-1.009544	315	10	315	
709.1495	COLLISION_NONE	NOT_SWITCH	NOT_RESET	NOT_WAYPOINT	315.124	1.8	314.7135	0	0.01257564	0	0.999921	2.634338	4.888634	-1.023443	315	10	315	
709.1695	COLLISION_NONE	NOT_SWITCH	NOT_RESET	NOT_WAYPOINT	315.1235	1.8	314.6938	0	0.0141553	0	0.9998999	2.658287	4.936241	-0.9982762	315	10	315	
709.1895	COLLISION_NONE	NOT_SWITCH	NOT_RESET	NOT_WAYPOINT	315.1229	1.8	314.6733	0	0.0149471	0	0.9998884	2.718613	4.988186	-1.035263	315	10	315	
709.2095	COLLISION_NONE	NOT_SWITCH	NOT_RESET	NOT_WAYPOINT	315.1223	1.8	314.6533	0	0.01573881	0	0.9998762	2.701504	4.982571	-1.056821	315	10	315	
709.2296	COLLISION_NONE	NOT_SWITCH	NOT_RESET	NOT_WAYPOINT	315.1216	1.8	314.6323	0	0.01653245	0	0.9998634	2.772274	5.101192	-1.081574	315	10	315	
709.2496	COLLISION_NONE	NOT_SWITCH	NOT_RESET	NOT_WAYPOINT	315.1208	1.8	314.6105	0	0.01732737	0	0.9998499	2.786301	5.100574	-1.096251	315	10	315	
709.2696	COLLISION_NONE	NOT_SWITCH	NOT_RESET	NOT_WAYPOINT	315.1201	1.8	314.5887	0	0.01892496	0	0.9998209	2.865398	5.159145	-1.128959	315	10	315	
709.2896	COLLISION_NONE	NOT_SWITCH	NOT_RESET	NOT_WAYPOINT	315.1192	1.8	314.5656	0	0.0197271	0	0.9998054	2.930454	5.25185	-1.155651	315	10	315	
709.3096	COLLISION_NONE	NOT_SWITCH	NOT_RESET	NOT_WAYPOINT	315.1183	1.8	314.5425	0	0.02053315	0	0.9997892	2.978619	5.325535	-1.13357	315	10	315	
709.3297	COLLISION_NONE	NOT_SWITCH	NOT_RESET	NOT_WAYPOINT	315.1173	1.8	314.5194	0	0.02134313	0	0.9997722	3.083988	5.515087	-1.121919	315	10	315	
709.3497	COLLISION_NONE	NOT_SWITCH	NOT_RESET	NOT_WAYPOINT	315.1164	1.8	314.4967	0	0.02215669	0	0.9997545	3.106415	5.576412	-1.11887	315	10	315	
709.3697	COLLISION_NONE	NOT_SWITCH	NOT_RESET	NOT_WAYPOINT	315.1154	1.8	314.4745	0	0.023792	0	0.9997169	3.14706	5.607571	-1.152703	315	10	315	
709.3897	COLLISION_NONE	NOT_SWITCH	NOT_RESET	NOT_WAYPOINT	315.1248	1.8	314.676	0	0.0246134	0	0.999697	3.223495	5.690449	-1.148581	315	10	315	
709.4097	COLLISION_NONE	NOT_SWITCH	NOT_RESET	NOT_WAYPOINT	315.1333	1.8	314.8551	0	0.02543611	0	0.9996765	3.215195	5.667675	-1.15441	315	10	315	
709.4297	COLLISION_NONE	NOT_SWITCH	NOT_RESET	NOT_WAYPOINT	315.1412	1.8	315.0119	0	0.0262611	0	0.9996551	3.268665	5.78513	-1.154083	315	10	315	
709.4498	COLLISION_NONE	NOT_SWITCH	NOT_RESET	NOT_WAYPOINT	315.1499	1.8	315.1777	0	0.02791267	0	0.9996104	3.272091	5.866016	-1.136049	315	10	315	
709.4698	COLLISION_NONE	NOT_SWITCH	NOT_RESET	NOT_WAYPOINT	315.1657	1.8	315.4564	0	0.02873793	0	0.999587	3.230473	5.816814	-1.137797	315	10	315	
709.4898	COLLISION_NONE	NOT_SWITCH	NOT_RESET	NOT_WAYPOINT	315.2438	1.8	315.7759	0	0.02956284	0	0.9995629	3.244209	5.89053	-1.140815	315	10	315	
709.5098	COLLISION_NONE	NOT_SWITCH	NOT_RESET	NOT_WAYPOINT	315.3456	1.8	316.1072	0	0.0303879	0	0.9995382	3.255379	5.895691	-1.146983	315	10	315	
709.5298	COLLISION_NONE	NOT_SWITCH	NOT_RESET	NOT_WAYPOINT	315.4629	1.8	316.4394	0	0.03121417	0	0.9995127	3.291782	5.942871	-1.154695	315	10	315	
709.5499	COLLISION_NONE	NOT_SWITCH	NOT_RESET	NOT_WAYPOINT	315.5921	1.8	316.7719	0	0.03287007	0	0.9994596	3.33519	6.033676	-1.165637	315	10	315	
709.5699	COLLISION_NONE	NOT_SWITCH	NOT_RESET	NOT_WAYPOINT	315.736	1.8	317.1052	0	0.03370052	0	0.999432	3.369255	6.03611	-1.16922	315	10	315	
709.5899	COLLISION_NONE	NOT_SWITCH	NOT_RESET	NOT_WAYPOINT	315.8783	1.8	317.4386	0	0.0345342	0	0.9994035	3.42968	6.14312	-1.147299	315	10	315	
709.6099	COLLISION_NONE	NOT_SWITCH	NOT_RESET	NOT_WAYPOINT	316.021	1.8	317.7723	0	0.03536915	0	0.9993743	3.412712	6.119446	-1.130233	315	10	315	
709.6299	COLLISION_NONE	NOT_SWITCH	NOT_RESET	NOT_WAYPOINT	316.1642	1.8	318.1058	0	0.03620523	0	0.9993444	3.421589	6.145416	-1.115578	315	10	315	
709.65	COLLISION_NONE	NOT_SWITCH	NOT_RESET	NOT_WAYPOINT	316.308	1.8	318.4391	0	0.03787545	0	0.9992825	3.369526	6.148151	-1.063945	315	10	315	
709.67	COLLISION_NONE	NOT_SWITCH	NOT_RESET	NOT_WAYPOINT	316.4533	1.8	318.7715	0	0.03871016	0	0.9992505	3.353977	6.115479	-1.034085	315	10	315	
709.69	COLLISION_NONE	NOT_SWITCH	NOT_RESET	NOT_WAYPOINT	316.5988	1.8	319.1041	0	0.03954523	0	0.9992178	3.363525	6.146336	-1.017945	315	10	315	
709.71	COLLISION_NONE	NOT_SWITCH	NOT_RESET	NOT_WAYPOINT	316.7448	1.8	319.4363	0	0.04038163	0	0.9991844	3.376221	6.141113	-0.9784511	315	10	315	
709.73	COLLISION_NONE	NOT_SWITCH	NOT_RESET	NOT_WAYPOINT	316.8913	1.8	319.7684	0	0.041219	0	0.9991502	3.37244	6.121204	-0.9557329	315	10	315	
709.7501	COLLISION_NONE	NOT_SWITCH	NOT_RESET	NOT_WAYPOINT	317.0385	1.8	320.1002	0	0.04289827	0	0.9990795	3.417004	6.060879	-0.9230312	315	10	315	
709.7701	COLLISION_NONE	NOT_SWITCH	NOT_RESET	NOT_WAYPOINT	317.187	1.8	320.4311	0	0.04374034	0	0.999043	3.397316	5.971935	-0.908192	315	10	315	
709.7901	COLLISION_NONE	NOT_SWITCH	NOT_RESET	NOT_WAYPOINT	317.3359	1.8	320.7622	0	0.04458491	0	0.9990057	3.412098	5.97583	-0.8836653	315	10	315	
709.8101	COLLISION_NONE	NOT_SWITCH	NOT_RESET	NOT_WAYPOINT	317.4836	1.8	321.0912	0	0.04542941	0	0.9989675	3.384338	5.897949	-0.8565581	315	10	315	
709.8301	COLLISION_NONE	NOT_SWITCH	NOT_RESET	NOT_WAYPOINT	317.6253	1.8	321.419	0	0.04627452	0	0.9989288	3.389854	5.902134	-0.8275294	315	10	315	
709.8502	COLLISION_NONE	NOT_SWITCH	NOT_RESET	NOT_WAYPOINT	317.7541	1.8	321.7464	0	0.04796347	0	0.9988492	3.355034	5.8367	-0.787698	315	10	315	
709.8702	COLLISION_NONE	NOT_SWITCH	NOT_RESET	NOT_WAYPOINT	317.8681	1.8	322.0715	0	0.04880837	0	0.9988082	3.357235	5.844402	-0.7698083	315	10	315	
709.8902	COLLISION_NONE	NOT_SWITCH	NOT_RESET	NOT_WAYPOINT	317.9807	1.8	322.3944	0	0.04965427	0	0.9987665	3.379036	5.869251	-0.766607	315	10	315	
709.9102	COLLISION_NONE	NOT_SWITCH	NOT_RESET	NOT_WAYPOINT	318.0625	1.8	322.7198	0	0.05050212	0	0.998724	3.384552	5.873413	-0.73758	315	10	315	
709.9302	COLLISION_NONE	NOT_SWITCH	NOT_RESET	NOT_WAYPOINT	318.0605	1.8	323.0551	0	0.05135339	0	0.9986806	3.462666	5.900406	-0.7236307	315	10	315	
709.9503	COLLISION_NONE	NOT_SWITCH	NOT_RESET	NOT_WAYPOINT	317.9412	1.8	323.4058	0	0.05306138	0	0.9985913	3.477436	5.841187	-0.7184914	315	10	315	
709.9703	COLLISION_NONE	NOT_SWITCH	NOT_RESET	NOT_WAYPOINT	317.6493	1.8	323.782	0	0.05391577	0	0.9985455	3.437801	5.780849	-0.7159497	315	10	315	
709.9903	COLLISION_NONE	NOT_SWITCH	NOT_RESET	NOT_WAYPOINT	317.3755	1.8	324.156	0	0.05477089	0	0.998499	3.463863	5.771584	-0.7254462	315	10	315	
710.0103	COLLISION_NONE	NOT_SWITCH	NOT_RESET	NOT_WAYPOINT	317.1072	1.8	324.529	0	0.05562356	0	0.9984518	3.382961	5.69754	-0.7137551	315	10	315	
710.0303	COLLISION_NONE	NOT_SWITCH	NOT_RESET	NOT_WAYPOINT	316.8403	1.8	324.9	0	0.05647746	0	0.9984039	3.442917	5.713478	-0.7088735	315	10	315	
710.0504	COLLISION_NONE	NOT_SWITCH	NOT_RESET	NOT_WAYPOINT	316.5762	1.8	325.2709	0	0.05818694	0	0.9983058	3.444569	5.635029	-0.6729978	315	10	315	
710.0704	COLLISION_NONE	NOT_SWITCH	NOT_RESET	NOT_WAYPOINT	316.3178	1.8	325.6454	0	0.05904496	0	0.9982553	3.482918	5.645393	-0.6543022	315	10	315	
710.0904	COLLISION_NONE	NOT_SWITCH	NOT_RESET	NOT_WAYPOINT	316.0587	1.8	326.0219	0	0.05990604	0	0.9982041	3.525764	5.67384	-0.6433806	315	10	315	
710.1104	COLLISION_NONE	NOT_SWITCH	NOT_RESET	NOT_WAYPOINT	315.8003	1.8	326.3987	0	0.06076944	0	0.9981519	3.534294	5.655739	-0.616747	315	10	315	
710.1304	COLLISION_NONE	NOT_SWITCH	NOT_RESET	NOT_WAYPOINT	315.5426	1.8	326.7759	0	0.06163496	0	0.9980987	3.553043	5.669891	-0.5990938	315	10	315	
710.1505	COLLISION_NONE	NOT_SWITCH	NOT_RESET	NOT_WAYPOINT	315.2855	1.8	327.1536	0	0.06336809	0	0.9979902	3.552681	5.623959	-0.5799136	315	10	315	
710.1705	COLLISION_NONE	NOT_SWITCH	NOT_RESET	NOT_WAYPOINT	315.0304	1.8	327.5322	0	0.06423365	0	0.9979349	3.493893	5.528973	-0.6012578	315	10	315	
710.1905	COLLISION_NONE	NOT_SWITCH	NOT_RESET	NOT_WAYPOINT	314.7752	1.8	327.9113	0	0.06509868	0	0.9978789	3.508266	5.539722	-0.6157508	315	10	315	
710.2105	COLLISION_NONE	NOT_SWITCH	NOT_RESET	NOT_WAYPOINT	314.5208	1.8	328.2908	0	0.06596079	0	0.9978223	3.500259	5.522423	-0.6421341	315	10	315	
710.2305	COLLISION_NONE	NOT_SWITCH	NOT_RESET	TRIGGER_WAYPOINT	314.267	1.8	328.6707	0	0.06768409	0	0.9977069	3.462448	5.364983	-0.6315211	315	1.8	345	
710.2505	COLLISION_NONE	NOT_SWITCH	NOT_RESET	NOT_WAYPOINT	314.0151	1.8	329.0515	0	0.06854756	0	0.9976478	3.481785	5.360107	-0.6197491	315	1.8	345	
710.2706	COLLISION_NONE	NOT_SWITCH	NOT_RESET	NOT_WAYPOINT	313.7633	1.8	329.4329	0	0.0694134	0	0.997588	3.521164	5.381943	-0.5898589	315	1.8	345	
710.2906	COLLISION_NONE	NOT_SWITCH	NOT_RESET	NOT_WAYPOINT	313.5121	1.8	329.8145	0	0.07028136	0	0.9975272	3.54554	5.433102	-0.5553473	315	1.8	345	
710.3106	COLLISION_NONE	NOT_SWITCH	NOT_RESET	NOT_WAYPOINT	313.2616	1.8	330.1966	0	0.07115085	0	0.9974656	3.549946	5.452961	-0.5292724	315	1.8	345	
710.3306	COLLISION_NONE	NOT_SWITCH	NOT_RESET	NOT_WAYPOINT	313.0118	1.8	330.5791	0	0.07289478	0	0.9973397	3.580231	5.497311	-0.5212477	315	1.8	345	
710.3506	COLLISION_NONE	NOT_SWITCH	NOT_RESET	NOT_WAYPOINT	312.7639	1.8	330.9626	0	0.07376722	0	0.9972755	3.582359	5.547153	-0.5347863	315	1.8	345	
710.3707	COLLISION_NONE	NOT_SWITCH	NOT_RESET	NOT_WAYPOINT	312.5161	1.8	331.3465	0	0.07463769	0	0.9972107	3.529495	5.485626	-0.5402873	315	1.8	345	
710.3907	COLLISION_NONE	NOT_SWITCH	NOT_RESET	NOT_WAYPOINT	312.269	1.8	331.7307	0	0.07550815	0	0.9971452	3.553055	5.514362	-0.5315067	315	1.8	345	
710.4107	COLLISION_NONE	NOT_SWITCH	NOT_RESET	NOT_WAYPOINT	312.0386	1.8	332.112	0	0.07637592	0	0.9970791	3.488144	5.464504	-0.5444694	315	1.8	345	
710.4307	COLLISION_NONE	NOT_SWITCH	NOT_RESET	NOT_WAYPOINT	311.8294	1.8	332.4891	0	0.07811494	0	0.9969444	3.594864	5.536594	-0.5791047	315	1.8	345	
710.4507	COLLISION_NONE	NOT_SWITCH	NOT_RESET	NOT_WAYPOINT	311.6618	1.8	332.8572	0	0.07898764	0	0.9968756	3.641735	5.603962	-0.5772811	315	1.8	345	
710.4708	COLLISION_NONE	NOT_SWITCH	NOT_RESET	NOT_WAYPOINT	311.515	1.8	333.2206	0	0.07986365	0	0.9968058	3.712711	5.680096	-0.6026571	315	1.8	345	
710.4908	COLLISION_NONE	NOT_SWITCH	NOT_RESET	NOT_WAYPOINT	311.3889	1.8	333.5796	0	0.08074257	0	0.996735	3.74308	5.694267	-0.6260344	315	1.8	345	
710.5108	COLLISION_NONE	NOT_SWITCH	NOT_RESET	NOT_WAYPOINT	311.2834	1.8	333.9342	0	0.08162194	0	0.9966634	3.75713	5.701839	-0.6902718	315	1.8	345	
710.5308	COLLISION_NONE	NOT_SWITCH	NOT_RESET	NOT_WAYPOINT	311.1983	1.8	334.2848	0	0.08337738	0	0.9965181	3.782959	5.7388	-0.7675923	315	1.8	345	
710.5508	COLLISION_NONE	NOT_SWITCH	NOT_RESET	NOT_WAYPOINT	311.2465	1.8	334.6126	0	0.08425169	0	0.9964445	3.717369	5.712852	-0.8222163	315	1.8	345	
710.5709	COLLISION_NONE	NOT_SWITCH	NOT_RESET	NOT_WAYPOINT	311.4125	1.8	334.9236	0	0.08512174	0	0.9963706	3.642284	5.6628	-0.8420937	315	1.8	345	
710.5909	COLLISION_NONE	NOT_SWITCH	NOT_RESET	NOT_WAYPOINT	311.679	1.8	335.2211	0	0.08598981	0	0.9962961	3.657364	5.682934	-0.8647359	315	1.8	345	
710.6109	COLLISION_NONE	NOT_SWITCH	NOT_RESET	NOT_WAYPOINT	311.9991	1.8	335.5115	0	0.0868552	0	0.9962209	3.616058	5.634396	-0.877473	315	1.8	345	
710.6309	COLLISION_NONE	NOT_SWITCH	NOT_RESET	NOT_WAYPOINT	312.3403	1.8	335.7991	0	0.08858722	0	0.9960685	3.691246	5.661583	-0.875784	315	1.8	345	
710.6509	COLLISION_NONE	NOT_SWITCH	NOT_RESET	NOT_WAYPOINT	312.6957	1.8	336.0837	0	0.08945567	0	0.9959909	3.715282	5.663994	-0.8861554	315	1.8	345	
710.671	COLLISION_NONE	NOT_SWITCH	NOT_RESET	NOT_WAYPOINT	313.0491	1.8	336.3671	0	0.09032653	0	0.9959122	3.751762	5.698048	-0.8645321	315	1.8	345	
710.691	COLLISION_NONE	NOT_SWITCH	NOT_RESET	NOT_WAYPOINT	313.4011	1.8	336.6511	0	0.09119888	0	0.9958327	3.758469	5.6726	-0.8702026	315	1.8	345	
710.711	COLLISION_NONE	NOT_SWITCH	NOT_RESET	NOT_WAYPOINT	313.7537	1.8	336.935	0	0.09294854	0	0.995671	3.7729	5.602108	-0.8654046	315	1.8	345	
710.731	COLLISION_NONE	NOT_SWITCH	NOT_RESET	NOT_WAYPOINT	314.1073	1.8	337.217	0	0.09382404	0	0.9955888	3.760002	5.538361	-0.84074	315	1.8	345	
710.751	COLLISION_NONE	NOT_SWITCH	NOT_RESET	NOT_WAYPOINT	314.4614	1.8	337.4991	0	0.09470055	0	0.9955058	3.783035	5.563995	-0.8406074	315	1.8	345	
710.7711	COLLISION_NONE	NOT_SWITCH	NOT_RESET	NOT_WAYPOINT	314.8135	1.8	337.7715	0	0.09557686	0	0.9954221	3.754074	5.545235	-0.8141944	315	1.8	345	
710.7911	COLLISION_NONE	NOT_SWITCH	NOT_RESET	NOT_WAYPOINT	315.1609	1.8	338.0227	0	0.09645352	0	0.9953375	3.763523	5.603592	-0.7894878	315	1.8	345	
710.8111	COLLISION_NONE	NOT_SWITCH	NOT_RESET	NOT_WAYPOINT	315.5035	1.8	338.2527	0	0.09820494	0	0.9951662	3.742001	5.609882	-0.7719711	315	1.8	345	
710.8311	COLLISION_NONE	NOT_SWITCH	NOT_RESET	NOT_WAYPOINT	315.8372	1.8	338.4407	0	0.09908351	0	0.9950792	3.824226	5.736225	-0.7706081	315	1.8	345	
710.8511	COLLISION_NONE	NOT_SWITCH	NOT_RESET	NOT_WAYPOINT	316.167	1.8	338.6077	0	0.09996376	0	0.9949911	3.847115	5.783604	-0.7825208	315	1.8	345	
710.8712	COLLISION_NONE	NOT_SWITCH	NOT_RESET	NOT_WAYPOINT	316.4934	1.8	338.7537	0	0.100846	0	0.9949021	3.892612	5.852722	-0.8065059	315	1.8	345	
710.8912	COLLISION_NONE	NOT_SWITCH	NOT_RESET	NOT_WAYPOINT	316.8175	1.8	338.886	0	0.1017299	0	0.9948121	3.924271	5.918758	-0.81699	315	1.8	345	
710.9112	COLLISION_NONE	NOT_SWITCH	NOT_RESET	NOT_WAYPOINT	317.1398	1.8	339.0122	0	0.103508	0	0.9946287	4.032238	6.013737	-0.8248605	315	1.8	345	
710.9312	COLLISION_NONE	NOT_SWITCH	NOT_RESET	NOT_WAYPOINT	317.4584	1.8	339.134	0	0.1043987	0	0.9945356	4.016617	6.023243	-0.8230423	315	1.8	345	
710.9512	COLLISION_NONE	NOT_SWITCH	NOT_RESET	NOT_WAYPOINT	317.7769	1.8	339.252	0	0.1052909	0	0.9944415	4.016617	6.023243	-0.8230423	315	1.8	345	
710.9713	COLLISION_NONE	NOT_SWITCH	NOT_RESET	NOT_WAYPOINT	318.0967	1.8	339.3654	0	0.1061837	0	0.9943466	3.996807	6.087795	-0.8240235	315	1.8	345	
710.9913	COLLISION_NONE	NOT_SWITCH	NOT_RESET	NOT_WAYPOINT	318.4152	1.8	339.4764	0	0.1070758	0	0.9942509	4.033623	6.143917	-0.8285669	315	1.8	345	
711.0113	COLLISION_NONE	NOT_SWITCH	NOT_RESET	NOT_WAYPOINT	318.7317	1.8	339.5777	0	0.1088581	0	0.9940574	4.040276	6.157776	-0.8220035	315	1.8	345	
711.0313	COLLISION_NONE	NOT_SWITCH	NOT_RESET	NOT_WAYPOINT	319.0368	1.8	339.6386	0	0.109751	0	0.9939591	4.081036	6.207886	-0.8272418	315	1.8	345	
711.0513	COLLISION_NONE	NOT_SWITCH	NOT_RESET	NOT_WAYPOINT	319.3377	1.8	339.6862	0	0.1106448	0	0.9938601	4.098568	6.268574	-0.8436744	315	1.8	345	
711.0714	COLLISION_NONE	NOT_SWITCH	NOT_RESET	NOT_WAYPOINT	319.6354	1.8	339.7267	0	0.1115399	0	0.99376	4.134544	6.325027	-0.8557575	315	1.8	345	
711.0914	COLLISION_NONE	NOT_SWITCH	NOT_RESET	NOT_WAYPOINT	319.9303	1.8	339.7639	0	0.1124354	0	0.9936591	4.140488	6.34985	-0.8834337	315	1.8	345	
711.1114	COLLISION_NONE	NOT_SWITCH	NOT_RESET	NOT_WAYPOINT	320.2213	1.8	339.7894	0	0.1142306	0	0.9934543	4.180443	6.358013	-0.931672	315	1.8	345	
711.1314	COLLISION_NONE	NOT_SWITCH	NOT_RESET	NOT_WAYPOINT	320.4932	1.8	339.7232	0	0.1151288	0	0.9933506	4.189754	6.386806	-0.934779	315	1.8	345	
711.1514	COLLISION_NONE	NOT_SWITCH	NOT_RESET	NOT_WAYPOINT	320.751	1.8	339.5779	0	0.1160257	0	0.9932463	4.181381	6.433544	-0.9600806	315	1.8	345	
711.1714	COLLISION_NONE	NOT_SWITCH	NOT_RESET	NOT_WAYPOINT	320.9948	1.8	339.3535	0	0.1169213	0	0.9931412	4.148243	6.48912	-0.9827943	315	1.8	345	
711.1915	COLLISION_NONE	NOT_SWITCH	NOT_RESET	NOT_WAYPOINT	321.2289	1.8	339.0762	0	0.1178149	0	0.9930356	4.148243	6.48912	-0.9827943	315	1.8	345	
711.2115	COLLISION_NONE	NOT_SWITCH	NOT_RESET	NOT_WAYPOINT	321.4579	1.8	338.7727	0	0.1196048	0	0.9928216	4.282696	6.758797	-0.9823355	315	1.8	345	
711.2315	COLLISION_NONE	NOT_SWITCH	NOT_RESET	NOT_WAYPOINT	321.6827	1.8	338.4512	0	0.1205051	0	0.9927127	4.33136	6.788734	-0.9425063	315	1.8	345	
711.2515	COLLISION_NONE	NOT_SWITCH	NOT_RESET	NOT_WAYPOINT	321.9068	1.8	338.1324	0	0.1214083	0	0.9926026	4.352539	6.812019	-0.9172081	315	1.8	345	
711.2715	COLLISION_NONE	NOT_SWITCH	NOT_RESET	NOT_WAYPOINT	322.1311	1.8	337.8156	0	0.1223156	0	0.9924912	4.408005	6.857597	-0.8778633	315	1.8	345	
711.2916	COLLISION_NONE	NOT_SWITCH	NOT_RESET	NOT_WAYPOINT	322.3557	1.8	337.4982	0	0.1232251	0	0.9923788	4.394627	6.821594	-0.8450136	315	1.8	345	
711.3116	COLLISION_NONE	NOT_SWITCH	NOT_RESET	NOT_WAYPOINT	322.5797	1.8	337.1805	0	0.1250484	0	0.9921507	4.358143	6.793789	-0.7942706	315	1.8	345	
711.3316	COLLISION_NONE	NOT_SWITCH	NOT_RESET	NOT_WAYPOINT	322.802	1.8	336.8619	0	0.1259589	0	0.9920355	4.343292	6.79845	-0.7751938	315	1.8	345	
711.3516	COLLISION_NONE	NOT_SWITCH	NOT_RESET	NOT_WAYPOINT	323.0242	1.8	336.5429	0	0.1268667	0	0.9919198	4.277954	6.74918	-0.7591842	315	1.8	345	
711.3716	COLLISION_NONE	NOT_SWITCH	NOT_RESET	NOT_WAYPOINT	323.2459	1.8	336.2236	0	0.1277736	0	0.9918034	4.286545	6.780529	-0.7503385	315	1.8	345	
711.3917	COLLISION_NONE	NOT_SWITCH	NOT_RESET	NOT_WAYPOINT	323.4669	1.8	335.9039	0	0.1295839	0	0.9915685	4.24744	6.77874	-0.684742	315	1.8	345	
711.4117	COLLISION_NONE	NOT_SWITCH	NOT_RESET	NOT_WAYPOINT	323.6863	1.8	335.5833	0	0.1304891	0	0.9914498	4.24744	6.77874	-0.684742	315	1.8	345	
711.4317	COLLISION_NONE	NOT_SWITCH	NOT_RESET	NOT_WAYPOINT	323.9056	1.8	335.2623	0	0.1313948	0	0.9913301	4.25938	6.849873	-0.6400552	315	1.8	345	
711.4517	COLLISION_NONE	NOT_SWITCH	NOT_RESET	NOT_WAYPOINT	324.1244	1.8	334.941	0	0.1322996	0	0.9912098	4.237244	6.83268	-0.6523544	315	1.8	345	
711.4717	COLLISION_NONE	NOT_SWITCH	NOT_RESET	NOT_WAYPOINT	324.3425	1.8	334.6193	0	0.1332031	0	0.9910888	4.219395	6.806	-0.6664636	315	1.8	345	
711.4918	COLLISION_NONE	NOT_SWITCH	NOT_RESET	NOT_WAYPOINT	324.5601	1.8	334.2971	0	0.1350023	0	0.9908453	4.143238	6.699032	-0.6907702	315	1.8	345	
711.5118	COLLISION_NONE	NOT_SWITCH	NOT_RESET	NOT_WAYPOINT	324.7759	1.8	333.9742	0	0.1358978	0	0.9907229	4.09267	6.609463	-0.7048494	315	1.8	345	
711.5318	COLLISION_NONE	NOT_SWITCH	NOT_RESET	NOT_WAYPOINT	324.9917	1.8	333.6508	0	0.136791	0	0.9905999	4.074089	6.621899	-0.6922215	315	1.8	345	
711.5518	COLLISION_NONE	NOT_SWITCH	NOT_RESET	NOT_WAYPOINT	325.2069	1.8	333.3271	0	0.1376817	0	0.9904765	4.032021	6.539886	-0.7048889	315	1.8	345	
711.5718	COLLISION_NONE	NOT_SWITCH	NOT_RESET	NOT_WAYPOINT	325.4216	1.8	333.003	0	0.1385713	0	0.9903525	4.041389	6.55154	-0.7056174	315	1.8	345	
711.5919	COLLISION_NONE	NOT_SWITCH	NOT_RESET	NOT_WAYPOINT	325.6356	1.8	332.6785	0	0.1403485	0	0.9901022	4.036942	6.519421	-0.6724327	315	1.8	345	
711.6119	COLLISION_NONE	NOT_SWITCH	NOT_RESET	NOT_WAYPOINT	325.8479	1.8	332.3532	0	0.1412393	0	0.9899755	4.074993	6.545681	-0.6484138	315	1.8	345	
711.6319	COLLISION_NONE	NOT_SWITCH	NOT_RESET	NOT_WAYPOINT	326.0603	1.8	332.0275	0	0.1421338	0	0.9898475	4.131653	6.622913	-0.5916003	315	1.8	345	
711.6519	COLLISION_NONE	NOT_SWITCH	NOT_RESET	NOT_WAYPOINT	326.272	1.8	331.7015	0	0.1430311	0	0.9897182	4.145172	6.650177	-0.556327	315	1.8	345	
711.6719	COLLISION_NONE	NOT_SWITCH	NOT_RESET	NOT_WAYPOINT	326.4831	1.8	331.3752	0	0.1439321	0	0.9895876	4.201248	6.656441	-0.5439113	315	1.8	345	
711.692	COLLISION_NONE	NOT_SWITCH	NOT_RESET	NOT_WAYPOINT	326.6937	1.8	331.0484	0	0.1457357	0	0.9893236	4.175743	6.609997	-0.5553758	315	1.8	345	
711.712	COLLISION_NONE	NOT_SWITCH	NOT_RESET	NOT_WAYPOINT	326.9024	1.8	330.7208	0	0.1466365	0	0.9891905	4.19762	6.651501	-0.5577018	315	1.8	345	
711.732	COLLISION_NONE	NOT_SWITCH	NOT_RESET	NOT_WAYPOINT	327.1112	1.8	330.3928	0	0.1475367	0	0.9890566	4.144871	6.55479	-0.5862387	315	1.8	345	
711.752	COLLISION_NONE	NOT_SWITCH	NOT_RESET	NOT_WAYPOINT	327.3193	1.8	330.0645	0	0.1484336	0	0.9889224	4.069771	6.48328	-0.5914187	315	1.8	345	
711.772	COLLISION_NONE	NOT_SWITCH	NOT_RESET	NOT_WAYPOINT	327.5269	1.8	329.7359	0	0.1493291	0	0.9887876	4.073429	6.49268	-0.5873446	315	1.8	345	
711.7921	COLLISION_NONE	NOT_SWITCH	NOT_RESET	NOT_WAYPOINT	327.7338	1.8	329.4069	0	0.1511186	0	0.9885157	4.081944	6.457672	-0.5583061	315	1.8	345	
711.8121	COLLISION_NONE	NOT_SWITCH	NOT_RESET	NOT_WAYPOINT	327.939	1.8	329.077	0	0.1520151	0	0.9883782	4.085339	6.494423	-0.5456799	315	1.8	345	
711.8321	COLLISION_NONE	NOT_SWITCH	NOT_RESET	NOT_WAYPOINT	328.1442	1.8	328.7467	0	0.1529123	0	0.9882398	4.108841	6.506947	-0.5305014	315	1.8	345	
711.8521	COLLISION_NONE	NOT_SWITCH	NOT_RESET	NOT_WAYPOINT	328.3488	1.8	328.4162	0	0.1538099	0	0.9881005	4.119289	6.540913	-0.5464106	315	1.8	345	
711.8721	COLLISION_NONE	NOT_SWITCH	NOT_RESET	NOT_WAYPOINT	328.5527	1.8	328.0853	0	0.1547077	0	0.9879603	4.132	6.524006	-0.5738035	315	1.8	345	
711.8922	COLLISION_NONE	NOT_SWITCH	NOT_RESET	NOT_WAYPOINT	328.7561	1.8	327.754	0	0.1565029	0	0.9876775	4.143906	6.476822	-0.5774112	315	1.8	345	
711.9122	COLLISION_NONE	NOT_SWITCH	NOT_RESET	NOT_WAYPOINT	328.9577	1.8	327.4219	0	0.1574013	0	0.9875348	4.126076	6.407616	-0.5637165	315	1.8	345	
711.9322	COLLISION_NONE	NOT_SWITCH	NOT_RESET	NOT_WAYPOINT	329.1592	1.8	327.0895	0	0.1583021	0	0.9873908	4.184452	6.432297	-0.5600383	315	1.8	345	
711.9522	COLLISION_NONE	NOT_SWITCH	NOT_RESET	NOT_WAYPOINT	329.3602	1.8	326.7567	0	0.1592038	0	0.9872458	4.169228	6.412083	-0.537636	315	1.8	345	
711.9722	COLLISION_NONE	NOT_SWITCH	NOT_RESET	NOT_WAYPOINT	329.5605	1.8	326.4236	0	0.1610129	0	0.9869524	4.211411	6.388515	-0.5170281	315	1.8	345	
711.9922	COLLISION_NONE	NOT_SWITCH	NOT_RESET	NOT_WAYPOINT	329.7591	1.8	326.0898	0	0.1619199	0	0.9868039	4.237411	6.426239	-0.5005882	315	1.8	345	
712.0123	COLLISION_NONE	NOT_SWITCH	NOT_RESET	NOT_WAYPOINT	329.9576	1.8	325.7555	0	0.1628302	0	0.9866542	4.295799	6.453938	-0.4737344	315	1.8	345	
712.0323	COLLISION_NONE	NOT_SWITCH	NOT_RESET	NOT_WAYPOINT	330.1555	1.8	325.4209	0	0.1637435	0	0.986503	4.318317	6.484451	-0.4418145	315	1.8	345	
712.0523	COLLISION_NONE	NOT_SWITCH	NOT_RESET	NOT_WAYPOINT	330.3528	1.8	325.086	0	0.1646603	0	0.9863503	4.373547	6.556091	-0.4243581	315	1.8	345	
712.0723	COLLISION_NONE	NOT_SWITCH	NOT_RESET	NOT_WAYPOINT	330.5494	1.8	324.7507	0	0.1664996	0	0.9860415	4.40329	6.516174	-0.4312053	315	1.8	345	
712.0923	COLLISION_NONE	NOT_SWITCH	NOT_RESET	NOT_WAYPOINT	330.7442	1.8	324.4146	0	0.1674223	0	0.9858853	4.432728	6.556732	-0.4203883	315	1.8	345	
712.1124	COLLISION_NONE	NOT_SWITCH	NOT_RESET	NOT_WAYPOINT	330.939	1.8	324.0781	0	0.1683446	0	0.9857283	4.389282	6.508476	-0.4082185	315	1.8	345	
712.1324	COLLISION_NONE	NOT_SWITCH	NOT_RESET	NOT_WAYPOINT	331.1397	1.8	323.7623	0	0.1692682	0	0.98557	4.428345	6.53336	-0.4067332	315	1.8	345	
712.1524	COLLISION_NONE	NOT_SWITCH	NOT_RESET	NOT_WAYPOINT	331.346	1.8	323.4672	0	0.1701905	0	0.9854112	4.380276	6.493244	-0.4086349	315	1.8	345	
712.1724	COLLISION_NONE	NOT_SWITCH	NOT_RESET	NOT_WAYPOINT	331.5578	1.8	323.1927	0	0.1720369	0	0.9850905	4.428192	6.535686	-0.4359542	315	1.8	345	
712.1924	COLLISION_NONE	NOT_SWITCH	NOT_RESET	NOT_WAYPOINT	331.781	1.8	322.959	0	0.1729624	0	0.9849285	4.471756	6.565189	-0.4129776	315	1.8	345	
712.2125	COLLISION_NONE	NOT_SWITCH	NOT_RESET	NOT_WAYPOINT	332.0103	1.8	322.7452	0	0.1738901	0	0.9847651	4.500114	6.595348	-0.3832401	315	1.8	345	
712.2325	COLLISION_NONE	NOT_SWITCH	NOT_RESET	NOT_WAYPOINT	332.2444	1.8	322.547	0	0.1748196	0	0.9846005	4.524971	6.590992	-0.3955235	315	1.8	345	
712.2525	COLLISION_NONE	NOT_SWITCH	NOT_RESET	NOT_WAYPOINT	332.4805	1.8	322.3581	0	0.175752	0	0.9844345	4.580276	6.614212	-0.3966144	315	1.8	345	
712.2725	COLLISION_NONE	NOT_SWITCH	NOT_RESET	NOT_WAYPOINT	332.7167	1.8	322.1744	0	0.1776199	0	0.9840991	4.578083	6.569004	-0.3932214	315	1.8	345	
712.2925	COLLISION_NONE	NOT_SWITCH	NOT_RESET	NOT_WAYPOINT	332.9503	1.8	321.9957	0	0.1785558	0	0.9839298	4.578659	6.541393	-0.3531768	315	1.8	345	
712.3126	COLLISION_NONE	NOT_SWITCH	NOT_RESET	NOT_WAYPOINT	333.1843	1.8	321.8216	0	0.1794932	0	0.9837592	4.566074	6.579803	-0.2889277	315	1.8	345	
712.3326	COLLISION_NONE	NOT_SWITCH	NOT_RESET	NOT_WAYPOINT	333.4316	1.8	321.6818	0	0.1804329	0	0.9835873	4.616161	6.630768	-0.2457227	315	1.8	345	
712.3526	COLLISION_NONE	NOT_SWITCH	NOT_RESET	NOT_WAYPOINT	333.7144	1.8	321.6271	0	0.1813739	0	0.9834142	4.610523	6.578186	-0.2269644	315	1.8	345	
712.3726	COLLISION_NONE	NOT_SWITCH	NOT_RESET	NOT_WAYPOINT	334.0425	1.8	321.6821	0	0.1832666	0	0.9830633	4.723091	6.662365	-0.1571105	315	1.8	345	
712.3926	COLLISION_NONE	NOT_SWITCH	NOT_RESET	NOT_WAYPOINT	334.4659	1.8	321.953	0	0.1842185	0	0.9828854	4.769413	6.674969	-0.1682492	315	1.8	345	
712.4127	COLLISION_NONE	NOT_SWITCH	NOT_RESET	NOT_WAYPOINT	334.88	1.8	322.204	0	0.1851747	0	0.9827057	4.82988	6.743877	-0.1345903	315	1.8	345	
712.4327	COLLISION_NONE	NOT_SWITCH	NOT_RESET	TRIGGER_WAYPOINT	335.2859	1.8	322.4348	0	0.1861352	0	0.9825242	4.887077	6.81638	-0.1119478	343.5317	1.8	335.7295	
712.4527	COLLISION_NONE	NOT_SWITCH	NOT_RESET	NOT_WAYPOINT	335.6875	1.8	322.6529	0	0.1871022	0	0.9823405	5.016563	6.922684	-0.1297829	343.5317	1.8	335.7295	
712.4727	COLLISION_NONE	NOT_SWITCH	NOT_RESET	NOT_WAYPOINT	336.0873	1.8	322.868	0	0.1890446	0	0.9819685	5.050461	6.965271	-0.1201525	343.5317	1.8	335.7295	
712.4927	COLLISION_NONE	NOT_SWITCH	NOT_RESET	NOT_WAYPOINT	336.4843	1.8	323.0792	0	0.1900164	0	0.9817809	4.991489	6.908226	-0.1313552	343.5317	1.8	335.7295	
712.5128	COLLISION_NONE	NOT_SWITCH	NOT_RESET	NOT_WAYPOINT	336.8846	1.8	323.288	0	0.1909872	0	0.9815926	4.997223	6.977333	-0.1556784	343.5317	1.8	335.7295	
712.5328	COLLISION_NONE	NOT_SWITCH	NOT_RESET	NOT_WAYPOINT	337.2864	1.8	323.4956	0	0.1919564	0	0.9814035	4.972313	6.950115	-0.1647185	343.5317	1.8	335.7295	
712.5528	COLLISION_NONE	NOT_SWITCH	NOT_RESET	NOT_WAYPOINT	337.6889	1.8	323.7023	0	0.1929242	0	0.9812137	4.972313	6.950115	-0.1647185	343.5317	1.8	335.7295	
712.5728	COLLISION_NONE	NOT_SWITCH	NOT_RESET	NOT_WAYPOINT	338.0919	1.8	323.9083	0	0.1948644	0	0.9808302	5.046417	7.00272	-0.09814501	343.5317	1.8	335.7295	
712.5928	COLLISION_NONE	NOT_SWITCH	NOT_RESET	NOT_WAYPOINT	338.4958	1.8	324.1119	0	0.1958397	0	0.9806359	5.102154	7.072968	-0.06489444	343.5317	1.8	335.7295	
712.6129	COLLISION_NONE	NOT_SWITCH	NOT_RESET	NOT_WAYPOINT	338.9001	1.8	324.3155	0	0.1968189	0	0.9804399	5.114941	7.095081	-0.05758345	343.5317	1.8	335.7295	
712.6329	COLLISION_NONE	NOT_SWITCH	NOT_RESET	NOT_WAYPOINT	339.3048	1.8	324.5182	0	0.1978019	0	0.9802421	5.197208	7.196564	-0.009349346	343.5317	1.8	335.7295	
712.6529	COLLISION_NONE	NOT_SWITCH	NOT_RESET	NOT_WAYPOINT	339.7099	1.8	324.7202	0	0.1987887	0	0.9800424	5.24469	7.249084	0.01162446	343.5317	1.8	335.7295	
712.6729	COLLISION_NONE	NOT_SWITCH	NOT_RESET	NOT_WAYPOINT	340.1153	1.8	324.9213	0	0.2007633	0	0.9796398	5.220337	7.312836	0.05079961	343.5317	1.8	335.7295	
712.6929	COLLISION_NONE	NOT_SWITCH	NOT_RESET	NOT_WAYPOINT	340.5215	1.8	325.1201	0	0.2017497	0	0.9794371	5.167049	7.308094	0.06958687	343.5317	1.8	335.7295	
712.713	COLLISION_NONE	NOT_SWITCH	NOT_RESET	NOT_WAYPOINT	340.9284	1.8	325.3187	0	0.2027345	0	0.9792338	5.156136	7.384491	0.06860065	343.5317	1.8	335.7295	
712.733	COLLISION_NONE	NOT_SWITCH	NOT_RESET	NOT_WAYPOINT	341.3354	1.8	325.5166	0	0.2037169	0	0.9790299	5.107311	7.36499	0.09153092	343.5317	1.8	335.7295	
712.753	COLLISION_NONE	NOT_SWITCH	NOT_RESET	NOT_WAYPOINT	341.7429	1.8	325.7136	0	0.2056788	0	0.9786196	5.085796	7.402588	0.1155397	343.5317	1.8	335.7295	
712.773	COLLISION_NONE	NOT_SWITCH	NOT_RESET	NOT_WAYPOINT	342.1511	1.8	325.9083	0	0.2066584	0	0.9784132	5.109547	7.466652	0.1066236	343.5317	1.8	335.7295	
712.793	COLLISION_NONE	NOT_SWITCH	NOT_RESET	NOT_WAYPOINT	342.5599	1.8	326.1029	0	0.2076381	0	0.9782057	5.14146	7.527672	0.07691526	343.5317	1.8	335.7295	
712.813	COLLISION_NONE	NOT_SWITCH	NOT_RESET	NOT_WAYPOINT	342.9689	1.8	326.2966	0	0.2086187	0	0.9779971	5.175262	7.608486	0.06921589	343.5317	1.8	335.7295	
712.8331	COLLISION_NONE	NOT_SWITCH	NOT_RESET	NOT_WAYPOINT	343.3784	1.8	326.4896	0	0.2095988	0	0.9777874	5.177078	7.612331	0.02611649	343.5317	1.8	335.7295	
712.8531	COLLISION_NONE	NOT_SWITCH	NOT_RESET	NOT_WAYPOINT	343.7881	1.8	326.6817	0	0.2115584	0	0.9773654	5.177799	7.567638	-0.02936816	343.5317	1.8	335.7295	
712.8731	COLLISION_NONE	NOT_SWITCH	NOT_RESET	NOT_WAYPOINT	344.1987	1.8	326.8715	0	0.2125367	0	0.9771531	5.18568	7.57254	-0.05872881	343.5317	1.8	335.7295	
712.8931	COLLISION_NONE	NOT_SWITCH	NOT_RESET	NOT_WAYPOINT	344.6098	1.8	327.0611	0	0.2135143	0	0.97694	5.175545	7.520664	-0.06789148	343.5317	1.8	335.7295	
712.9131	COLLISION_NONE	NOT_SWITCH	NOT_RESET	NOT_WAYPOINT	345.017	1.8	327.2511	0	0.2144921	0	0.9767257	5.201382	7.556587	-0.07026947	343.5317	1.8	335.7295	
712.9332	COLLISION_NONE	NOT_SWITCH	NOT_RESET	NOT_WAYPOINT	345.4041	1.8	327.4487	0	0.215469	0	0.9765108	5.16312	7.49728	-0.05681479	343.5317	1.8	335.7295	
712.9532	COLLISION_NONE	NOT_SWITCH	NOT_RESET	NOT_WAYPOINT	345.7694	1.8	327.6484	0	0.217425	0	0.976077	5.230396	7.508373	-0.06544602	343.5317	1.8	335.7295	
712.9732	COLLISION_NONE	NOT_SWITCH	NOT_RESET	NOT_WAYPOINT	346.0926	1.8	327.8334	0	0.2184056	0	0.9758581	5.251022	7.499538	-0.05024695	343.5317	1.8	335.7295	
712.9932	COLLISION_NONE	NOT_SWITCH	NOT_RESET	NOT_WAYPOINT	346.3946	1.8	328.0111	0	0.2193872	0	0.9756379	5.23428	7.462002	-0.01940191	343.5317	1.8	335.7295	
713.0132	COLLISION_NONE	NOT_SWITCH	NOT_RESET	NOT_WAYPOINT	346.6748	1.8	328.1842	0	0.2203698	0	0.9754164	5.23428	7.462002	-0.01940191	343.5317	1.8	335.7295	
713.0333	COLLISION_NONE	NOT_SWITCH	NOT_RESET	NOT_WAYPOINT	346.9476	1.8	328.3548	0	0.2213511	0	0.9751942	5.202038	7.366318	-0.01980746	343.5317	1.8	335.7295	
713.0533	COLLISION_NONE	NOT_SWITCH	NOT_RESET	NOT_WAYPOINT	347.1869	1.8	328.5136	0	0.2233122	0	0.974747	5.159203	7.270073	-0.01270556	343.5317	1.8	335.7295	
713.0733	COLLISION_NONE	NOT_SWITCH	NOT_RESET	NOT_WAYPOINT	347.2227	1.8	328.5852	0	0.2242897	0	0.9745226	5.133057	7.266071	-0.01103497	343.5317	1.8	335.7295	
713.0933	COLLISION_NONE	NOT_SWITCH	NOT_RESET	NOT_WAYPOINT	347.1493	1.8	328.6114	0	0.2252643	0	0.9742978	5.078667	7.172356	-0.006498933	343.5317	1.8	335.7295	
713.1133	COLLISION_NONE	NOT_SWITCH	NOT_RESET	NOT_WAYPOINT	346.9666	1.8	328.5939	0	0.2262384	0	0.974072	5.099888	7.173656	0.004199505	343.5317	1.8	335.7295	
713.1334	COLLISION_NONE	NOT_SWITCH	NOT_RESET	NOT_WAYPOINT	346.6743	1.8	328.5338	0	0.2272119	0	0.9738454	5.075771	7.127205	0.03771591	343.5317	1.8	335.7295	
713.1534	COLLISION_NONE	NOT_SWITCH	NOT_RESET	NOT_WAYPOINT	346.2927	1.8	328.4403	0	0.2291597	0	0.9733889	5.116493	7.125698	0.02775753	343.5317	1.8	335.7295	
713.1734	COLLISION_NONE	NOT_SWITCH	NOT_RESET	NOT_WAYPOINT	345.9093	1.8	328.3484	0	0.2301354	0	0.9731586	5.154396	7.140709	-0.0002061129	343.5317	1.8	335.7295	
713.1934	COLLISION_NONE	NOT_SWITCH	NOT_RESET	NOT_WAYPOINT	345.5264	1.8	328.2569	0	0.2311121	0	0.9729272	5.159641	7.0709	-0.0138185	343.5317	1.8	335.7295	
713.2134	COLLISION_NONE	NOT_SWITCH	NOT_RESET	NOT_WAYPOINT	345.1434	1.8	328.1661	0	0.2320898	0	0.9726943	5.186249	7.027927	-0.04181898	343.5317	1.8	335.7295	
713.2335	COLLISION_NONE	NOT_SWITCH	NOT_RESET	NOT_WAYPOINT	344.7602	1.8	328.0761	0	0.2340433	0	0.9722261	5.163174	6.875099	-0.09145176	343.5317	1.8	335.7295	
713.2535	COLLISION_NONE	NOT_SWITCH	NOT_RESET	NOT_WAYPOINT	344.3768	1.8	327.9883	0	0.235018	0	0.9719911	5.118011	6.783501	-0.1203672	343.5317	1.8	335.7295	
713.2735	COLLISION_NONE	NOT_SWITCH	NOT_RESET	NOT_WAYPOINT	343.993	1.8	327.9006	0	0.2359927	0	0.9717549	5.13702	6.799149	-0.1129274	343.5317	1.8	335.7295	
713.2935	COLLISION_NONE	NOT_SWITCH	NOT_RESET	NOT_WAYPOINT	343.6091	1.8	327.8137	0	0.2369663	0	0.9715179	5.117973	6.778957	-0.1107279	343.5317	1.8	335.7295	
713.3135	COLLISION_NONE	NOT_SWITCH	NOT_RESET	NOT_WAYPOINT	343.225	1.8	327.7276	0	0.2379403	0	0.9712797	5.143726	6.793877	-0.09789693	343.5317	1.8	335.7295	
713.3336	COLLISION_NONE	NOT_SWITCH	NOT_RESET	NOT_WAYPOINT	342.8408	1.8	327.6422	0	0.2398882	0	0.9708006	5.146214	6.768814	-0.08267963	343.5317	1.8	335.7295	
713.3536	COLLISION_NONE	NOT_SWITCH	NOT_RESET	NOT_WAYPOINT	342.4563	1.8	327.559	0	0.2408643	0	0.9705589	5.176907	6.760044	-0.06082714	343.5317	1.8	335.7295	
713.3736	COLLISION_NONE	NOT_SWITCH	NOT_RESET	NOT_WAYPOINT	342.0715	1.8	327.476	0	0.2418423	0	0.9703156	5.203873	6.751648	-0.05886126	343.5317	1.8	335.7295	
713.3936	COLLISION_NONE	NOT_SWITCH	NOT_RESET	NOT_WAYPOINT	341.6866	1.8	327.3937	0	0.2428213	0	0.9700711	5.201748	6.718174	-0.05192673	343.5317	1.8	335.7295	
713.4136	COLLISION_NONE	NOT_SWITCH	NOT_RESET	NOT_WAYPOINT	341.3015	1.8	327.3122	0	0.2438021	0	0.969825	5.239273	6.698315	-0.06138134	343.5317	1.8	335.7295	
713.4337	COLLISION_NONE	NOT_SWITCH	NOT_RESET	NOT_WAYPOINT	340.9163	1.8	327.2314	0	0.2457665	0	0.9693291	5.271935	6.711761	-0.04675865	343.5317	1.8	335.7295	
713.4537	COLLISION_NONE	NOT_SWITCH	NOT_RESET	NOT_WAYPOINT	340.5309	1.8	327.1529	0	0.2467491	0	0.9690794	5.231934	6.689632	-0.03314996	343.5317	1.8	335.7295	
713.4737	COLLISION_NONE	NOT_SWITCH	NOT_RESET	NOT_WAYPOINT	340.145	1.8	327.0745	0	0.2477316	0	0.9688287	5.246861	6.709236	-0.04443884	343.5317	1.8	335.7295	
713.4937	COLLISION_NONE	NOT_SWITCH	NOT_RESET	NOT_WAYPOINT	339.7591	1.8	326.9969	0	0.2487127	0	0.9685773	5.184818	6.643188	-0.02191854	343.5317	1.8	335.7295	
713.5137	COLLISION_NONE	NOT_SWITCH	NOT_RESET	NOT_WAYPOINT	339.3731	1.8	326.9201	0	0.2496934	0	0.968325	5.217064	6.679176	-0.04110897	343.5317	1.8	335.7295	
713.5338	COLLISION_NONE	NOT_SWITCH	NOT_RESET	NOT_WAYPOINT	338.9869	1.8	326.8441	0	0.2516539	0	0.9678173	5.227058	6.607353	-0.0576092	343.5317	1.8	335.7295	
713.5538	COLLISION_NONE	NOT_SWITCH	NOT_RESET	NOT_WAYPOINT	338.6006	1.8	326.7702	0	0.2526349	0	0.9675617	5.238434	6.614975	-0.04397249	343.5317	1.8	335.7295	
713.5738	COLLISION_NONE	NOT_SWITCH	NOT_RESET	NOT_WAYPOINT	338.2138	1.8	326.6966	0	0.2536165	0	0.9673049	5.258904	6.62571	-0.06031001	343.5317	1.8	335.7295	
713.5938	COLLISION_NONE	NOT_SWITCH	NOT_RESET	NOT_WAYPOINT	337.827	1.8	326.6237	0	0.2545974	0	0.9670472	5.233448	6.578651	-0.07240295	343.5317	1.8	335.7295	
713.6138	COLLISION_NONE	NOT_SWITCH	NOT_RESET	NOT_WAYPOINT	337.44	1.8	326.5515	0	0.2555778	0	0.9667885	5.242268	6.570782	-0.07599092	343.5317	1.8	335.7295	
713.6339	COLLISION_NONE	NOT_SWITCH	NOT_RESET	NOT_WAYPOINT	337.0529	1.8	326.4802	0	0.2575326	0	0.9662696	5.204033	6.481857	-0.1394041	343.5317	1.8	335.7295	
713.6539	COLLISION_NONE	NOT_SWITCH	NOT_RESET	NOT_WAYPOINT	336.6657	1.8	326.4111	0	0.2585074	0	0.9660093	5.160004	6.417736	-0.1404092	343.5317	1.8	335.7295	
713.6739	COLLISION_NONE	NOT_SWITCH	NOT_RESET	NOT_WAYPOINT	336.2781	1.8	326.3421	0	0.2594811	0	0.9657482	5.171631	6.428905	-0.1667051	343.5317	1.8	335.7295	
713.6939	COLLISION_NONE	NOT_SWITCH	NOT_RESET	NOT_WAYPOINT	335.8904	1.8	326.2739	0	0.2604542	0	0.9654862	5.161114	6.365765	-0.1494192	343.5317	1.8	335.7295	
713.7139	COLLISION_NONE	NOT_SWITCH	NOT_RESET	NOT_WAYPOINT	335.5027	1.8	326.2065	0	0.2614281	0	0.965223	5.180527	6.394489	-0.1489213	343.5317	1.8	335.7295	
713.7339	COLLISION_NONE	NOT_SWITCH	NOT_RESET	NOT_WAYPOINT	335.1147	1.8	326.1399	0	0.263381	0	0.9646919	5.266415	6.385979	-0.1323467	343.5317	1.8	335.7295	
713.754	COLLISION_NONE	NOT_SWITCH	NOT_RESET	NOT_WAYPOINT	334.7267	1.8	326.0754	0	0.2643607	0	0.9644239	5.272079	6.369972	-0.09863138	343.5317	1.8	335.7295	
713.774	COLLISION_NONE	NOT_SWITCH	NOT_RESET	NOT_WAYPOINT	334.3383	1.8	326.0112	0	0.265342	0	0.9641544	5.296345	6.408943	-0.09697986	343.5317	1.8	335.7295	
713.794	COLLISION_NONE	NOT_SWITCH	NOT_RESET	NOT_WAYPOINT	333.9499	1.8	325.9477	0	0.2663233	0	0.9638838	5.2644	6.328629	-0.08096945	343.5317	1.8	335.7295	
713.814	COLLISION_NONE	NOT_SWITCH	NOT_RESET	NOT_WAYPOINT	333.5613	1.8	325.885	0	0.2673054	0	0.9636118	5.279804	6.349625	-0.05077553	343.5317	1.8	335.7295	
713.834	COLLISION_NONE	NOT_SWITCH	NOT_RESET	NOT_WAYPOINT	333.1726	1.8	325.8231	0	0.2692712	0	0.9630644	5.276596	6.329624	0.009288788	343.5317	1.8	335.7295	
713.8541	COLLISION_NONE	NOT_SWITCH	NOT_RESET	NOT_WAYPOINT	332.7838	1.8	325.7634	0	0.2702538	0	0.9627891	5.235085	6.29361	0.03299057	343.5317	1.8	335.7295	
713.8741	COLLISION_NONE	NOT_SWITCH	NOT_RESET	NOT_WAYPOINT	332.3946	1.8	325.7039	0	0.2712373	0	0.9625126	5.274536	6.33952	0.04139113	343.5317	1.8	335.7295	
713.8941	COLLISION_NONE	NOT_SWITCH	NOT_RESET	NOT_WAYPOINT	332.0054	1.8	325.6452	0	0.2722201	0	0.962235	5.235943	6.283947	0.05985844	343.5317	1.8	335.7295	
713.9141	COLLISION_NONE	NOT_SWITCH	NOT_RESET	NOT_WAYPOINT	331.6161	1.8	325.5872	0	0.2741889	0	0.9616759	5.317883	6.362926	0.08136523	343.5317	1.8	335.7295	
713.9341	COLLISION_NONE	NOT_SWITCH	NOT_RESET	NOT_WAYPOINT	331.2268	1.8	325.5315	0	0.2751764	0	0.9613938	5.354588	6.436947	0.07226694	343.5317	1.8	335.7295	
713.9542	COLLISION_NONE	NOT_SWITCH	NOT_RESET	NOT_WAYPOINT	330.837	1.8	325.476	0	0.276166	0	0.96111	5.385921	6.45966	0.07430565	343.5317	1.8	335.7295	
713.9742	COLLISION_NONE	NOT_SWITCH	NOT_RESET	TRIGGER_WAYPOINT	330.4472	1.8	325.4213	0	0.2771583	0	0.9608243	5.434479	6.487061	0.09124398	315	1.8	326.459	
713.9942	COLLISION_NONE	NOT_SWITCH	NOT_RESET	TRIGGER_WAYPOINT	330.0573	1.8	325.3673	0	0.2781527	0	0.9605369	5.440498	6.447968	0.1063358	343.5317	1.8	317.1885	
714.0142	COLLISION_NONE	NOT_SWITCH	NOT_RESET	TRIGGER_WAYPOINT	329.6674	1.8	325.3142	0	0.2801435	0	0.9599581	5.47596	6.524166	0.1236087	325.8981	1.8	341.459	
714.0342	COLLISION_NONE	NOT_SWITCH	NOT_RESET	TRIGGER_WAYPOINT	329.2773	1.8	325.2633	0	0.2811379	0	0.9596674	5.427559	6.471897	0.09517014	325.8981	1.8	311.459	
714.0543	COLLISION_NONE	NOT_SWITCH	NOT_RESET	NOT_WAYPOINT	328.8869	1.8	325.2126	0	0.282129	0	0.9593765	5.410976	6.469627	0.08545983	325.8981	1.8	311.459	
714.0743	COLLISION_NONE	NOT_SWITCH	NOT_RESET	NOT_WAYPOINT	328.4965	1.8	325.1628	0	0.2831183	0	0.959085	5.352142	6.418877	0.08415961	325.8981	1.8	311.459	
714.0943	COLLISION_NONE	NOT_SWITCH	NOT_RESET	NOT_WAYPOINT	328.1059	1.8	325.1137	0	0.2841061	0	0.9587929	5.332413	6.38895	0.09432876	325.8981	1.8	311.459	
714.1143	COLLISION_NONE	NOT_SWITCH	NOT_RESET	NOT_WAYPOINT	327.7153	1.8	325.0654	0	0.2860829	0	0.9582049	5.417007	6.459259	0.09878647	325.8981	1.8	311.459	
714.1343	COLLISION_NONE	NOT_SWITCH	NOT_RESET	NOT_WAYPOINT	327.3247	1.8	325.0193	0	0.2870739	0	0.9579085	5.412666	6.480888	0.1046668	325.8981	1.8	311.459	
714.1544	COLLISION_NONE	NOT_SWITCH	NOT_RESET	NOT_WAYPOINT	326.9337	1.8	324.9735	0	0.2880657	0	0.9576107	5.439293	6.564941	0.1255375	325.8981	1.8	311.459	
714.1744	COLLISION_NONE	NOT_SWITCH	NOT_RESET	NOT_WAYPOINT	326.5426	1.8	324.9284	0	0.2890582	0	0.9573115	5.461826	6.616837	0.1159571	325.8981	1.8	311.459	
714.1944	COLLISION_NONE	NOT_SWITCH	NOT_RESET	NOT_WAYPOINT	326.1515	1.8	324.8842	0	0.2900515	0	0.9570111	5.469215	6.565689	0.1204083	325.8981	1.8	311.459	
714.2144	COLLISION_NONE	NOT_SWITCH	NOT_RESET	NOT_WAYPOINT	325.7603	1.8	324.8408	0	0.2920359	0	0.9564074	5.418293	6.550705	0.08078563	325.8981	1.8	311.459	
714.2344	COLLISION_NONE	NOT_SWITCH	NOT_RESET	NOT_WAYPOINT	325.3692	1.8	324.7996	0	0.2930266	0	0.9561043	5.434376	6.573921	0.08957052	325.8981	1.8	311.459	
714.2545	COLLISION_NONE	NOT_SWITCH	NOT_RESET	NOT_WAYPOINT	324.9776	1.8	324.7586	0	0.2940165	0	0.9558004	5.47123	6.613914	0.0883981	325.8981	1.8	311.459	
714.2745	COLLISION_NONE	NOT_SWITCH	NOT_RESET	NOT_WAYPOINT	324.5861	1.8	324.7184	0	0.2950076	0	0.9554949	5.472008	6.616348	0.11918	325.8981	1.8	311.459	
714.2945	COLLISION_NONE	NOT_SWITCH	NOT_RESET	NOT_WAYPOINT	324.1944	1.8	324.679	0	0.2960007	0	0.9551877	5.506699	6.666302	0.1501633	325.8981	1.8	311.459	
714.3145	COLLISION_NONE	NOT_SWITCH	NOT_RESET	NOT_WAYPOINT	323.8027	1.8	324.6405	0	0.2979985	0	0.9545664	5.665138	6.867344	0.2139525	325.8981	1.8	311.459	
714.3345	COLLISION_NONE	NOT_SWITCH	NOT_RESET	NOT_WAYPOINT	323.4111	1.8	324.6042	0	0.2990041	0	0.9542519	5.71476	6.941799	0.2244259	325.8981	1.8	311.459	
714.3546	COLLISION_NONE	NOT_SWITCH	NOT_RESET	NOT_WAYPOINT	323.019	1.8	324.5681	0	0.3000143	0	0.9539348	5.789688	7.087715	0.2554381	325.8981	1.8	311.459	
714.3746	COLLISION_NONE	NOT_SWITCH	NOT_RESET	NOT_WAYPOINT	322.627	1.8	324.5329	0	0.3010269	0	0.9536156	5.814205	7.178268	0.2821984	325.8981	1.8	311.459	
714.3946	COLLISION_NONE	NOT_SWITCH	NOT_RESET	NOT_WAYPOINT	322.2349	1.8	324.4984	0	0.3020402	0	0.9532952	5.786743	7.154652	0.2729857	325.8981	1.8	311.459	
714.4146	COLLISION_NONE	NOT_SWITCH	NOT_RESET	NOT_WAYPOINT	321.8428	1.8	324.4648	0	0.3040631	0	0.9526519	5.719349	7.239052	0.2610078	325.8981	1.8	311.459	
714.4346	COLLISION_NONE	NOT_SWITCH	NOT_RESET	NOT_WAYPOINT	321.4507	1.8	324.4335	0	0.3050695	0	0.9523302	5.684216	7.262497	0.2349595	325.8981	1.8	311.459	
714.4547	COLLISION_NONE	NOT_SWITCH	NOT_RESET	NOT_WAYPOINT	321.0582	1.8	324.4024	0	0.3060707	0	0.9520088	5.676975	7.284054	0.2286147	325.8981	1.8	311.459	
714.4747	COLLISION_NONE	NOT_SWITCH	NOT_RESET	NOT_WAYPOINT	320.6658	1.8	324.3722	0	0.3070675	0	0.9516878	5.561749	7.169346	0.1950952	325.8981	1.8	311.459	
714.4947	COLLISION_NONE	NOT_SWITCH	NOT_RESET	NOT_WAYPOINT	320.2733	1.8	324.3427	0	0.3090533	0	0.9510447	5.54924	7.106159	0.1587807	325.8981	1.8	311.459	
714.5147	COLLISION_NONE	NOT_SWITCH	NOT_RESET	NOT_WAYPOINT	319.881	1.8	324.3155	0	0.3100451	0	0.9507219	5.573036	7.144188	0.1714927	325.8981	1.8	311.459	
714.5347	COLLISION_NONE	NOT_SWITCH	NOT_RESET	TRIGGER_WAYPOINT	319.4882	1.8	324.2885	0	0.3110379	0	0.9503975	5.608246	7.139702	0.1626748	308.2646	1.8	335.7295	
714.5547	COLLISION_NONE	NOT_SWITCH	NOT_RESET	NOT_WAYPOINT	319.0954	1.8	324.2624	0	0.3120334	0	0.9500711	5.669186	7.150364	0.1669111	308.2646	1.8	335.7295	
714.5748	COLLISION_NONE	NOT_SWITCH	NOT_RESET	NOT_WAYPOINT	318.7026	1.8	324.237	0	0.31303	0	0.9497433	5.657543	7.107643	0.1716247	308.2646	1.8	335.7295	
714.5948	COLLISION_NONE	NOT_SWITCH	NOT_RESET	NOT_WAYPOINT	318.3098	1.8	324.2125	0	0.3150243	0	0.9490836	5.633339	7.001678	0.1399751	308.2646	1.8	335.7295	
714.6148	COLLISION_NONE	NOT_SWITCH	NOT_RESET	NOT_WAYPOINT	317.9171	1.8	324.1902	0	0.3160172	0	0.9487535	5.548286	6.877335	0.1394714	308.2646	1.8	335.7295	
714.6348	COLLISION_NONE	NOT_SWITCH	NOT_RESET	NOT_WAYPOINT	317.524	1.8	324.1682	0	0.317008	0	0.9484229	5.548286	6.877335	0.1394714	308.2646	1.8	335.7295	
714.6548	COLLISION_NONE	NOT_SWITCH	NOT_RESET	NOT_WAYPOINT	317.131	1.8	324.1469	0	0.3179966	0	0.9480919	5.494675	6.76128	0.1665881	308.2646	1.8	335.7295	
714.6749	COLLISION_NONE	NOT_SWITCH	NOT_RESET	NOT_WAYPOINT	316.7379	1.8	324.1265	0	0.318985	0	0.9477598	5.514835	6.756485	0.1862911	308.2646	1.8	335.7295	
714.6949	COLLISION_NONE	NOT_SWITCH	NOT_RESET	NOT_WAYPOINT	316.3448	1.8	324.1069	0	0.3209666	0	0.9470906	5.55946	6.7663	0.2742817	308.2646	1.8	335.7295	
714.7149	COLLISION_NONE	NOT_SWITCH	NOT_RESET	NOT_WAYPOINT	315.9519	1.8	324.0896	0	0.3219598	0	0.9467534	5.568813	6.775696	0.3029419	308.2646	1.8	335.7295	
714.7349	COLLISION_NONE	NOT_SWITCH	NOT_RESET	NOT_WAYPOINT	315.5586	1.8	324.0725	0	0.3229532	0	0.9464149	5.552338	6.746712	0.3144164	308.2646	1.8	335.7295	
714.7549	COLLISION_NONE	NOT_SWITCH	NOT_RESET	NOT_WAYPOINT	315.1653	1.8	324.0562	0	0.3239474	0	0.9460751	5.571732	6.734833	0.3129189	308.2646	1.8	335.7295	
714.775	COLLISION_NONE	NOT_SWITCH	NOT_RESET	NOT_WAYPOINT	314.7721	1.8	324.0407	0	0.3249396	0	0.9457349	5.510433	6.663754	0.303671	308.2646	1.8	335.7295	
714.795	COLLISION_NONE	NOT_SWITCH	NOT_RESET	NOT_WAYPOINT	314.3788	1.8	324.0261	0	0.3269162	0	0.9450534	5.416622	6.569233	0.2955066	308.2646	1.8	335.7295	
714.815	COLLISION_NONE	NOT_SWITCH	NOT_RESET	NOT_WAYPOINT	313.9857	1.8	324.0136	0	0.327901	0	0.944712	5.426662	6.57412	0.292733	308.2646	1.8	335.7295	
714.835	COLLISION_NONE	NOT_SWITCH	NOT_RESET	NOT_WAYPOINT	313.5921	1.8	324.0015	0	0.3288842	0	0.9443703	5.405407	6.539536	0.2935356	308.2646	1.8	335.7295	
714.855	COLLISION_NONE	NOT_SWITCH	NOT_RESET	NOT_WAYPOINT	313.1987	1.8	323.9901	0	0.3298663	0	0.9440277	5.409779	6.53458	0.2819697	308.2646	1.8	335.7295	
714.8751	COLLISION_NONE	NOT_SWITCH	NOT_RESET	NOT_WAYPOINT	312.8052	1.8	323.9796	0	0.3308479	0	0.9436842	5.375702	6.480545	0.2985879	308.2646	1.8	335.7295	
714.8951	COLLISION_NONE	NOT_SWITCH	NOT_RESET	NOT_WAYPOINT	312.4118	1.8	323.9698	0	0.3328142	0	0.9429924	5.450317	6.473854	0.3346225	308.2646	1.8	335.7295	
714.9151	COLLISION_NONE	NOT_SWITCH	NOT_RESET	NOT_WAYPOINT	312.0185	1.8	323.9623	0	0.3338003	0	0.9426439	5.492542	6.476994	0.3337113	308.2646	1.8	335.7295	
714.9351	COLLISION_NONE	NOT_SWITCH	NOT_RESET	NOT_WAYPOINT	311.6249	1.8	323.9551	0	0.3347881	0	0.9422935	5.501118	6.46999	0.360335	308.2646	1.8	335.7295	
714.9551	COLLISION_NONE	NOT_SWITCH	NOT_RESET	NOT_WAYPOINT	311.2453	1.8	323.9641	0	0.3357783	0	0.9419411	5.546959	6.46595	0.3693222	308.2646	1.8	335.7295	
714.9752	COLLISION_NONE	NOT_SWITCH	NOT_RESET	NOT_WAYPOINT	310.8804	1.8	323.9887	0	0.3367697	0	0.941587	5.533878	6.380222	0.3856803	308.2646	1.8	335.7295	
714.9952	COLLISION_NONE	NOT_SWITCH	NOT_RESET	NOT_WAYPOINT	310.5298	1.8	324.029	0	0.3387561	0	0.9408743	5.523598	6.35001	0.4435183	308.2646	1.8	335.7295	
715.0152	COLLISION_NONE	NOT_SWITCH	NOT_RESET	NOT_WAYPOINT	310.208	1.8	324.1003	0	0.3397499	0	0.9405158	5.544117	6.375015	0.4506639	308.2646	1.8	335.7295	
715.0352	COLLISION_NONE	NOT_SWITCH	NOT_RESET	NOT_WAYPOINT	309.8893	1.8	324.1719	0	0.3407425	0	0.9401567	5.499462	6.361065	0.4769868	308.2646	1.8	335.7295	
715.0552	COLLISION_NONE	NOT_SWITCH	NOT_RESET	NOT_WAYPOINT	309.5757	1.8	324.2466	0	0.3417343	0	0.9397966	5.508331	6.400764	0.4854983	308.2646	1.8	335.7295	
715.0753	COLLISION_NONE	NOT_SWITCH	NOT_RESET	NOT_WAYPOINT	309.2695	1.8	324.3276	0	0.3427254	0	0.9394357	5.508331	6.400764	0.4854983	308.2646	1.8	335.7295	
715.0953	COLLISION_NONE	NOT_SWITCH	NOT_RESET	NOT_WAYPOINT	308.9727	1.8	324.4174	0	0.3447071	0	0.9387103	5.509941	6.381165	0.4869112	308.2646	1.8	335.7295	
715.1153	COLLISION_NONE	NOT_SWITCH	NOT_RESET	NOT_WAYPOINT	308.6476	1.8	324.4902	0	0.3456987	0	0.9383456	5.543716	6.385956	0.4653369	308.2646	1.8	335.7295	
715.1353	COLLISION_NONE	NOT_SWITCH	NOT_RESET	NOT_WAYPOINT	308.2801	1.8	324.5185	0	0.3466902	0	0.9379798	5.535717	6.338425	0.4509088	308.2646	1.8	335.7295	
715.1553	COLLISION_NONE	NOT_SWITCH	NOT_RESET	NOT_WAYPOINT	307.8941	1.8	324.5287	0	0.3476822	0	0.9376125	5.566669	6.36211	0.4310201	308.2646	1.8	335.7295	
715.1754	COLLISION_NONE	NOT_SWITCH	NOT_RESET	NOT_WAYPOINT	307.5018	1.8	324.5339	0	0.3496691	0	0.9368733	5.624584	6.334404	0.3911735	308.2646	1.8	335.7295	
715.1954	COLLISION_NONE	NOT_SWITCH	NOT_RESET	NOT_WAYPOINT	307.1068	1.8	324.54	0	0.3506621	0	0.9365021	5.634624	6.339317	0.3883933	308.2646	1.8	335.7295	
715.2154	COLLISION_NONE	NOT_SWITCH	NOT_RESET	NOT_WAYPOINT	306.7134	1.8	324.5467	0	0.3516546	0	0.9361299	5.596386	6.234104	0.3605055	308.2646	1.8	335.7295	
715.2354	COLLISION_NONE	NOT_SWITCH	NOT_RESET	NOT_WAYPOINT	306.3199	1.8	324.5544	0	0.3526456	0	0.935757	5.561516	6.148674	0.3479918	308.2646	1.8	335.7295	
715.2554	COLLISION_NONE	NOT_SWITCH	NOT_RESET	NOT_WAYPOINT	305.9424	1.8	324.5493	0	0.3536362	0	0.9353831	5.571045	6.157845	0.3499428	308.2646	1.8	335.7295	
715.2755	COLLISION_NONE	NOT_SWITCH	NOT_RESET	NOT_WAYPOINT	305.5821	1.8	324.531	0	0.3556181	0	0.9346314	5.623291	6.163204	0.322994	308.2646	1.8	335.7295	
715.2955	COLLISION_NONE	NOT_SWITCH	NOT_RESET	NOT_WAYPOINT	305.2564	1.8	324.4866	0	0.3566113	0	0.9342528	5.653324	6.180687	0.364318	308.2646	1.8	335.7295	
715.3155	COLLISION_NONE	NOT_SWITCH	NOT_RESET	NOT_WAYPOINT	304.9453	1.8	324.4314	0	0.3576048	0	0.9338731	5.640491	6.194683	0.3688332	308.2646	1.8	335.7295	
715.3355	COLLISION_NONE	NOT_SWITCH	NOT_RESET	NOT_WAYPOINT	304.688	1.8	324.3297	0	0.3585973	0	0.9334924	5.606686	6.118015	0.3703424	308.2646	1.8	335.7295	
715.3555	COLLISION_NONE	NOT_SWITCH	NOT_RESET	NOT_WAYPOINT	304.516	1.8	324.1516	0	0.3595904	0	0.9331102	5.642971	6.145702	0.3794926	308.2646	1.8	335.7295	
715.3755	COLLISION_NONE	NOT_SWITCH	NOT_RESET	NOT_WAYPOINT	304.4318	1.8	323.8931	0	0.3615763	0	0.9323425	5.646305	6.096252	0.3977584	308.2646	1.8	335.7295	
715.3956	COLLISION_NONE	NOT_SWITCH	NOT_RESET	NOT_WAYPOINT	304.5168	1.8	323.4719	0	0.3625691	0	0.9319569	5.612991	6.046837	0.4159709	308.2646	1.8	335.7295	
715.4156	COLLISION_NONE	NOT_SWITCH	NOT_RESET	NOT_WAYPOINT	304.5862	1.8	323.0661	0	0.3635635	0	0.9315695	5.658222	6.092751	0.4488412	308.2646	1.8	335.7295	
715.4356	COLLISION_NONE	NOT_SWITCH	NOT_RESET	NOT_WAYPOINT	304.639	1.8	322.6744	0	0.3645591	0	0.9311802	5.664829	6.068451	0.4764544	308.2646	1.8	335.7295	
715.4556	COLLISION_NONE	NOT_SWITCH	NOT_RESET	NOT_WAYPOINT	304.6879	1.8	322.2865	0	0.3655561	0	0.9307893	5.692097	6.109535	0.4833289	308.2646	1.8	335.7295	
715.4756	COLLISION_NONE	NOT_SWITCH	NOT_RESET	NOT_WAYPOINT	304.7361	1.8	321.901	0	0.3675568	0	0.9300011	5.765892	6.208759	0.5204931	308.2646	1.8	335.7295	
715.4957	COLLISION_NONE	NOT_SWITCH	NOT_RESET	NOT_WAYPOINT	304.7793	1.8	321.5175	0	0.3685592	0	0.9296043	5.773788	6.245014	0.5346907	308.2646	1.8	335.7295	
715.5157	COLLISION_NONE	NOT_SWITCH	NOT_RESET	TRIGGER_WAYPOINT	304.8206	1.8	321.1313	0	0.3695616	0	0.9292063	5.77689	6.277775	0.5054661	308.2646	1.8	305.7295	
715.5357	COLLISION_NONE	NOT_SWITCH	NOT_RESET	NOT_WAYPOINT	304.8611	1.8	320.7448	0	0.3705627	0	0.9288075	5.742008	6.223721	0.5142289	308.2646	1.8	305.7295	
715.5557	COLLISION_NONE	NOT_SWITCH	NOT_RESET	NOT_WAYPOINT	304.9007	1.8	320.3582	0	0.3715633	0	0.9284077	5.760818	6.266537	0.5005871	308.2646	1.8	305.7295	
715.5757	COLLISION_NONE	NOT_SWITCH	NOT_RESET	NOT_WAYPOINT	304.9394	1.8	319.9714	0	0.3735565	0	0.9276075	5.696629	6.302853	0.4555598	308.2646	1.8	305.7295	
715.5958	COLLISION_NONE	NOT_SWITCH	NOT_RESET	NOT_WAYPOINT	304.9759	1.8	319.5848	0	0.3745482	0	0.9272075	5.642933	6.268608	0.4385949	308.2646	1.8	305.7295	
715.6158	COLLISION_NONE	NOT_SWITCH	NOT_RESET	NOT_WAYPOINT	305.0121	1.8	319.1977	0	0.3755387	0	0.9268067	5.67593	6.309433	0.4176415	308.2646	1.8	305.7295	
715.6358	COLLISION_NONE	NOT_SWITCH	NOT_RESET	NOT_WAYPOINT	305.0476	1.8	318.8106	0	0.3765271	0	0.9264056	5.644043	6.259991	0.4024655	308.2646	1.8	305.7295	
715.6558	COLLISION_NONE	NOT_SWITCH	NOT_RESET	NOT_WAYPOINT	305.0822	1.8	318.4235	0	0.3775153	0	0.9260033	5.675522	6.25795	0.3930157	308.2646	1.8	305.7295	
715.6758	COLLISION_NONE	NOT_SWITCH	NOT_RESET	NOT_WAYPOINT	305.116	1.8	318.0363	0	0.3794945	0	0.925194	5.734222	6.266136	0.3726379	308.2646	1.8	305.7295	
715.6959	COLLISION_NONE	NOT_SWITCH	NOT_RESET	NOT_WAYPOINT	305.1475	1.8	317.6492	0	0.3804859	0	0.9247867	5.778542	6.25956	0.3395232	308.2646	1.8	305.7295	
715.7159	COLLISION_NONE	NOT_SWITCH	NOT_RESET	NOT_WAYPOINT	305.1788	1.8	317.2617	0	0.3814784	0	0.9243777	5.801792	6.239582	0.3175255	308.2646	1.8	305.7295	
715.7359	COLLISION_NONE	NOT_SWITCH	NOT_RESET	NOT_WAYPOINT	305.2093	1.8	316.8742	0	0.3824736	0	0.9239665	5.818745	6.247711	0.3069162	308.2646	1.8	305.7295	
715.7559	COLLISION_NONE	NOT_SWITCH	NOT_RESET	NOT_WAYPOINT	305.2389	1.8	316.4867	0	0.3834684	0	0.923554	5.837643	6.215862	0.3020797	308.2646	1.8	305.7295	
715.7759	COLLISION_NONE	NOT_SWITCH	NOT_RESET	NOT_WAYPOINT	305.2677	1.8	316.0991	0	0.3854543	0	0.922727	5.790165	6.244869	0.338101	308.2646	1.8	305.7295	
715.796	COLLISION_NONE	NOT_SWITCH	NOT_RESET	NOT_WAYPOINT	305.2943	1.8	315.7116	0	0.3864435	0	0.9223131	5.713291	6.249321	0.3570167	308.2646	1.8	305.7295	
715.816	COLLISION_NONE	NOT_SWITCH	NOT_RESET	NOT_WAYPOINT	305.3206	1.8	315.3237	0	0.3874319	0	0.9218983	5.740345	6.324795	0.3829821	308.2646	1.8	305.7295	
715.836	COLLISION_NONE	NOT_SWITCH	NOT_RESET	NOT_WAYPOINT	305.346	1.8	314.9359	0	0.3884193	0	0.9214828	5.720211	6.334419	0.4060358	308.2646	1.8	305.7295	
715.856	COLLISION_NONE	NOT_SWITCH	NOT_RESET	NOT_WAYPOINT	305.3707	1.8	314.548	0	0.390396	0	0.9206471	5.784187	6.497734	0.4688748	308.2646	1.8	305.7295	
715.876	COLLISION_NONE	NOT_SWITCH	NOT_RESET	NOT_WAYPOINT	305.3931	1.8	314.1602	0	0.3913869	0	0.9202262	5.826	6.545528	0.471541	308.2646	1.8	305.7295	
715.8961	COLLISION_NONE	NOT_SWITCH	NOT_RESET	NOT_WAYPOINT	305.4152	1.8	313.7721	0	0.3923805	0	0.919803	5.872002	6.595959	0.502864	308.2646	1.8	305.7295	
715.9161	COLLISION_NONE	NOT_SWITCH	NOT_RESET	NOT_WAYPOINT	305.4365	1.8	313.384	0	0.3933761	0	0.9193777	5.893764	6.605022	0.5126733	308.2646	1.8	305.7295	
715.9361	COLLISION_NONE	NOT_SWITCH	NOT_RESET	NOT_WAYPOINT	305.457	1.8	312.9959	0	0.3943744	0	0.9189499	5.961372	6.646519	0.4913577	308.2646	1.8	305.7295	
715.9561	COLLISION_NONE	NOT_SWITCH	NOT_RESET	NOT_WAYPOINT	305.4766	1.8	312.6077	0	0.3963708	0	0.9180906	5.946007	6.678444	0.4673523	308.2646	1.8	305.7295	
715.9761	COLLISION_NONE	NOT_SWITCH	NOT_RESET	NOT_WAYPOINT	305.4939	1.8	312.2198	0	0.3973674	0	0.9176596	5.911739	6.662956	0.4664208	308.2646	1.8	305.7295	
715.9962	COLLISION_NONE	NOT_SWITCH	NOT_RESET	NOT_WAYPOINT	305.511	1.8	311.8313	0	0.3983614	0	0.9172286	5.857666	6.641457	0.483363	308.2646	1.8	305.7295	
716.0162	COLLISION_NONE	NOT_SWITCH	NOT_RESET	NOT_WAYPOINT	305.5272	1.8	311.443	0	0.3993548	0	0.9167965	5.868214	6.685062	0.4977576	308.2646	1.8	305.7295	
716.0362	COLLISION_NONE	NOT_SWITCH	NOT_RESET	NOT_WAYPOINT	305.5426	1.8	311.0546	0	0.4003482	0	0.9163631	5.898174	6.777126	0.5039614	308.2646	1.8	305.7295	
716.0562	COLLISION_NONE	NOT_SWITCH	NOT_RESET	NOT_WAYPOINT	305.5572	1.8	310.6662	0	0.4023401	0	0.9154903	6.00626	6.96579	0.5562032	308.2646	1.8	305.7295	
716.0762	COLLISION_NONE	NOT_SWITCH	NOT_RESET	NOT_WAYPOINT	305.5556	1.8	310.2984	0	0.4033395	0	0.9150504	6.044018	7.031841	0.5640441	308.2646	1.8	305.7295	
716.0963	COLLISION_NONE	NOT_SWITCH	NOT_RESET	NOT_WAYPOINT	305.5456	1.8	309.942	0	0.4043396	0	0.914609	6.034008	6.998043	0.5682837	308.2646	1.8	305.7295	
716.1163	COLLISION_NONE	NOT_SWITCH	NOT_RESET	NOT_WAYPOINT	305.5089	1.8	309.617	0	0.4053394	0	0.9141663	6.014191	6.979908	0.5820616	308.2646	1.8	305.7295	
716.1363	COLLISION_NONE	NOT_SWITCH	NOT_RESET	NOT_WAYPOINT	305.4256	1.8	309.3445	0	0.4063376	0	0.9137231	5.971466	6.958588	0.5989693	308.2646	1.8	305.7295	
716.1563	COLLISION_NONE	NOT_SWITCH	NOT_RESET	NOT_WAYPOINT	305.2675	1.8	309.1546	0	0.4083216	0	0.9128382	5.841366	6.862217	0.5592514	308.2646	1.8	305.7295	
716.1763	COLLISION_NONE	NOT_SWITCH	NOT_RESET	NOT_WAYPOINT	304.9485	1.8	309.1387	0	0.4093069	0	0.9123968	5.770626	6.76479	0.5532035	308.2646	1.8	305.7295	
716.1964	COLLISION_NONE	NOT_SWITCH	NOT_RESET	NOT_WAYPOINT	304.6028	1.8	309.1741	0	0.4102886	0	0.9119558	5.747742	6.747593	0.5329086	308.2646	1.8	305.7295	
716.2164	COLLISION_NONE	NOT_SWITCH	NOT_RESET	NOT_WAYPOINT	304.2596	1.8	309.2202	0	0.4112648	0	0.9115159	5.648815	6.615051	0.5064527	308.2646	1.8	305.7295	
716.2364	COLLISION_NONE	NOT_SWITCH	NOT_RESET	NOT_WAYPOINT	303.9196	1.8	309.2708	0	0.4122387	0	0.9110759	5.648815	6.615051	0.5064527	308.2646	1.8	305.7295	
716.2564	COLLISION_NONE	NOT_SWITCH	NOT_RESET	NOT_WAYPOINT	303.5828	1.8	309.3284	0	0.4141842	0	0.9101931	5.689823	6.538509	0.5016283	308.2646	1.8	305.7295	
716.2764	COLLISION_NONE	NOT_SWITCH	NOT_RESET	NOT_WAYPOINT	303.252	1.8	309.4039	0	0.415158	0	0.9097493	5.728485	6.536877	0.48692	308.2646	1.8	305.7295	
716.2964	COLLISION_NONE	NOT_SWITCH	NOT_RESET	NOT_WAYPOINT	302.923	1.8	309.4907	0	0.4161341	0	0.9093033	5.7514	6.52787	0.4797045	308.2646	1.8	305.7295	
716.3165	COLLISION_NONE	NOT_SWITCH	NOT_RESET	NOT_WAYPOINT	302.5971	1.8	309.5807	0	0.4171116	0	0.9088553	5.791122	6.462654	0.481819	308.2646	1.8	305.7295	
716.3365	COLLISION_NONE	NOT_SWITCH	NOT_RESET	NOT_WAYPOINT	302.2736	1.8	309.6704	0	0.4180915	0	0.9084049	5.814098	6.467709	0.4980611	308.2646	1.8	305.7295	
716.3565	COLLISION_NONE	NOT_SWITCH	NOT_RESET	NOT_WAYPOINT	301.9531	1.8	309.7615	0	0.4200574	0	0.9074975	5.886757	6.448765	0.5255624	308.2646	1.8	305.7295	
716.3765	COLLISION_NONE	NOT_SWITCH	NOT_RESET	NOT_WAYPOINT	301.6381	1.8	309.8542	0	0.4210423	0	0.907041	5.869625	6.388241	0.559945	308.2646	1.8	305.7295	
716.3965	COLLISION_NONE	NOT_SWITCH	NOT_RESET	NOT_WAYPOINT	301.3268	1.8	309.9523	0	0.4220283	0	0.9065827	5.887871	6.3419	0.5725449	308.2646	1.8	305.7295	
716.4166	COLLISION_NONE	NOT_SWITCH	NOT_RESET	NOT_WAYPOINT	301.0187	1.8	310.0523	0	0.4230144	0	0.906123	5.857849	6.281223	0.5879694	308.2646	1.8	305.7295	
716.4366	COLLISION_NONE	NOT_SWITCH	NOT_RESET	NOT_WAYPOINT	300.7152	1.8	310.1556	0	0.4249897	0	0.9051982	5.91423	6.314064	0.6534928	308.2646	1.8	305.7295	
716.4566	COLLISION_NONE	NOT_SWITCH	NOT_RESET	NOT_WAYPOINT	300.4186	1.8	310.262	0	0.425979	0	0.9047331	5.91909	6.312263	0.6506985	308.2646	1.8	305.7295	
716.4766	COLLISION_NONE	NOT_SWITCH	NOT_RESET	NOT_WAYPOINT	300.1251	1.8	310.3692	0	0.426969	0	0.9042664	5.927242	6.289852	0.6644436	308.2646	1.8	305.7295	
716.4966	COLLISION_NONE	NOT_SWITCH	NOT_RESET	NOT_WAYPOINT	299.8356	1.8	310.4797	0	0.4279605	0	0.9037975	5.965492	6.294487	0.6739374	308.2646	1.8	305.7295	
716.5167	COLLISION_NONE	NOT_SWITCH	NOT_RESET	NOT_WAYPOINT	299.5498	1.8	310.5923	0	0.428952	0	0.9033273	5.939907	6.216625	0.6736947	308.2646	1.8	305.7295	
716.5367	COLLISION_NONE	NOT_SWITCH	NOT_RESET	NOT_WAYPOINT	299.2688	1.8	310.7095	0	0.4309351	0	0.9023829	5.923275	6.144859	0.6932937	308.2646	1.8	305.7295	
716.5567	COLLISION_NONE	NOT_SWITCH	NOT_RESET	NOT_WAYPOINT	298.9988	1.8	310.8405	0	0.4319266	0	0.9019088	5.946335	6.130344	0.6918937	308.2646	1.8	305.7295	
716.5767	COLLISION_NONE	NOT_SWITCH	NOT_RESET	NOT_WAYPOINT	298.7351	1.8	310.9828	0	0.4329173	0	0.9014337	5.923847	6.071045	0.6912001	308.2646	1.8	305.7295	
716.5967	COLLISION_NONE	NOT_SWITCH	NOT_RESET	NOT_WAYPOINT	298.4773	1.8	311.1368	0	0.433909	0	0.9009568	5.969761	6.10746	0.6988596	308.2646	1.8	305.7295	
716.6168	COLLISION_NONE	NOT_SWITCH	NOT_RESET	NOT_WAYPOINT	298.2242	1.8	311.3021	0	0.434901	0	0.9004782	5.97578	6.070671	0.6845356	308.2646	1.8	305.7295	
716.6368	COLLISION_NONE	NOT_SWITCH	NOT_RESET	NOT_WAYPOINT	297.9745	1.8	311.4767	0	0.4368847	0	0.8995175	5.989326	6.123875	0.6654524	308.2646	1.8	305.7295	
716.6568	COLLISION_NONE	NOT_SWITCH	NOT_RESET	NOT_WAYPOINT	297.7292	1.8	311.6655	0	0.4378757	0	0.8990356	5.990044	6.126301	0.6440409	308.2646	1.8	305.7295	
716.6768	COLLISION_NONE	NOT_SWITCH	NOT_RESET	NOT_WAYPOINT	297.4826	1.8	311.8545	0	0.4388659	0	0.8985526	5.99493	6.109768	0.6141073	308.2646	1.8	305.7295	
716.6968	COLLISION_NONE	NOT_SWITCH	NOT_RESET	NOT_WAYPOINT	297.2364	1.8	312.044	0	0.4398558	0	0.8980685	6.026333	6.091621	0.613777	308.2646	1.8	305.7295	
716.7169	COLLISION_NONE	NOT_SWITCH	NOT_RESET	NOT_WAYPOINT	296.9907	1.8	312.234	0	0.4408453	0	0.8975831	6.008968	6.048653	0.5940005	308.2646	1.8	305.7295	
716.7369	COLLISION_NONE	NOT_SWITCH	NOT_RESET	NOT_WAYPOINT	296.7453	1.8	312.4246	0	0.4428229	0	0.8966091	6.004547	5.995743	0.5564831	308.2646	1.8	305.7295	
716.7569	COLLISION_NONE	NOT_SWITCH	NOT_RESET	NOT_WAYPOINT	296.5013	1.8	312.6166	0	0.4438113	0	0.8961203	6.030685	6.012009	0.5585905	308.2646	1.8	305.7295	
716.7769	COLLISION_NONE	NOT_SWITCH	NOT_RESET	NOT_WAYPOINT	296.2572	1.8	312.8089	0	0.4447985	0	0.8956307	5.990482	5.932106	0.553249	308.2646	1.8	305.7295	
716.7969	COLLISION_NONE	NOT_SWITCH	NOT_RESET	NOT_WAYPOINT	296.0135	1.8	313.0016	0	0.4457858	0	0.8951397	6.020393	5.940319	0.561519	308.2646	1.8	305.7295	
716.817	COLLISION_NONE	NOT_SWITCH	NOT_RESET	NOT_WAYPOINT	295.7703	1.8	313.1949	0	0.4467735	0	0.8946471	6.025307	5.924149	0.5873207	308.2646	1.8	305.7295	
716.837	COLLISION_NONE	NOT_SWITCH	NOT_RESET	NOT_WAYPOINT	295.5275	1.8	313.3887	0	0.4487518	0	0.8936566	6.072487	5.956554	0.601401	308.2646	1.8	305.7295	
716.857	COLLISION_NONE	NOT_SWITCH	NOT_RESET	NOT_WAYPOINT	295.2861	1.8	313.5839	0	0.4497419	0	0.8931586	6.081764	5.988178	0.6185433	308.2646	1.8	305.7295	
716.877	COLLISION_NONE	NOT_SWITCH	NOT_RESET	NOT_WAYPOINT	295.0446	1.8	313.7794	0	0.4507313	0	0.8926597	6.046902	5.933784	0.6271592	308.2646	1.8	305.7295	
716.897	COLLISION_NONE	NOT_SWITCH	NOT_RESET	NOT_WAYPOINT	294.8035	1.8	313.9753	0	0.4517201	0	0.8921598	6.055992	5.987843	0.6328655	308.2646	1.8	305.7295	
716.9171	COLLISION_NONE	NOT_SWITCH	NOT_RESET	NOT_WAYPOINT	294.5602	1.8	314.1686	0	0.4527074	0	0.8916593	6.037762	6.010151	0.6124252	308.2646	1.8	305.7295	
