#Time To Switch#	#Num of Incorrect Switch#	#Target Mode#	#Current Mode#
5.238745	1	Segway	
5.255481	1	Segway	Segway
0	0		
0.01662746	0		
0.03310519	0		
0.04957238	0		
0.06629501	0		
0.08307064	0		
0.09945661	0		
0.1157849	0		
0.1324325	0		
0.149865	0		
0.1661217	0		
0.1825021	0		
0.198871	0		
0.2158051	0		
0.2322596	0		
0.2483542	0		
0.2657882	0		
0.2817954	0		
0.2981956	0		
0.314709	0		
0.3314958	0		
0.3481285	0		
0.3645275	0		
0.3814395	0		
0.3975722	0		
0.4146526	0		
0.4309127	0		
0.4475225	0		
0.4666107	0		
0.4808425	0		
0.4976011	0		
0.5138482	0		
0.530614	0		
0.547056	0		
0.5635372	0		
0.5800161	0		
0.596922	0		
0.6133978	0		
0.6302454	0		
0.646804	0		
0.6633379	0		
0.6800283	0		
0.6963051	0		
0.7129291	0		
0.7294363	0		
0.7465012	0		
0.7628819	0		
0.7792037	0		
0.7957276	0		
0.8127354	0		
0.8330311	0		
0.8455982	0		
0.8619111	0		
0.8789564	0		
0.8952593	0		
0.9119282	0		
0.9282835	0		
0.9452755	0		
0.9619387	0		
0.9784979	0		
0.9955708	0		
1.011724	0		
1.028036	0		
1.044522	0		
1.061152	0		
1.078341	0		
1.094322	0		
1.110954	0		
1.131754	0		
1.144314	0		
1.160595	0		
1.177386	0		
1.193702	0		
1.210619	0		
1.227112	0		
1.243455	0		
1.26001	0		
1.277587	0		
1.293318	0		
1.309823	0		
1.326332	0		
1.343078	0		
1.359685	0		
1.376099	0		
1.392618	0		
1.409171	0		
1.426412	0		
1.44671	0		
1.459869	0		
1.476054	0		
1.492502	0		
1.508931	0		
1.52555	0		
1.542315	0		
1.558767	0		
1.575186	0		
1.592046	0		
1.608577	0		
1.625584	0		
1.642171	0		
1.658625	0		
1.675234	0		
1.691753	0		
1.707842	0		
1.724622	0		
1.741128	0		
1.757937	0		
1.7742	0		
1.790728	0		
1.807403	0		
1.824315	0		
1.840558	0		
1.857197	0		
1.873929	0		
1.890458	0		
1.907241	0		
1.923503	0		
1.940056	0		
1.957703	0		
1.973307	0		
1.990568	0		
2.00711	0		
0.7450954	0	Segway	
1.756303	1	Segway	
1.773243	1	Segway	Segway
0	0		
0.01649075	0		
0.03326298	0		
0.05031978	0		
0.06617225	0		
0.08274701	0		
0.1000115	0		
0.1159678	0		
0.1326697	0		
0.1489757	0		
0.1660898	0		
0.1825381	0		
0.1987415	0		
0.2154657	0		
0.2320212	0		
0.2486629	0		
0.2653747	0		
0.2816637	0		
0.2983246	0		
0.3154046	0		
0.3314961	0		
0.3482538	0		
0.3648598	0		
0.3813208	0		
0.397752	0		
0.4145897	0		
0.430843	0		
0.4482637	0		
0.464296	0		
0.4808097	0		
0.4969833	0		
0.5142339	0		
0.5306326	0		
0.5468583	0		
0.5638437	0		
0.5805003	0		
0.5967515	0		
0.6132546	0		
0.6298043	0		
0.646844	0		
0.6627774	0		
0.6796405	0		
0.6961151	0		
0.7128513	0		
0.7293365	0		
0.7459844	0		
0.7623134	0		
0.7791944	0		
0.7956166	0		
0.8122584	0		
0.8289289	0		
0.8455191	0		
0.8619758	0		
0.8783956	0		
0.8954424	0		
0.9117698	0		
0.9281105	0		
0.9448332	0		
0.9613549	0		
0.9782056	0		
0.9947859	0		
1.011619	0		
1.027968	0		
1.044558	0		
1.060737	0		
1.077496	0		
1.09401	0		
1.111501	0		
1.127077	0		
1.143698	0		
1.160285	0		
1.177087	0		
1.193354	0		
1.210526	0		
1.226822	0		
1.243371	0		
1.259695	0		
8.671165	1		
8.688418	2		
8.704881	3		
8.720999	4		
0.01658995	0	Segway	Segway
60.36295	0	Segway	Segway
60.38003	0	Segway	Segway
83.39043	0	Segway	Segway
83.40672	0	Segway	Segway
83.42348	0	Segway	
84.1199	1	Segway	
84.13615	1	Segway	Segway
88.74625	1	Segway	Segway
88.76208	1	Segway	Segway
0	0		
0.7801981	0		
1.973125	0	Walking	Walking
2.321373	0	Walking	
2.370866	0	Walking	Walking
2.685801	0	Walking	
2.735704	0	Walking	Walking
3.001086	0	Walking	
3.050609	0	Walking	Walking
3.2662	0	Walking	
3.46527	0	Walking	Walking
3.515362	0	Walking	
3.597615	0	Walking	Walking
3.730034	0	Walking	
3.896209	0	Walking	Walking
4.857833	0	Walking	
5.222205	0	Walking	Walking
6.299427	0	Walking	
6.365758	0	Walking	Walking
6.515177	0	Walking	
6.597633	0	Walking	Walking
6.813257	0	Walking	
6.863444	0	Walking	Walking
7.04574	0	Walking	
7.128143	0	Walking	Walking
7.343813	0	Walking	
7.459761	0	Walking	Walking
7.691854	0	Walking	
8.172902	0	Walking	Walking
11.19057	0	Walking	
11.22348	0	Walking	Walking
11.35644	0	Walking	
11.43997	0	Walking	Walking
11.63793	0	Walking	
11.68786	0	Walking	Walking
11.8204	0	Walking	
11.85458	0	Walking	Walking
12.00297	0	Walking	
12.15202	0	Walking	Walking
12.23477	0	Walking	
12.31754	0	Walking	Walking
14.67186	0	Walking	
14.722	0	Walking	Walking
16.77703	0	Walking	
16.9267	0	Walking	Walking
17.10864	0	Walking	
17.19136	0	Walking	Walking
17.44027	0	Walking	
17.45672	0	Walking	Walking
17.67247	0	Walking	
17.70555	0	Walking	Walking
17.85468	0	Walking	
17.95434	0	Walking	Walking
18.10325	0	Walking	
18.26939	0	Walking	Walking
18.38525	0	Walking	
18.71659	0	Walking	Walking
20.25951	0	Walking	
20.30861	0	Walking	Walking
20.45788	0	Walking	
20.54114	0	Walking	Walking
20.72314	0	Walking	
20.73947	0	Walking	Walking
20.82225	0	Walking	
21.02135	0	Walking	Walking
22.49771	0	Walking	
22.5472	0	Walking	Walking
22.72983	0	Walking	
22.77986	0	Walking	Walking
22.96182	0	Walking	
22.99502	0	Walking	Walking
23.11182	0	Walking	
23.22708	0	Walking	Walking
23.39308	0	Walking	
23.4095	0	Walking	Walking
23.57551	0	Walking	
23.62525	0	Walking	Walking
23.77463	0	Walking	
23.95652	0	Walking	Walking
24.88422	0	Walking	
25.16589	0	Walking	Walking
26.06148	0	Walking	
26.14394	0	Walking	Walking
26.27639	0	Walking	
26.36	0	Walking	Walking
26.4755	0	Walking	
26.55845	0	Walking	Walking
26.65824	0	Walking	
26.85726	0	Walking	Walking
26.99004	0	Walking	
27.15592	0	Walking	Walking
28.36654	0	Walking	
28.48244	0	Walking	Walking
28.64869	0	Walking	
28.68165	0	Walking	Walking
28.84768	0	Walking	
28.86377	0	Walking	Walking
29.0466	0	Walking	
29.06339	0	Walking	Walking
0	0		
0.01662343	0		
0.03647389	0		
0.04907701	0		
0.0657026	0		
0.08204083	0		
0.09903099	0		
0.1154681	0		
0.1320875	0		
0.3971686	1		
0.4138513	2		
0.4306303	3		
0.4468799	4		
0.4635439	5		
0.4800545	6		
0.4969631	7		
0.5131906	8		
0.530332	9		
0.5466514	10		
0.5631675	11		
0.5793545	12		
0.5959803	13		
0.6128806	14		
0.6293125	15		
0.6456023	16		
0.6625203	17		
0.6789602	18		
0.6957442	19		
0.7121187	20		
0.7292109	21		
0.7451241	22		
0.7624847	23		
0.7783393	24		
0.7948524	25		
0.8116578	26		
0.8288488	27		
0.8451226	28		
0.8617311	29		
0.8778933	30		
0.8948828	31		
0.9108763	32		
0.9274967	33		
0.9446493	34		
0.9610381	35		
0.9773105	36		
0.9939991	37		
1.010447	38		
1.027259	39		
1.043568	40		
1.060016	41		
1.076594	42		
6.24946	43		
6.266226	44		
6.282576	45		
6.298919	46		
6.316129	47		
6.332354	48		
6.349169	49		
6.365385	50		
6.381972	51		
6.398808	52		
6.415308	53		
6.431709	54		
6.448522	55		
6.465302	56		
6.481865	57		
6.498057	58		
6.514878	59		
6.531501	60		
6.547925	61		
6.564358	62		
6.580994	63		
6.597813	64		
6.614007	65		
6.630618	66		
6.647302	67		
6.664232	68		
6.680767	69		
6.697258	70		
6.713583	71		
6.730581	72		
6.746803	73		
6.763556	74		
6.78084	75		
6.796978	76		
6.813161	77		
6.829964	78		
6.846242	79		
6.863418	80		
6.879828	81		
6.896435	82		
6.912738	83		
6.929591	84		
6.945846	85		
6.962301	86		
6.979441	87		
6.995974	88		
7.012096	89		
7.028847	90		
7.0456	91		
7.062163	92		
2.884809	1	Surfing	
2.901048	1	Surfing	Surfing
0	0		
0.01637419	0		
0.0340981	0		
0.05028134	0		
0.06658641	0		
0.08733585	0		
0.1004594	0		
0.1166458	0		
0.1328873	0		
0.1500631	0		
0.1661962	0		
0.182818	0		
0.199098	0		
0.2157072	0		
0.2328569	0		
0.2496075	0		
0.265375	0		
0.2821153	0		
0.2989951	0		
0.3158262	0		
0.3319304	0		
0.3489293	0		
0.365044	0		
0.3813875	0		
0.3980209	0		
0.4150299	0		
0.4316143	0		
0.4484163	0		
0.4644284	0		
0.03358351	0	Walking	Walking
0.1334013	0	Walking	
0.2329735	0	Walking	Walking
0.4644475	0	Walking	
0.5643615	0	Walking	Walking
0.7133349	0	Walking	
0.9618443	0	Walking	Walking
1.127503	0	Walking	
1.326765	0	Walking	Walking
3.614662	0	Walking	
3.880017	0	Walking	Walking
3.896834	0	Walking	Walking
3.913457	0	Walking	Walking
3.929658	0	Walking	Walking
3.945966	0	Walking	Walking
3.964053	0	Walking	Walking
3.979394	0	Walking	Walking
4.012084	0	Walking	
4.162014	0	Walking	Walking
4.327086	0	Walking	
4.394029	0	Walking	Walking
4.476575	0	Walking	
4.609197	0	Walking	Walking
4.709342	0	Walking	
4.807823	0	Walking	Walking
4.924465	0	Walking	
5.404931	0	Walking	Walking
5.487926	0	Walking	
5.985452	0	Walking	Walking
7.2614	0	Walking	
7.344776	0	Walking	Walking
7.526679	0	Walking	
7.576615	0	Walking	Walking
7.725849	0	Walking	
7.825525	0	Walking	Walking
7.941103	0	Walking	
8.090448	0	Walking	Walking
8.256127	0	Walking	
8.372239	0	Walking	Walking
9.880801	0	Walking	
9.980092	0	Walking	Walking
10.56171	0	Walking	
11.50588	0	Walking	Walking
12.11993	0	Walking	
12.20239	0	Walking	Walking
12.33481	0	Walking	
12.40093	0	Walking	Walking
12.56705	0	Walking	
12.59972	0	Walking	Walking
12.81587	0	Walking	
12.88169	0	Walking	Walking
13.06444	0	Walking	
13.54492	0	Walking	Walking
14.29083	0	Walking	
14.5394	0	Walking	Walking
15.68367	0	Walking	
15.73381	0	Walking	Walking
15.88254	0	Walking	
16.0152	0	Walking	Walking
16.11497	0	Walking	
16.24743	0	Walking	Walking
16.79469	0	Walking	
17.05951	0	Walking	Walking
17.6066	0	Walking	
17.80526	0	Walking	Walking
0	0		
0.01625267	0		
0.03390249	0		
0.08322129	1		
0.1023488	2		
0.1162335	3		
0.1335838	4		
0.1496719	5		
0.1660167	6		
0.18288	7		
0.1998286	8		
1.658072	9		
1.675198	10		
1.691183	11		
1.708827	12		
1.724461	13		
1.741078	14		
1.758264	15		
1.774047	16		
1.79103	17		
1.80792	18		
1.823931	19		
1.840223	20		
1.85726	21		
1.873521	22		
1.890565	23		
1.90764	24		
1.924672	25		
1.93983	26		
1.956589	27		
1.973067	28		
1.98999	29		
2.006347	30		
2.022728	31		
2.039957	32		
2.05606	33		
2.072834	34		
2.089164	35		
2.105982	36		
2.122731	37		
2.139366	38		
2.15597	39		
2.172355	40		
2.18907	41		
2.205238	42		
2.221591	43		
2.23846	44		
2.255937	45		
2.271932	46		
2.288174	47		
2.304981	48		
2.321072	49		
2.338125	50		
0.0164458	0	Surfing	Surfing
11.02539	0	Surfing	Surfing
11.04114	0	Surfing	Surfing
11.05789	0	Surfing	Surfing
11.07469	0	Surfing	Surfing
11.091	0	Surfing	Surfing
11.1075	0	Surfing	Surfing
11.12454	0	Surfing	Surfing
11.14123	0	Surfing	Surfing
11.15751	0	Surfing	Surfing
11.17402	0	Surfing	Surfing
11.19082	0	Surfing	Surfing
11.20767	0	Surfing	Surfing
11.22336	0	Surfing	Surfing
11.24075	0	Surfing	Surfing
11.25661	0	Surfing	Surfing
11.27335	0	Surfing	Surfing
11.29025	0	Surfing	Surfing
11.30651	0	Surfing	Surfing
11.32307	0	Surfing	Surfing
11.3402	0	Surfing	Surfing
11.35669	0	Surfing	Surfing
11.37268	0	Surfing	Surfing
11.39036	0	Surfing	Surfing
11.4063	0	Surfing	Surfing
11.42315	0	Surfing	Surfing
11.43911	0	Surfing	Surfing
11.4561	0	Surfing	Surfing
11.47207	0	Surfing	Surfing
11.48972	0	Surfing	Surfing
11.50543	0	Surfing	Surfing
11.52194	0	Surfing	Surfing
11.53845	0	Surfing	Surfing
11.55511	0	Surfing	Surfing
11.57212	0	Surfing	Surfing
11.58867	0	Surfing	Surfing
11.60479	0	Surfing	Surfing
0	0		
0.01637357	0		
0.03285068	0		
0.04953921	0		
0.06576739	0		
0.08295005	0		
0.09910508	0		
0.1155875	0		
0.1323231	0		
0.1488743	0		
0.1652863	0		
0.1824262	0		
0.1984163	0		
0.2151355	0		
0.2317279	0		
0.2481496	0		
0.2647761	0		
0.2814789	0		
0.2985549	0		
0.3142942	0		
0.3310181	0		
0.3480817	0		
0.3641943	0		
0.3809572	0		
0.9776554	1		
0.9945073	2		
1.010868	3		
1.027449	4		
1.043918	5		
1.060653	6		
1.159988	7		
1.176474	8		
1.193194	9		
1.209932	10		
1.226429	11		
1.242769	12		
1.259499	13		
1.276326	14		
0.01689653	0	Walking	Walking
0.04943815	0	Walking	
0.09924582	0	Walking	Walking
0.2317301	0	Walking	
0.3975806	0	Walking	Walking
0.5801147	0	Walking	
0.6299354	0	Walking	Walking
0.745813	0	Walking	
0.9613484	0	Walking	Walking
1.077567	0	Walking	
1.226507	0	Walking	Walking
2.553176	0	Walking	
2.669144	0	Walking	Walking
4.095166	0	Walking	
4.161235	0	Walking	Walking
4.277558	0	Walking	
4.393472	0	Walking	Walking
4.47639	0	Walking	
4.609166	0	Walking	Walking
4.741519	0	Walking	
4.824741	0	Walking	Walking
4.957193	0	Walking	
5.073173	0	Walking	Walking
5.189379	0	Walking	
5.33868	0	Walking	Walking
5.454428	0	Walking	
5.868619	0	Walking	Walking
7.775957	0	Walking	
7.792045	0	Walking	Walking
7.924862	0	Walking	
8.041418	0	Walking	Walking
8.190465	0	Walking	
8.240033	0	Walking	Walking
8.356009	0	Walking	
8.455708	0	Walking	Walking
8.538446	0	Walking	
8.721104	0	Walking	Walking
8.837139	0	Walking	
9.036088	0	Walking	Walking
9.119291	0	Walking	
9.566205	0	Walking	Walking
10.07994	0	Walking	
10.37835	0	Walking	Walking
10.87586	0	Walking	
11.04172	0	Walking	Walking
11.20712	0	Walking	
11.22389	0	Walking	Walking
11.37334	0	Walking	
11.43965	0	Walking	Walking
11.53879	0	Walking	
11.93687	0	Walking	Walking
12.7488	0	Walking	
13.06395	0	Walking	Walking
13.51179	0	Walking	
13.6448	0	Walking	Walking
13.79354	0	Walking	
13.82638	0	Walking	Walking
13.99215	0	Walking	
14.04235	0	Walking	Walking
14.14151	0	Walking	
14.30723	0	Walking	Walking
15.16976	0	Walking	
15.33551	0	Walking	Walking
15.46837	0	Walking	
15.48472	0	Walking	Walking
15.68483	0	Walking	
15.73314	0	Walking	Walking
15.83333	0	Walking	
16.13114	0	Walking	Walking
17.47366	0	Walking	
17.52386	0	Walking	Walking
17.63972	0	Walking	
17.72237	0	Walking	Walking
17.88886	0	Walking	
17.93807	0	Walking	Walking
18.05403	0	Walking	
18.18677	0	Walking	Walking
18.35265	0	Walking	
18.36926	0	Walking	Walking
0	0		
0.01583046	0		
0.03245141	0		
0.2312186	1		
0.2478083	2		
0.2647268	3		
0.2813478	4		
0.2979836	5		
0.3140568	6		
0.3313498	7		
0.3472956	8		
0.3639745	9		
0.3804591	10		
0.3973562	11		
0.4143278	12		
0.4303638	13		
0.4469599	14		
0.463636	15		
0.480066	16		
0.4965707	17		
0.5130717	18		
0.5303127	19		
0.6301447	1	Surfing	
0.6467731	2	Surfing	
0.6632391	3	Surfing	
0.6800646	3	Surfing	Surfing
0	0		
