#Surfing Trial Path#
#TimeStamp#	#Collision Event#	#Mode Switch Event#	#Reset Event#	#Waypoint Event#	#PositionX#	#PositionY#	#PositionZ#	#OrientationX#	#OrientationY#	#OrientationZ#	#OrientationW#	#HeadOrientationX#	#HeadOrientationY#	#HeadOrientationZ#	#WayPointX#	#WayPointY#	#WayPointZ#	
539.4639	COLLISION_NONE	CORRECT_SWITCH	NOT_RESET	TRIGGER_WAYPOINT	-311.8297	1.8	-275.5547	0	0	0	1	0	0	0	-315	1.938515	-275.5547	
539.4839	COLLISION_NONE	NOT_SWITCH	NOT_RESET	NOT_WAYPOINT	-311.8709	1.8	-276.3998	0	0	0	1	0	0	0	-315	1.921469	-276.3998	
539.504	COLLISION_NONE	NOT_SWITCH	NOT_RESET	NOT_WAYPOINT	-311.94	1.8	-277.1466	0	0	0	1	0	0	0	-315	1.90657	-277.1466	
539.524	COLLISION_NONE	NOT_SWITCH	NOT_RESET	NOT_WAYPOINT	-311.8883	1.8	-278.0478	0	0	0	1	0	0	0	-315	1.88879	-278.0478	
539.544	COLLISION_NONE	NOT_SWITCH	NOT_RESET	NOT_WAYPOINT	-311.8941	1.8	-278.8647	0	0	0	1	0	0	0	-315	1.872857	-278.8647	
539.564	COLLISION_NONE	NOT_SWITCH	NOT_RESET	NOT_WAYPOINT	-311.951	1.8	-279.5935	0	0	0	1	0	0	0	-315	1.858794	-279.5935	
539.584	COLLISION_NONE	NOT_SWITCH	NOT_RESET	NOT_WAYPOINT	-312.027	1.8	-280.2217	0	0	0	1	0	0	0	-315	1.846781	-280.2217	
539.6041	COLLISION_NONE	NOT_SWITCH	NOT_RESET	NOT_WAYPOINT	-312.079	1.8	-280.9447	0	0	0	1	0	0	0	-315	1.833081	-280.9447	
539.6241	COLLISION_NONE	NOT_SWITCH	NOT_RESET	NOT_WAYPOINT	-312.1608	1.8	-281.4653	0	0	0	1	0	0	0	-315	1.8233	-281.4653	
539.6441	COLLISION_NONE	NOT_SWITCH	NOT_RESET	NOT_WAYPOINT	-312.2259	1.8	-282.0821	0	0	0	1	0	0	0	-315	1.811797	-282.0821	
539.6641	COLLISION_NONE	NOT_SWITCH	NOT_RESET	NOT_WAYPOINT	-312.2682	1.8	-282.7939	0	0	0	1	0	0	0	-315	1.798641	-282.7939	
539.6841	COLLISION_NONE	NOT_SWITCH	NOT_RESET	NOT_WAYPOINT	-312.3282	1.8	-283.405	0	0	0	1	0	0	0	-315	1.787447	-283.405	
539.7042	COLLISION_NONE	NOT_SWITCH	NOT_RESET	NOT_WAYPOINT	-312.3285	1.8	-284.2022	0	0	0	1	0	0	0	-315	1.772979	-284.2022	
539.7242	COLLISION_NONE	NOT_SWITCH	NOT_RESET	NOT_WAYPOINT	-312.3569	1.8	-284.901	0	0	0	1	0	0	0	-315	1.760424	-284.901	
539.7442	COLLISION_NONE	NOT_SWITCH	NOT_RESET	NOT_WAYPOINT	-312.4095	1.8	-285.5004	0	0	0	1	0	0	0	-315	1.749745	-285.5004	
539.7642	COLLISION_NONE	NOT_SWITCH	NOT_RESET	NOT_WAYPOINT	-312.4529	1.8	-285.9979	0	0	0	1	0	0	0	-315	1.740947	-285.9979	
539.7842	COLLISION_NONE	NOT_SWITCH	NOT_RESET	NOT_WAYPOINT	-312.5052	1.8	-286.5926	0	0	0	1	0	0	0	-315	1.730506	-286.5926	
539.8043	COLLISION_NONE	NOT_SWITCH	NOT_RESET	NOT_WAYPOINT	-312.5389	1.8	-286.9833	0	0	0	1	0	0	0	-315	1.723691	-286.9833	
539.8243	COLLISION_NONE	NOT_SWITCH	NOT_RESET	NOT_WAYPOINT	-312.5816	1.8	-287.4713	0	0	0	1	0	0	0	-315	1.71523	-287.4713	
539.8443	COLLISION_NONE	NOT_SWITCH	NOT_RESET	NOT_WAYPOINT	-312.6331	1.8	-288.0564	0	0	0	1	0	0	0	-315	1.705155	-288.0564	
539.8643	COLLISION_NONE	NOT_SWITCH	NOT_RESET	NOT_WAYPOINT	-312.6754	1.8	-288.5395	0	0	0	1	0	0	0	-315	1.696894	-288.5395	
539.8843	COLLISION_NONE	NOT_SWITCH	NOT_RESET	NOT_WAYPOINT	-312.7266	1.8	-289.1198	0	0	0	1	0	0	0	-315	1.687041	-289.1198	
539.9044	COLLISION_NONE	NOT_SWITCH	NOT_RESET	NOT_WAYPOINT	-312.7592	1.8	-289.4962	0	0	0	1	0	0	0	-315	1.68069	-289.4962	
539.9244	COLLISION_NONE	NOT_SWITCH	NOT_RESET	NOT_WAYPOINT	-312.8008	1.8	-289.9698	0	0	0	1	0	0	0	-315	1.672744	-289.9698	
539.9444	COLLISION_NONE	NOT_SWITCH	NOT_RESET	NOT_WAYPOINT	-312.8512	1.8	-290.5405	0	0	0	1	0	0	0	-315	1.663232	-290.5405	
539.9644	COLLISION_NONE	NOT_SWITCH	NOT_RESET	NOT_WAYPOINT	-312.8923	1.8	-291.0093	0	0	0	1	0	0	0	-315	1.655473	-291.0093	
539.9844	COLLISION_NONE	NOT_SWITCH	NOT_RESET	NOT_WAYPOINT	-312.9425	1.8	-291.5753	0	0	0	1	0	0	0	-315	1.646169	-291.5753	
540.0045	COLLISION_NONE	NOT_SWITCH	NOT_RESET	NOT_WAYPOINT	-312.9738	1.8	-291.9373	0	0	0	1	0	0	0	-315	1.640253	-291.9373	
540.0245	COLLISION_NONE	NOT_SWITCH	NOT_RESET	NOT_WAYPOINT	-313.0141	1.8	-292.3965	0	0	0	1	0	0	0	-315	1.632789	-292.3965	
540.0445	COLLISION_NONE	NOT_SWITCH	NOT_RESET	NOT_WAYPOINT	-313.0455	1.8	-292.7537	0	0	0	1	0	0	0	-315	1.627014	-292.7537	
540.0645	COLLISION_NONE	NOT_SWITCH	NOT_RESET	NOT_WAYPOINT	-313.0854	1.8	-293.2081	0	0	0	1	0	0	0	-315	1.619705	-293.2081	
540.0845	COLLISION_NONE	NOT_SWITCH	NOT_RESET	NOT_WAYPOINT	-313.1163	1.8	-293.5605	0	0	0	1	0	0	0	-315	1.614067	-293.5605	
540.1046	COLLISION_NONE	NOT_SWITCH	NOT_RESET	NOT_WAYPOINT	-313.1644	1.8	-294.1074	0	0	0	1	0	0	0	-315	1.605368	-294.1074	
540.1246	COLLISION_NONE	NOT_SWITCH	NOT_RESET	NOT_WAYPOINT	-313.2035	1.8	-294.5523	0	0	0	1	0	0	0	-315	1.598338	-294.5523	
540.1446	COLLISION_NONE	NOT_SWITCH	NOT_RESET	NOT_WAYPOINT	-313.2336	1.8	-294.8951	0	0	0	1	0	0	0	-315	1.592947	-294.8951	
540.1646	COLLISION_NONE	NOT_SWITCH	NOT_RESET	NOT_WAYPOINT	-313.2723	1.8	-295.3352	0	0	0	1	0	0	0	-315	1.586062	-295.3352	
540.1846	COLLISION_NONE	NOT_SWITCH	NOT_RESET	NOT_WAYPOINT	-313.302	1.8	-295.6733	0	0	0	1	0	0	0	-315	1.580799	-295.6733	
540.2047	COLLISION_NONE	NOT_SWITCH	NOT_RESET	NOT_WAYPOINT	-313.3488	1.8	-296.2058	0	0	0	1	0	0	0	-315	1.572556	-296.2058	
540.2247	COLLISION_NONE	NOT_SWITCH	NOT_RESET	NOT_WAYPOINT	-313.3866	1.8	-296.6364	0	0	0	1	0	0	0	-315	1.565933	-296.6364	
540.2447	COLLISION_NONE	NOT_SWITCH	NOT_RESET	NOT_WAYPOINT	-313.4155	1.8	-296.9649	0	0	0	1	0	0	0	-315	1.560904	-296.9649	
540.2647	COLLISION_NONE	NOT_SWITCH	NOT_RESET	NOT_WAYPOINT	-313.4529	1.8	-297.3906	0	0	0	1	0	0	0	-315	1.554418	-297.3906	
540.2847	COLLISION_NONE	NOT_SWITCH	NOT_RESET	NOT_WAYPOINT	-313.4724	1.8	-297.6124	0	0	0	1	0	0	0	-315	1.551054	-297.6124	
540.3047	COLLISION_NONE	NOT_SWITCH	NOT_RESET	NOT_WAYPOINT	-313.5004	1.8	-297.9313	0	0	0	1	0	0	0	-315	1.546232	-297.9313	
540.3248	COLLISION_NONE	NOT_SWITCH	NOT_RESET	NOT_WAYPOINT	-313.537	1.8	-298.3475	0	0	0	1	0	0	0	-315	1.539969	-298.3475	
540.3448	COLLISION_NONE	NOT_SWITCH	NOT_RESET	NOT_WAYPOINT	-313.5646	1.8	-298.6617	0	0	0	1	0	0	0	-315	1.535264	-298.6617	
540.3648	COLLISION_NONE	NOT_SWITCH	NOT_RESET	NOT_WAYPOINT	-313.6007	1.8	-299.0731	0	0	0	1	0	0	0	-315	1.52913	-299.0731	
540.3848	COLLISION_NONE	NOT_SWITCH	NOT_RESET	NOT_WAYPOINT	-313.6189	1.8	-299.2805	0	0	0	1	0	0	0	-315	1.52605	-299.2805	
540.4048	COLLISION_NONE	NOT_SWITCH	NOT_RESET	NOT_WAYPOINT	-313.6457	1.8	-299.5851	0	0	0	1	0	0	0	-315	1.521542	-299.5851	
540.4249	COLLISION_NONE	NOT_SWITCH	NOT_RESET	NOT_WAYPOINT	-313.681	1.8	-299.9869	0	0	0	1	0	0	0	-315	1.515621	-299.9869	
540.4449	COLLISION_NONE	NOT_SWITCH	NOT_RESET	NOT_WAYPOINT	-313.7074	1.8	-300.2867	0	0	0	1	0	0	0	-315	1.511222	-300.2867	
540.4649	COLLISION_NONE	NOT_SWITCH	NOT_RESET	NOT_WAYPOINT	-313.7247	1.8	-300.4845	0	0	0	1	0	0	0	-315	1.50833	-300.4845	
540.4849	COLLISION_NONE	NOT_SWITCH	NOT_RESET	NOT_WAYPOINT	-313.7592	1.8	-300.8768	0	0	0	1	0	0	0	-315	1.502615	-300.8768	
540.5049	COLLISION_NONE	NOT_SWITCH	NOT_RESET	NOT_WAYPOINT	-313.7847	1.8	-301.1671	0	0	0	1	0	0	0	-315	1.498405	-301.1671	
540.525	COLLISION_NONE	NOT_SWITCH	NOT_RESET	NOT_WAYPOINT	-313.8013	1.8	-301.3553	0	0	0	1	0	0	0	-315	1.495682	-301.3553	
540.545	COLLISION_NONE	NOT_SWITCH	NOT_RESET	NOT_WAYPOINT	-313.8264	1.8	-301.6408	0	0	0	1	0	0	0	-315	1.491566	-301.6408	
540.565	COLLISION_NONE	NOT_SWITCH	NOT_RESET	NOT_WAYPOINT	-313.8425	1.8	-301.8243	0	0	0	1	0	0	0	-315	1.488929	-301.8243	
540.585	COLLISION_NONE	NOT_SWITCH	NOT_RESET	NOT_WAYPOINT	-313.8757	1.8	-302.2022	0	0	0	1	0	0	0	-315	1.483515	-302.2022	
540.605	COLLISION_NONE	NOT_SWITCH	NOT_RESET	NOT_WAYPOINT	-313.8999	1.8	-302.4781	0	0	0	1	0	0	0	-315	1.479579	-302.4781	
540.6251	COLLISION_NONE	NOT_SWITCH	NOT_RESET	NOT_WAYPOINT	-313.9152	1.8	-302.652	0	0	0	1	0	0	0	-315	1.477105	-302.652	
540.6451	COLLISION_NONE	NOT_SWITCH	NOT_RESET	NOT_WAYPOINT	-313.939	1.8	-302.9232	0	0	0	1	0	0	0	-315	1.473259	-302.9232	
540.6651	COLLISION_NONE	NOT_SWITCH	NOT_RESET	NOT_WAYPOINT	-313.9539	1.8	-303.0923	0	0	0	1	0	0	0	-315	1.470866	-303.0923	
540.6851	COLLISION_NONE	NOT_SWITCH	NOT_RESET	NOT_WAYPOINT	-313.9858	1.8	-303.4559	0	0	0	1	0	0	0	-315	1.465741	-303.4559	
540.7051	COLLISION_NONE	NOT_SWITCH	NOT_RESET	NOT_WAYPOINT	-314.0088	1.8	-303.7175	0	0	0	1	0	0	0	-315	1.462067	-303.7175	
540.7252	COLLISION_NONE	NOT_SWITCH	NOT_RESET	NOT_WAYPOINT	-314.0228	1.8	-303.877	0	0	0	1	0	0	0	-315	1.459833	-303.877	
540.7452	COLLISION_NONE	NOT_SWITCH	NOT_RESET	NOT_WAYPOINT	-314.0453	1.8	-304.1339	0	0	0	1	0	0	0	-315	1.456245	-304.1339	
540.7652	COLLISION_NONE	NOT_SWITCH	NOT_RESET	NOT_WAYPOINT	-314.0589	1.8	-304.2886	0	0	0	1	0	0	0	-315	1.454089	-304.2886	
540.7852	COLLISION_NONE	NOT_SWITCH	NOT_RESET	NOT_WAYPOINT	-314.0896	1.8	-304.6379	0	0	0	1	0	0	0	-315	1.449238	-304.6379	
540.8052	COLLISION_NONE	NOT_SWITCH	NOT_RESET	NOT_WAYPOINT	-314.1114	1.8	-304.8851	0	0	0	1	0	0	0	-315	1.445818	-304.8851	
540.8253	COLLISION_NONE	NOT_SWITCH	NOT_RESET	NOT_WAYPOINT	-314.1241	1.8	-305.0303	0	0	0	1	0	0	0	-315	1.443813	-305.0303	
540.8453	COLLISION_NONE	NOT_SWITCH	NOT_RESET	NOT_WAYPOINT	-314.1454	1.8	-305.2728	0	0	0	1	0	0	0	-315	1.440475	-305.2728	
540.8653	COLLISION_NONE	NOT_SWITCH	NOT_RESET	NOT_WAYPOINT	-314.1577	1.8	-305.4132	0	0	0	1	0	0	0	-315	1.438546	-305.4132	
540.8853	COLLISION_NONE	NOT_SWITCH	NOT_RESET	NOT_WAYPOINT	-314.1872	1.8	-305.7481	0	0	0	1	0	0	0	-315	1.433959	-305.7481	
540.9053	COLLISION_NONE	NOT_SWITCH	NOT_RESET	NOT_WAYPOINT	-314.2076	1.8	-305.981	0	0	0	1	0	0	0	-315	1.430781	-305.981	
540.9254	COLLISION_NONE	NOT_SWITCH	NOT_RESET	NOT_WAYPOINT	-314.2191	1.8	-306.1119	0	0	0	1	0	0	0	-315	1.428999	-306.1119	
540.9454	COLLISION_NONE	NOT_SWITCH	NOT_RESET	NOT_WAYPOINT	-314.2392	1.8	-306.34	0	0	0	1	0	0	0	-315	1.4259	-306.34	
540.9654	COLLISION_NONE	NOT_SWITCH	NOT_RESET	NOT_WAYPOINT	-314.2503	1.8	-306.4661	0	0	0	1	0	0	0	-315	1.424191	-306.4661	
540.9854	COLLISION_NONE	NOT_SWITCH	NOT_RESET	NOT_WAYPOINT	-314.2784	1.8	-306.7867	0	0	0	1	0	0	0	-315	1.419858	-306.7867	
541.0054	COLLISION_NONE	NOT_SWITCH	NOT_RESET	NOT_WAYPOINT	-314.2976	1.8	-307.0052	0	0	0	1	0	0	0	-315	1.416914	-307.0052	
541.0255	COLLISION_NONE	NOT_SWITCH	NOT_RESET	NOT_WAYPOINT	-314.3079	1.8	-307.1217	0	0	0	1	0	0	0	-315	1.415347	-307.1217	
541.0455	COLLISION_NONE	NOT_SWITCH	NOT_RESET	NOT_WAYPOINT	-314.3266	1.8	-307.3355	0	0	0	1	0	0	0	-315	1.41248	-307.3355	
541.0655	COLLISION_NONE	NOT_SWITCH	NOT_RESET	NOT_WAYPOINT	-314.3275	1.8	-307.3452	0	0	0	1	0	0	0	-315	1.412349	-307.3452	
541.0855	COLLISION_NONE	NOT_SWITCH	NOT_RESET	NOT_WAYPOINT	-314.3369	1.8	-307.4522	0	0	0	1	0	0	0	-315	1.410917	-307.4522	
541.1055	COLLISION_NONE	NOT_SWITCH	NOT_RESET	NOT_WAYPOINT	-314.3548	1.8	-307.6564	0	0	0	1	0	0	0	-315	1.408189	-307.6564	
541.1255	COLLISION_NONE	NOT_SWITCH	NOT_RESET	NOT_WAYPOINT	-314.3638	1.8	-307.7585	0	0	0	1	0	0	0	-315	1.406826	-307.7585	
541.1456	COLLISION_NONE	NOT_SWITCH	NOT_RESET	NOT_WAYPOINT	-314.3813	1.8	-307.9579	0	0	0	1	0	0	0	-315	1.404172	-307.9579	
541.1656	COLLISION_NONE	NOT_SWITCH	NOT_RESET	NOT_WAYPOINT	-314.3813	1.8	-307.9579	0	0	0	1	0	0	0	-315	1.404172	-307.9579	
541.1856	COLLISION_NONE	NOT_SWITCH	NOT_RESET	NOT_WAYPOINT	-314.3899	1.8	-308.0552	0	0	0	1	0	0	0	-315	1.40288	-308.0552	
541.2056	COLLISION_NONE	NOT_SWITCH	NOT_RESET	NOT_WAYPOINT	-314.407	1.8	-308.2496	0	0	0	1	0	0	0	-315	1.400301	-308.2496	
541.2256	COLLISION_NONE	NOT_SWITCH	NOT_RESET	NOT_WAYPOINT	-314.4151	1.8	-308.3421	0	0	0	1	0	0	0	-315	1.399077	-308.3421	
541.2457	COLLISION_NONE	NOT_SWITCH	NOT_RESET	NOT_WAYPOINT	-314.4317	1.8	-308.5317	0	0	0	1	0	0	0	-315	1.396571	-308.5317	
541.2657	COLLISION_NONE	NOT_SWITCH	NOT_RESET	NOT_WAYPOINT	-314.4313	1.8	-308.5269	0	0	0	1	0	0	0	-315	1.396634	-308.5269	
541.2857	COLLISION_NONE	NOT_SWITCH	NOT_RESET	NOT_WAYPOINT	-314.4394	1.8	-308.6194	0	0	0	1	0	0	0	-315	1.395414	-308.6194	
541.3057	COLLISION_NONE	NOT_SWITCH	NOT_RESET	NOT_WAYPOINT	-314.4561	1.8	-308.8091	0	0	0	1	0	0	0	-315	1.392916	-308.8091	
541.3257	COLLISION_NONE	NOT_SWITCH	NOT_RESET	NOT_WAYPOINT	-314.4638	1.8	-308.8967	0	0	0	1	0	0	0	-315	1.391763	-308.8967	
541.3458	COLLISION_NONE	NOT_SWITCH	NOT_RESET	NOT_WAYPOINT	-314.48	1.8	-309.0816	0	0	0	1	0	0	0	-315	1.389337	-309.0816	
541.3658	COLLISION_NONE	NOT_SWITCH	NOT_RESET	NOT_WAYPOINT	-314.4792	1.8	-309.0721	0	0	0	1	0	0	0	-315	1.389462	-309.0721	
541.3858	COLLISION_NONE	NOT_SWITCH	NOT_RESET	NOT_WAYPOINT	-314.4868	1.8	-309.1597	0	0	0	1	0	0	0	-315	1.388313	-309.1597	
541.4058	COLLISION_NONE	NOT_SWITCH	NOT_RESET	NOT_WAYPOINT	-314.5031	1.8	-309.3446	0	0	0	1	0	0	0	-315	1.385894	-309.3446	
541.4258	COLLISION_NONE	NOT_SWITCH	NOT_RESET	NOT_WAYPOINT	-314.5104	1.8	-309.4275	0	0	0	1	0	0	0	-315	1.384812	-309.4275	
541.4459	COLLISION_NONE	NOT_SWITCH	NOT_RESET	NOT_WAYPOINT	-314.5262	1.8	-309.6076	0	0	0	1	0	0	0	-315	1.382463	-309.6076	
541.4659	COLLISION_NONE	NOT_SWITCH	NOT_RESET	NOT_WAYPOINT	-314.525	1.8	-309.5933	0	0	0	1	0	0	0	-315	1.38265	-309.5933	
541.4859	COLLISION_NONE	NOT_SWITCH	NOT_RESET	NOT_WAYPOINT	-314.5323	1.8	-309.6761	0	0	0	1	0	0	0	-315	1.381571	-309.6761	
541.5059	COLLISION_NONE	NOT_SWITCH	NOT_RESET	NOT_WAYPOINT	-314.5481	1.8	-309.8563	0	0	0	1	0	0	0	-315	1.379229	-309.8563	
541.5259	COLLISION_NONE	NOT_SWITCH	NOT_RESET	NOT_WAYPOINT	-314.555	1.8	-309.9344	0	0	0	1	0	0	0	-315	1.378216	-309.9344	
541.546	COLLISION_NONE	WAIT_SWITCH	NOT_RESET	NOT_WAYPOINT	-315	1.8	-315	0	0	0	1	0	0	0	-315	1.314508	-315	
541.566	COLLISION_NONE	NOT_SWITCH	NOT_RESET	NOT_WAYPOINT	-315.024	1.8	-315.2726	0	0	0	1	0	0	0	-315	1.311192	-315.2726	
541.586	COLLISION_NONE	NOT_SWITCH	NOT_RESET	NOT_WAYPOINT	-315.0389	1.8	-315.4431	0	0	0	1	0	0	0	-315	1.309122	-315.4431	
541.606	COLLISION_NONE	NOT_SWITCH	NOT_RESET	NOT_WAYPOINT	-315.045	1.8	-315.5116	0	0	0	1	0	0	0	-315	1.308291	-315.5116	
541.626	COLLISION_NONE	NOT_SWITCH	NOT_RESET	NOT_WAYPOINT	-315.045	1.8	-315.5116	0	0	0	1	0	0	0	-315	1.308291	-315.5116	
541.6461	COLLISION_NONE	NOT_SWITCH	NOT_RESET	NOT_WAYPOINT	-315.045	1.8	-315.5116	0	0	0	1	0	0	0	-315	1.308291	-315.5116	
541.6661	COLLISION_NONE	CORRECT_SWITCH	NOT_RESET	NOT_WAYPOINT	-315.045	1.8	-315.5116	-0.003370347	-2.257102E-05	-7.607262E-08	0.9999943	0	0	0	-315	1.308291	-315.5116	
541.6861	COLLISION_NONE	NOT_SWITCH	NOT_RESET	NOT_WAYPOINT	-315.045	1.8	-315.5116	0.005829424	6.285401E-05	3.664089E-07	-0.999983	0	0	0	-315	1.308291	-315.5116	
541.7061	COLLISION_NONE	NOT_SWITCH	NOT_RESET	NOT_WAYPOINT	-315.045	1.8	-315.5116	0.00785141	0.0001176877	9.240431E-07	-0.9999692	0	0	0	-315	1.308291	-315.5116	
541.7261	COLLISION_NONE	NOT_SWITCH	NOT_RESET	NOT_WAYPOINT	-315.045	1.8	-315.5116	0.01134898	0.0002631097	2.986219E-06	-0.9999356	0	0	0	-315	1.308291	-315.5116	
541.7462	COLLISION_NONE	NOT_SWITCH	NOT_RESET	NOT_WAYPOINT	-315.045	1.8	-315.5116	0.01301277	0.0003515502	4.575029E-06	-0.9999153	0	0	0	-315	1.308291	-315.5116	
541.7662	COLLISION_NONE	NOT_SWITCH	NOT_RESET	NOT_WAYPOINT	-315.045	1.8	-315.5116	0.0146185	0.0004497604	6.575524E-06	-0.9998931	0	0	0	-315	1.308291	-315.5116	
541.7862	COLLISION_NONE	NOT_SWITCH	NOT_RESET	NOT_WAYPOINT	-315.045	1.8	-315.5116	0.01619094	0.0005584541	9.043083E-06	-0.9998688	0	0	0	-315	1.308291	-315.5116	
541.8062	COLLISION_NONE	NOT_SWITCH	NOT_RESET	NOT_WAYPOINT	-315.045	1.8	-315.5116	0.0177398	0.0006781067	1.203137E-05	-0.9998424	0	0	0	-315	1.308291	-315.5116	
541.8262	COLLISION_NONE	NOT_SWITCH	NOT_RESET	NOT_WAYPOINT	-315.045	1.8	-315.5116	0.02091935	0.000952663	1.993346E-05	-0.9997807	0	0	0	-315	1.308291	-315.5116	
541.8463	COLLISION_NONE	NOT_SWITCH	NOT_RESET	NOT_WAYPOINT	-315.045	1.8	-315.5116	0.02251144	0.001107324	2.49338E-05	-0.999746	0	0	0	-315	1.308291	-315.5116	
541.8663	COLLISION_NONE	NOT_SWITCH	NOT_RESET	NOT_WAYPOINT	-315.045	1.8	-315.5116	0.02409972	0.001274128	3.071507E-05	-0.9997088	0	0	0	-315	1.308291	-315.5116	
541.8863	COLLISION_NONE	NOT_SWITCH	NOT_RESET	NOT_WAYPOINT	-315.045	1.8	-315.5116	0.02571036	0.001452593	3.735908E-05	-0.9996684	0	0	0	-315	1.308291	-315.5116	
541.9063	COLLISION_NONE	NOT_SWITCH	NOT_RESET	NOT_WAYPOINT	-315.045	1.8	-315.5116	0.0273136	0.00164248	4.487885E-05	-0.9996256	0	0	0	-315	1.308291	-315.5116	
541.9263	COLLISION_NONE	NOT_SWITCH	NOT_RESET	NOT_WAYPOINT	-315.045	1.8	-315.5116	0.03052861	0.002056266	6.280436E-05	-0.9995318	0	0	0	-315	1.308291	-315.5116	
541.9464	COLLISION_NONE	NOT_SWITCH	NOT_RESET	NOT_WAYPOINT	-315.045	1.8	-315.5116	0.03212201	0.002279923	7.32737E-05	-0.9994814	0	0	0	-315	1.308291	-315.5116	
541.9664	COLLISION_NONE	NOT_SWITCH	NOT_RESET	NOT_WAYPOINT	-315.045	1.8	-315.5116	0.03371646	0.002514749	8.483694E-05	-0.9994283	0	0	0	-315	1.308291	-315.5116	
541.9864	COLLISION_NONE	NOT_SWITCH	NOT_RESET	NOT_WAYPOINT	-315.045	1.8	-315.5116	0.03528709	0.002760983	9.748813E-05	-0.9993734	0	0	0	-315	1.308291	-315.5116	
542.0064	COLLISION_NONE	NOT_SWITCH	NOT_RESET	NOT_WAYPOINT	-315.045	1.8	-315.5116	0.03526888	0.003007355	0.0001061326	-0.9993733	0	0	0	-315	1.308291	-315.5116	
542.0264	COLLISION_NONE	NOT_SWITCH	NOT_RESET	NOT_WAYPOINT	-315.045	1.8	-315.5116	0.03524103	0.003497001	0.0001233153	-0.9993727	0	0	0	-315	1.308291	-315.5116	
542.0464	COLLISION_NONE	NOT_SWITCH	NOT_RESET	NOT_WAYPOINT	-315.045	1.8	-315.5116	0.03522338	0.003741468	0.0001318699	-0.9993725	0	0	0	-315	1.308291	-315.5116	
542.0665	COLLISION_NONE	NOT_SWITCH	NOT_RESET	NOT_WAYPOINT	-315.045	1.8	-315.5116	0.03523193	0.003987122	0.0001405624	-0.9993712	0	0	0	-315	1.308291	-315.5116	
542.0865	COLLISION_NONE	NOT_SWITCH	NOT_RESET	NOT_WAYPOINT	-315.045	1.8	-315.5116	0.03522466	0.004233969	0.0001492341	-0.9993705	0	0	0	-315	1.308291	-315.5116	
542.1065	COLLISION_NONE	NOT_SWITCH	NOT_RESET	NOT_WAYPOINT	-315.045	1.8	-315.5116	0.03520399	0.00448201	0.0001578841	-0.9993701	0	0	0	-315	1.308291	-315.5116	
542.1265	COLLISION_NONE	NOT_SWITCH	NOT_RESET	NOT_WAYPOINT	-315.045	1.8	-315.5116	0.03520804	0.004980466	0.0001754634	-0.9993676	0	0	0	-315	1.308291	-315.5116	
542.1465	COLLISION_NONE	NOT_SWITCH	NOT_RESET	NOT_WAYPOINT	-315.045	1.8	-315.5116	0.03522954	0.005230405	0.0001843817	-0.9993656	0	0	0	-315	1.308291	-315.5116	
542.1666	COLLISION_NONE	NOT_SWITCH	NOT_RESET	NOT_WAYPOINT	-315.045	1.8	-315.5116	0.03528347	0.005480336	0.0001934887	-0.9993623	0	0	0	-315	1.308291	-315.5116	
542.1866	COLLISION_NONE	NOT_SWITCH	NOT_RESET	NOT_WAYPOINT	-315.045	1.8	-315.5116	0.03532191	0.00573027	0.0002025338	-0.9993595	0	0	0	-315	1.308291	-315.5116	
542.2066	COLLISION_NONE	NOT_SWITCH	NOT_RESET	NOT_WAYPOINT	-315.045	1.8	-315.5116	0.03532832	0.005979733	0.0002113897	-0.9993579	0	0	0	-315	1.308291	-315.5116	
542.2266	COLLISION_NONE	NOT_SWITCH	NOT_RESET	NOT_WAYPOINT	-315.045	1.8	-315.5116	0.03532442	0.006476516	0.0002289269	-0.9993549	0	0	0	-315	1.308291	-315.5116	
542.2466	COLLISION_NONE	NOT_SWITCH	NOT_RESET	NOT_WAYPOINT	-315.045	1.8	-315.5116	0.03528793	0.006723367	0.0002374069	-0.9993545	0	0	0	-315	1.308291	-315.5116	
542.2667	COLLISION_NONE	NOT_SWITCH	NOT_RESET	NOT_WAYPOINT	-315.045	1.8	-315.5116	0.03529395	0.006970208	0.0002461655	-0.9993526	0	0	0	-315	1.308291	-315.5116	
542.2867	COLLISION_NONE	NOT_SWITCH	NOT_RESET	NOT_WAYPOINT	-315.045	1.8	-315.5116	0.0259364	0.007218881	0.0001872997	-0.9996375	0	0	0	-315	1.308291	-315.5116	
542.3067	COLLISION_NONE	NOT_SWITCH	NOT_RESET	NOT_WAYPOINT	-315.045	1.8	-315.5116	-0.00235948	0.007495702	-1.76865E-05	-0.9999691	0	0	0	-315	1.308291	-315.5116	
542.3267	COLLISION_NONE	NOT_SWITCH	NOT_RESET	NOT_WAYPOINT	-315.045	1.8	-315.5116	-0.01531215	0.007205207	-0.000110343	-0.9998568	0	0	0	-315	1.308291	-315.5116	
542.3467	COLLISION_NONE	NOT_SWITCH	NOT_RESET	NOT_WAYPOINT	-315.045	1.8	-315.5116	-0.02677325	0.006608127	-0.0001769883	-0.9996197	0	0	0	-315	1.308291	-315.5116	
542.3668	COLLISION_NONE	NOT_SWITCH	NOT_RESET	NOT_WAYPOINT	-315.045	1.8	-315.5116	-0.03747586	0.005754597	-0.0002158137	-0.9992809	0	0	0	-315	1.308291	-315.5116	
542.3868	COLLISION_NONE	NOT_SWITCH	NOT_RESET	NOT_WAYPOINT	-315.045	1.8	-315.5116	-0.04780231	0.004669225	-0.0002234576	-0.9988459	0	0	0	-315	1.308291	-315.5116	
542.4068	COLLISION_NONE	NOT_SWITCH	NOT_RESET	NOT_WAYPOINT	-315.045	1.8	-315.5116	-0.06799608	0.001854083	-0.0001263631	-0.9976839	0	0	0	-315	1.308291	-315.5116	
542.4268	COLLISION_NONE	NOT_SWITCH	NOT_RESET	NOT_WAYPOINT	-315.045	1.8	-315.5116	-0.07797938	0.0002181146	-1.706039E-05	-0.996955	0	0	0	-315	1.308291	-315.5116	
542.4468	COLLISION_NONE	NOT_SWITCH	NOT_RESET	NOT_WAYPOINT	-315.045	1.8	-315.5116	0.08793145	0.001515611	-0.0001337882	0.9961254	0	0	0	-315	1.308291	-315.5116	
542.4669	COLLISION_NONE	NOT_SWITCH	NOT_RESET	NOT_WAYPOINT	-315.045	1.8	-315.5116	0.09786285	0.00329204	-0.0003237241	0.9951944	0	0	0	-315	1.308291	-315.5116	
542.4869	COLLISION_NONE	NOT_SWITCH	NOT_RESET	NOT_WAYPOINT	-315.045	1.8	-315.5116	0.1077891	0.004922607	-0.0005337196	0.9941615	0	0	0	-315	1.308291	-315.5116	
542.5069	COLLISION_NONE	NOT_SWITCH	NOT_RESET	NOT_WAYPOINT	-315.045	1.8	-315.5116	0.1276456	0.00800711	-0.001030536	0.991787	0	0	0	-315	1.308291	-315.5116	
542.5269	COLLISION_NONE	NOT_SWITCH	NOT_RESET	NOT_WAYPOINT	-315.045	1.8	-315.5116	0.1375416	0.009516457	-0.00132153	0.9904494	0	0	0	-315	1.308291	-315.5116	
542.5469	COLLISION_NONE	NOT_SWITCH	NOT_RESET	NOT_WAYPOINT	-315.045	1.8	-315.5116	0.1474229	0.01101941	-0.001642564	0.9890108	0	0	0	-315	1.308291	-315.5116	
542.567	COLLISION_NONE	NOT_SWITCH	NOT_RESET	NOT_WAYPOINT	-315.045	1.8	-315.5116	0.1572886	0.01252151	-0.001994479	0.9874713	0	0	0	-315	1.308291	-315.5116	
542.587	COLLISION_NONE	NOT_SWITCH	NOT_RESET	NOT_WAYPOINT	-315.045	1.8	-315.5116	0.1671264	0.01402489	-0.002377614	0.9858329	0	0	0	-315	1.308291	-315.5116	
542.607	COLLISION_NONE	NOT_SWITCH	NOT_RESET	NOT_WAYPOINT	-315.045	1.8	-315.5116	0.1789555	0.01706391	-0.003104267	0.9837043	0	0	0	-315	1.308291	-315.5116	
542.627	COLLISION_NONE	NOT_SWITCH	NOT_RESET	NOT_WAYPOINT	-315.045	1.8	-315.5116	0.1618444	0.01866076	-0.003061051	0.9866351	0	0	0	-315	1.308291	-315.5116	
542.647	COLLISION_NONE	NOT_SWITCH	NOT_RESET	NOT_WAYPOINT	-315.045	1.8	-315.5116	0.1468313	0.02012665	-0.002988234	0.9889523	0	0	0	-315	1.308291	-315.5116	
542.6671	COLLISION_NONE	NOT_SWITCH	NOT_RESET	NOT_WAYPOINT	-315.045	1.8	-315.5116	0.1343265	0.02138827	-0.002899976	0.990702	0	0	0	-315	1.308291	-315.5116	
542.6871	COLLISION_NONE	NOT_SWITCH	NOT_RESET	NOT_WAYPOINT	-315.045	1.8	-315.5116	0.1230963	0.02242477	-0.002782284	0.9921374	0	0	0	-315	1.308291	-315.5116	
542.7071	COLLISION_NONE	NOT_SWITCH	NOT_RESET	NOT_WAYPOINT	-315.045	1.8	-315.5116	0.1341943	0.02429138	-0.003290524	0.9906518	0	0	0	-315	1.308291	-315.5116	
542.7271	COLLISION_NONE	NOT_SWITCH	NOT_RESET	NOT_WAYPOINT	-315.045	1.8	-315.5116	0.1376151	0.02490967	-0.003461991	0.9901665	0	0	0	-315	1.308291	-315.5116	
542.7471	COLLISION_NONE	NOT_SWITCH	NOT_RESET	NOT_WAYPOINT	-315.045	1.8	-315.5116	0.1393251	0.02517468	-0.003543179	0.9899203	0	0	0	-315	1.308291	-315.5116	
542.7672	COLLISION_NONE	NOT_SWITCH	NOT_RESET	NOT_WAYPOINT	-315.045	1.8	-315.5116	0.1401806	0.02509977	-0.003554755	0.9898014	0	0	0	-315	1.308291	-315.5116	
542.7872	COLLISION_NONE	NOT_SWITCH	NOT_RESET	NOT_WAYPOINT	-315.045	1.8	-315.5116	0.1406094	0.02475011	-0.003516142	0.9897495	0	0	0	-315	1.308291	-315.5116	
542.8072	COLLISION_NONE	NOT_SWITCH	NOT_RESET	NOT_WAYPOINT	-315.045	1.8	-315.5116	0.1409344	0.02352016	-0.003349183	0.9897339	0	0	0	-315	1.308291	-315.5116	
542.8272	COLLISION_NONE	NOT_SWITCH	NOT_RESET	NOT_WAYPOINT	-315.045	1.8	-315.5116	0.1409904	0.02276183	-0.003242453	0.9897439	0	0	0	-315	1.308291	-315.5116	
542.8472	COLLISION_NONE	NOT_SWITCH	NOT_RESET	NOT_WAYPOINT	-315.045	1.8	-315.5116	0.1410198	0.02191247	-0.003122065	0.9897593	0	0	0	-315	1.308291	-315.5116	
542.8672	COLLISION_NONE	NOT_SWITCH	NOT_RESET	NOT_WAYPOINT	-315.045	1.8	-315.5116	0.1410362	0.02095326	-0.002985687	0.9897782	0	0	0	-315	1.308291	-315.5116	
542.8873	COLLISION_NONE	NOT_SWITCH	NOT_RESET	NOT_WAYPOINT	-315.045	1.8	-315.5116	0.1410531	0.01852508	-0.00263988	0.9898252	0	0	0	-315	1.308291	-315.5116	
542.9073	COLLISION_NONE	NOT_SWITCH	NOT_RESET	NOT_WAYPOINT	-315.045	1.8	-315.5116	0.1410588	0.01693894	-0.002413879	0.9898534	0	0	0	-315	1.308291	-315.5116	
542.9273	COLLISION_NONE	NOT_SWITCH	NOT_RESET	NOT_WAYPOINT	-315.0397	1.755236	-315.3578	0.1410638	0.01512562	-0.002155486	0.9898826	0	0	0	-315	1.310156	-315.3578	
542.9473	COLLISION_NONE	NOT_SWITCH	NOT_RESET	NOT_WAYPOINT	-315.0291	1.749648	-315.0128	0.1427162	0.01309921	-0.001888973	0.9896752	0	0	0	-315	1.314353	-315.0128	
542.9673	COLLISION_NONE	NOT_SWITCH	NOT_RESET	NOT_WAYPOINT	-315.0086	1.747557	-314.2401	0.1526741	0.01085644	-0.001677263	0.9882156	0	0	0	-315	1.323814	-314.2401	
542.9874	COLLISION_NONE	NOT_SWITCH	NOT_RESET	NOT_WAYPOINT	-314.9808	1.741022	-312.9805	0.1725419	0.005753629	-0.001007876	0.9849849	0	0	0	-315	1.339432	-312.9805	
543.0074	COLLISION_NONE	NOT_SWITCH	NOT_RESET	NOT_WAYPOINT	-314.9615	1.726279	-311.3318	0.1824385	0.002893665	-0.0005369295	0.9832129	0	0	0	-315	1.360243	-311.3318	
543.0274	COLLISION_NONE	NOT_SWITCH	NOT_RESET	NOT_WAYPOINT	-314.9479	1.716025	-309.7829	-0.1853486	0.000269579	-5.084712E-05	-0.9826728	0	0	0	-315	1.380183	-309.7829	
543.0474	COLLISION_NONE	NOT_SWITCH	NOT_RESET	NOT_WAYPOINT	-314.9435	1.711748	-308.305	-0.1853473	0.003731167	-0.0007037608	-0.9826658	0	0	0	-315	1.399567	-308.305	
543.0674	COLLISION_NONE	NOT_SWITCH	NOT_RESET	NOT_WAYPOINT	-314.9497	1.710893	-306.861	-0.1853434	0.007389037	-0.001393697	-0.9826451	0	0	0	-315	1.418855	-306.861	
543.0875	COLLISION_NONE	NOT_SWITCH	NOT_RESET	NOT_WAYPOINT	-314.9669	1.710722	-305.4294	-0.1853267	0.01509493	-0.002847157	-0.9825569	0	0	0	-315	1.438323	-305.4294	
543.1075	COLLISION_NONE	NOT_SWITCH	NOT_RESET	NOT_WAYPOINT	-315.0101	1.710688	-304.0067	-0.1853136	0.0191086	-0.003604203	-0.982487	0	0	0	-315	1.458021	-304.0067	
543.1275	COLLISION_NONE	NOT_SWITCH	NOT_RESET	NOT_WAYPOINT	-315.0622	1.710681	-302.5828	-0.1852968	0.02322923	-0.004381423	-0.9823983	0	0	0	-315	1.478089	-302.5828	
543.1475	COLLISION_NONE	NOT_SWITCH	NOT_RESET	NOT_WAYPOINT	-315.1255	1.71068	-301.159	-0.1645775	0.02713736	-0.004529702	-0.9859804	0	0	0	-315	1.498521	-301.159	
543.1675	COLLISION_NONE	NOT_SWITCH	NOT_RESET	NOT_WAYPOINT	-315.2029	1.725755	-299.6898	-0.1492852	0.03077466	-0.004648571	-0.9883043	0	0	0	-315	1.519995	-299.6898	
543.1876	COLLISION_NONE	NOT_SWITCH	NOT_RESET	NOT_WAYPOINT	-315.2943	1.738751	-298.166	-0.1254511	0.03753124	-0.00474928	-0.9913783	0	0	0	-315	1.542695	-298.166	
543.2076	COLLISION_NONE	NOT_SWITCH	NOT_RESET	NOT_WAYPOINT	-315.4199	1.754968	-296.5251	-0.1148555	0.04068608	-0.004708153	-0.9925376	0	0	0	-315	1.567641	-296.5251	
543.2276	COLLISION_NONE	NOT_SWITCH	NOT_RESET	NOT_WAYPOINT	-315.5528	1.763509	-294.8689	-0.1045758	0.04366084	-0.004595522	-0.9935474	0	0	0	-315	1.593358	-294.8689	
543.2476	COLLISION_NONE	NOT_SWITCH	NOT_RESET	NOT_WAYPOINT	-315.697	1.769911	-293.1862	-0.09444431	0.04642925	-0.004409508	-0.9944371	0	0	0	-315	1.620057	-293.1862	
543.2676	COLLISION_NONE	NOT_SWITCH	NOT_RESET	NOT_WAYPOINT	-315.8531	1.775389	-291.4737	-0.08444943	0.04899381	-0.004157397	-0.9952139	0	0	0	-315	1.647834	-291.4737	
543.2877	COLLISION_NONE	NOT_SWITCH	NOT_RESET	NOT_WAYPOINT	-316.021	1.780208	-289.7311	-0.06461774	0.0535238	-0.003470847	-0.9964676	0	0	0	-315	1.676742	-289.7311	
543.3077	COLLISION_NONE	NOT_SWITCH	NOT_RESET	NOT_WAYPOINT	-316.2189	1.787332	-287.9092	-0.05472374	0.05549195	-0.003046006	-0.9969537	0	0	0	-315	1.707681	-287.9092	
543.3277	COLLISION_NONE	NOT_SWITCH	NOT_RESET	NOT_WAYPOINT	-316.4218	1.791218	-286.0738	-0.04482214	0.05726441	-0.002573536	-0.9973491	0	0	0	-315	1.739611	-286.0738	
543.3477	COLLISION_NONE	NOT_SWITCH	NOT_RESET	NOT_WAYPOINT	-316.6331	1.794051	-284.2152	-0.03491605	0.05884162	-0.002059347	-0.9976544	0	0	0	-315	1.772744	-284.2152	
543.3677	COLLISION_NONE	NOT_SWITCH	NOT_RESET	NOT_WAYPOINT	-316.8535	1.796266	-282.3304	-0.02503163	0.06022502	-0.001510749	-0.9978698	0	0	0	-315	1.807193	-282.3304	
543.3878	COLLISION_NONE	NOT_SWITCH	NOT_RESET	NOT_WAYPOINT	-317.0829	1.797945	-280.4187	0.006123318	0.0624088	0.0003829026	-0.9980319	0	0	0	-315	1.843035	-280.4187	
543.4078	COLLISION_NONE	NOT_SWITCH	NOT_RESET	NOT_WAYPOINT	-317.341	1.799511	-278.3988	0.02521988	0.06319072	0.001597366	-0.9976815	0	0	0	-315	1.881923	-278.3988	
543.4278	COLLISION_NONE	NOT_SWITCH	NOT_RESET	NOT_WAYPOINT	-317.5971	1.834201	-276.3914	0.04259599	0.06376781	0.002724285	-0.9970516	0	0	0	-315	1.921638	-276.3914	
543.4478	COLLISION_NONE	NOT_SWITCH	NOT_RESET	NOT_WAYPOINT	-317.8528	1.892203	-274.3894	0.05910433	0.06414288	0.003805653	-0.9961817	0	0	0	-315	1.962345	-274.3894	
543.4678	COLLISION_NONE	NOT_SWITCH	NOT_RESET	NOT_WAYPOINT	-318.1084	1.969041	-272.3907	0.08109681	0.0645333	0.005261853	-0.994601	0	0	0	-315	2.004114	-272.3907	
543.4879	COLLISION_NONE	NOT_SWITCH	NOT_RESET	NOT_WAYPOINT	-318.3639	2.078149	-270.3976	0.0869256	0.06475115	0.005661982	-0.9940922	0	0	0	-315	2.046933	-270.3976	
543.5079	COLLISION_NONE	NOT_SWITCH	NOT_RESET	NOT_WAYPOINT	-318.6193	2.19953	-268.4064	0.09269794	0.06496921	0.006061586	-0.9935539	0	0	0	-315	2.090907	-268.4064	
543.5279	COLLISION_NONE	NOT_SWITCH	NOT_RESET	NOT_WAYPOINT	-318.8748	2.331853	-266.4172	0.09844034	0.06518638	0.006462305	-0.9929847	0	0	0	-315	2.136078	-266.4172	
543.5479	COLLISION_NONE	NOT_SWITCH	NOT_RESET	NOT_WAYPOINT	-319.1303	2.473977	-264.4296	0.1041545	0.06540197	0.006864185	-0.9923847	0	0	0	-315	2.182489	-264.4296	
543.5679	COLLISION_NONE	NOT_SWITCH	NOT_RESET	NOT_WAYPOINT	-319.3859	2.624909	-262.4436	0.1155223	0.06583267	0.007673502	-0.9910912	0	0	0	-315	2.230185	-262.4436	
543.588	COLLISION_NONE	NOT_SWITCH	NOT_RESET	NOT_WAYPOINT	-319.6416	2.791698	-260.4605	0.1212133	0.06604772	0.008083516	-0.9903937	0	0	0	-315	2.279175	-260.4605	
543.608	COLLISION_NONE	NOT_SWITCH	NOT_RESET	NOT_WAYPOINT	-319.8973	2.964854	-258.4786	0.1269221	0.0662626	0.008498052	-0.9896604	0	0	0	-315	2.329545	-258.4786	
543.628	COLLISION_NONE	NOT_SWITCH	NOT_RESET	NOT_WAYPOINT	-320.153	3.143744	-256.4978	0.1326259	0.06647797	0.00891572	-0.9888941	0	0	0	-315	2.381342	-256.4978	
543.648	COLLISION_NONE	NOT_SWITCH	NOT_RESET	NOT_WAYPOINT	-320.4088	3.32779	-254.518	0.1383356	0.06669413	0.009337354	-0.9880931	0	0	0	-315	2.434619	-254.518	
543.668	COLLISION_NONE	NOT_SWITCH	NOT_RESET	NOT_WAYPOINT	-320.6646	3.516462	-252.5391	0.1497444	0.06669019	0.01012396	-0.9864211	0	0	0	-315	2.489429	-252.5391	
543.688	COLLISION_NONE	NOT_SWITCH	NOT_RESET	NOT_WAYPOINT	-320.9204	3.713406	-250.562	0.155455	0.06646457	0.01048375	-0.9855487	0	0	0	-315	2.545801	-250.562	
543.7081	COLLISION_NONE	NOT_SWITCH	NOT_RESET	NOT_WAYPOINT	-321.1763	3.913581	-248.5856	0.1611955	0.06607889	0.01081769	-0.9846485	0	0	0	-315	2.603821	-248.5856	
543.7281	COLLISION_NONE	NOT_SWITCH	NOT_RESET	NOT_WAYPOINT	-321.4321	4.116617	-246.6098	0.1615659	0.06552134	0.01075131	-0.9846258	0	0	0	-315	2.663546	-246.6098	
543.7481	COLLISION_NONE	NOT_SWITCH	NOT_RESET	NOT_WAYPOINT	-321.6879	4.322176	-244.6346	0.1615744	0.06473256	0.01062188	-0.9846779	0	0	0	-315	2.72504	-244.6346	
543.7681	COLLISION_NONE	NOT_SWITCH	NOT_RESET	NOT_WAYPOINT	-321.9437	4.529963	-242.6599	0.149827	0.06313854	0.009587876	-0.9866476	0	0	0	-315	2.788371	-242.6599	
543.7881	COLLISION_NONE	NOT_SWITCH	NOT_RESET	NOT_WAYPOINT	-322.1993	4.741698	-240.686	0.1411724	0.06254587	0.008937293	-0.9879669	0	0	0	-315	2.853589	-240.686	
543.8082	COLLISION_NONE	NOT_SWITCH	NOT_RESET	NOT_WAYPOINT	-322.4549	4.954985	-238.7125	0.1341479	0.06198111	0.008407239	-0.9889854	0	0	0	-315	2.920783	-238.7125	
543.8282	COLLISION_NONE	NOT_SWITCH	NOT_RESET	NOT_WAYPOINT	-322.7104	5.16968	-236.7392	0.127936	0.06143046	0.007939784	-0.9898463	0	0	0	-315	2.990026	-236.7392	
543.8482	COLLISION_NONE	NOT_SWITCH	NOT_RESET	NOT_WAYPOINT	-322.9659	5.385664	-234.7661	0.122147	0.06088542	0.007507431	-0.9906144	0	0	0	-315	3.061394	-234.7661	
543.8682	COLLISION_NONE	NOT_SWITCH	NOT_RESET	NOT_WAYPOINT	-323.2213	5.602837	-232.7933	0.1110879	0.05979666	0.006696338	-0.9919874	0	0	0	-315	3.134967	-232.7933	
543.8882	COLLISION_NONE	NOT_SWITCH	NOT_RESET	NOT_WAYPOINT	-323.4765	5.822215	-230.8208	0.1056969	0.05925002	0.00630916	-0.9926116	0	0	0	-315	3.21082	-230.8208	
543.9083	COLLISION_NONE	NOT_SWITCH	NOT_RESET	NOT_WAYPOINT	-323.7315	6.042554	-228.8485	0.1002968	0.05851934	0.005909382	-0.9932176	0	0	0	-315	3.289047	-228.8485	
543.9283	COLLISION_NONE	NOT_SWITCH	NOT_RESET	NOT_WAYPOINT	-323.9865	6.263797	-226.8763	0.09491433	0.0574348	0.005485329	-0.9938121	0	0	0	-315	3.369737	-226.8763	
543.9483	COLLISION_NONE	NOT_SWITCH	NOT_RESET	NOT_WAYPOINT	-324.2413	6.485896	-224.9042	0.08957054	0.05603846	0.005047713	-0.99439	0	0	0	-315	3.452983	-224.9042	
543.9683	COLLISION_NONE	NOT_SWITCH	NOT_RESET	NOT_WAYPOINT	-324.4958	6.7088	-222.9322	0.07889267	0.05249004	0.004159834	-0.9954916	0	0	0	-315	3.538885	-222.9322	
543.9883	COLLISION_NONE	NOT_SWITCH	NOT_RESET	NOT_WAYPOINT	-324.6875	7.0223	-221.0897	0.07347485	0.0504463	0.00372137	-0.9960135	0	0	0	-315	3.621642	-221.0897	
544.0084	COLLISION_NONE	NOT_SWITCH	NOT_RESET	NOT_WAYPOINT	-324.8671	7.28834	-219.3248	0.06819765	0.04826994	0.003303465	-0.996498	0	0	0	-315	3.703246	-219.3248	
544.0284	COLLISION_NONE	NOT_SWITCH	NOT_RESET	NOT_WAYPOINT	-325.0199	7.505816	-217.7522	0.06275427	0.04598367	0.002894456	-0.9969649	0	0	0	-315	3.777959	-217.7522	
544.0484	COLLISION_NONE	NOT_SWITCH	NOT_RESET	NOT_WAYPOINT	-325.1489	7.684514	-216.3742	0.05739918	0.04360312	0.002509319	-0.9973955	0	0	0	-315	3.845011	-216.3742	
544.0684	COLLISION_NONE	NOT_SWITCH	NOT_RESET	NOT_WAYPOINT	-325.257	7.8276	-215.1412	0.04676705	0.03870555	0.001813492	-0.998154	0	0	0	-315	3.906303	-215.1412	
544.0884	COLLISION_NONE	NOT_SWITCH	NOT_RESET	NOT_WAYPOINT	-325.3358	7.917553	-214.0529	0.04141138	0.03618454	0.001500724	-0.9984856	0	0	0	-315	3.961446	-214.0529	
544.1085	COLLISION_NONE	NOT_SWITCH	NOT_RESET	NOT_WAYPOINT	-325.4214	8.015814	-212.8735	0.04172318	0.03344727	0.001397527	-0.9985682	0	0	0	-315	4.022332	-212.8735	
544.1285	COLLISION_NONE	NOT_SWITCH	NOT_RESET	NOT_WAYPOINT	-325.5044	8.119614	-211.6362	0.04201727	0.03050102	0.001283302	-0.9986504	0	0	0	-315	4.087488	-211.6362	
544.1485	COLLISION_NONE	NOT_SWITCH	NOT_RESET	NOT_WAYPOINT	-325.5907	8.238795	-210.225	0.04236345	0.02398313	0.001017215	-0.9988139	0	0	0	-315	4.163457	-210.225	
544.1685	COLLISION_NONE	NOT_SWITCH	NOT_RESET	NOT_WAYPOINT	-325.6802	8.411879	-208.1962	0.04251436	0.02041272	0.0008688008	-0.9988869	0	0	0	-315	4.275855	-208.1962	
544.1885	COLLISION_NONE	NOT_SWITCH	NOT_RESET	NOT_WAYPOINT	-325.7617	8.581861	-206.2045	0.04262938	0.01663587	0.0007099208	-0.9989522	0	0	0	-315	4.389967	-206.2045	
544.2086	COLLISION_NONE	NOT_SWITCH	NOT_RESET	NOT_WAYPOINT	-325.8427	8.751859	-204.2129	0.05017835	0.01264865	0.0006355402	-0.99866	0	0	0	-315	4.507975	-204.2129	
544.2286	COLLISION_NONE	NOT_SWITCH	NOT_RESET	NOT_WAYPOINT	-325.9233	8.922218	-202.2213	0.05963743	0.008450986	0.0005049119	-0.9981842	0	0	0	-315	4.630026	-202.2213	
544.2486	COLLISION_NONE	NOT_SWITCH	NOT_RESET	NOT_WAYPOINT	-326.0037	9.09299	-200.2297	-0.07351419	0.000217488	1.603183E-05	0.9972942	0	0	0	-315	4.756288	-200.2297	
544.2686	COLLISION_NONE	NOT_SWITCH	NOT_RESET	NOT_WAYPOINT	-326.0835	9.264575	-198.2382	-0.07941505	0.004567059	0.0003638462	0.9968311	0	0	0	-315	4.886926	-198.2382	
544.2886	COLLISION_NONE	NOT_SWITCH	NOT_RESET	NOT_WAYPOINT	-326.163	9.436535	-196.2468	-0.08503876	0.008920437	0.0007613715	0.9963374	0	0	0	-315	5.022117	-196.2468	
544.3087	COLLISION_NONE	NOT_SWITCH	NOT_RESET	NOT_WAYPOINT	-326.2423	9.60885	-194.2554	-0.09054327	0.01327747	0.001207252	0.9958033	0	0	0	-315	5.162049	-194.2554	
544.3287	COLLISION_NONE	NOT_SWITCH	NOT_RESET	NOT_WAYPOINT	-326.3214	9.781498	-192.264	-0.09600302	0.01763811	0.001701439	0.9952233	0	0	0	-315	5.30691	-192.264	
544.3487	COLLISION_NONE	NOT_SWITCH	NOT_RESET	NOT_WAYPOINT	-326.4003	9.954458	-190.2727	-0.1067642	0.02637039	0.002832606	0.9939306	0	0	0	-315	5.456903	-190.2727	
544.3687	COLLISION_NONE	NOT_SWITCH	NOT_RESET	NOT_WAYPOINT	-326.4787	10.128	-188.2815	-0.1121175	0.03074208	0.003470277	0.9932132	0	0	0	-315	5.612234	-188.2815	
544.3887	COLLISION_NONE	NOT_SWITCH	NOT_RESET	NOT_WAYPOINT	-326.5569	10.30178	-186.2903	-0.1174371	0.03511762	0.004155481	0.9924505	0	0	0	-315	5.773122	-186.2903	
544.4088	COLLISION_NONE	NOT_SWITCH	NOT_RESET	NOT_WAYPOINT	-326.635	10.47579	-184.2992	-0.1227358	0.039497	0.004888561	0.9916411	0	0	0	-315	5.939797	-184.2992	
544.4288	COLLISION_NONE	NOT_SWITCH	NOT_RESET	NOT_WAYPOINT	-326.713	10.65	-182.3081	-0.1280372	0.04388016	0.005670564	0.990782	0	0	0	-315	6.112495	-182.3081	
544.4488	COLLISION_NONE	NOT_SWITCH	NOT_RESET	NOT_WAYPOINT	-326.7908	10.82439	-180.317	-0.1385902	0.05265851	0.007379708	0.9889213	0	0	0	-315	6.291463	-180.317	
544.4688	COLLISION_NONE	NOT_SWITCH	NOT_RESET	NOT_WAYPOINT	-326.8684	10.9991	-178.326	-0.1438753	0.05705358	0.008309017	0.9879149	0	0	0	-315	6.476951	-178.326	
544.4888	COLLISION_NONE	NOT_SWITCH	NOT_RESET	NOT_WAYPOINT	-326.9459	11.17393	-176.3351	-0.1491618	0.06145272	0.00928847	0.9868577	0	0	0	-315	6.669233	-176.3351	
544.5089	COLLISION_NONE	NOT_SWITCH	NOT_RESET	NOT_WAYPOINT	-327.0233	11.34887	-174.3441	-0.1544264	0.06585625	0.01031693	0.9857531	0	0	0	-315	6.868587	-174.3441	
544.5289	COLLISION_NONE	NOT_SWITCH	NOT_RESET	NOT_WAYPOINT	-327.1006	11.52391	-172.3532	-0.1596943	0.0700116	0.01135515	0.9846153	0	0	0	-315	7.075299	-172.3532	
544.5489	COLLISION_NONE	NOT_SWITCH	NOT_RESET	NOT_WAYPOINT	-327.1779	11.69902	-170.3623	-0.1614336	0.0766805	0.0125824	0.9838196	0	0	0	-315	7.289674	-170.3623	
544.5689	COLLISION_NONE	NOT_SWITCH	NOT_RESET	NOT_WAYPOINT	-327.255	11.87427	-168.3714	-0.1613999	0.07927389	0.01300794	0.983614	0	0	0	-315	7.512017	-168.3714	
544.5889	COLLISION_NONE	NOT_SWITCH	NOT_RESET	NOT_WAYPOINT	-327.3321	12.04957	-166.3805	-0.1613709	0.08143585	0.0133627	0.9834374	0	0	0	-315	7.742657	-166.3805	
544.6089	COLLISION_NONE	NOT_SWITCH	NOT_RESET	NOT_WAYPOINT	-327.4092	12.2249	-164.3897	-0.1613467	0.08319502	0.01365136	0.9832901	0	0	0	-315	7.981929	-164.3897	
544.629	COLLISION_NONE	NOT_SWITCH	NOT_RESET	NOT_WAYPOINT	-327.4863	12.40027	-162.3988	-0.1613274	0.08457598	0.01387796	0.9831723	0	0	0	-315	8.230179	-162.3988	
544.649	COLLISION_NONE	NOT_SWITCH	NOT_RESET	NOT_WAYPOINT	-327.5633	12.57566	-160.408	-0.161304	0.0862193	0.01414761	0.9830295	0	0	0	-315	8.487764	-160.408	
544.669	COLLISION_NONE	NOT_SWITCH	NOT_RESET	NOT_WAYPOINT	-327.6403	12.7511	-158.4172	-0.1613001	0.08648514	0.01419123	0.9830062	0	0	0	-315	8.755062	-158.4172	
544.689	COLLISION_NONE	NOT_SWITCH	NOT_RESET	NOT_WAYPOINT	-327.7173	12.92655	-156.4264	-0.1613016	0.08638141	0.01417421	0.9830154	0	0	0	-315	9.032449	-156.4264	
544.709	COLLISION_NONE	NOT_SWITCH	NOT_RESET	NOT_WAYPOINT	-327.7942	13.10202	-154.4356	-0.1613084	0.08590837	0.01409659	0.9830568	0	0	0	-315	9.320323	-154.4356	
544.7291	COLLISION_NONE	NOT_SWITCH	NOT_RESET	NOT_WAYPOINT	-327.8712	13.2775	-152.4447	-0.1613381	0.08381681	0.01375339	0.9832373	0	0	0	-315	9.619094	-152.4447	
544.7491	COLLISION_NONE	NOT_SWITCH	NOT_RESET	NOT_WAYPOINT	-327.9481	13.453	-150.4539	-0.1613605	0.08219472	0.01348722	0.9833743	0	0	0	-315	9.929176	-150.4539	
544.7691	COLLISION_NONE	NOT_SWITCH	NOT_RESET	NOT_WAYPOINT	-328.0251	13.6285	-148.4631	-0.1613877	0.08019158	0.01315853	0.9835396	0	0	0	-315	10.25099	-148.4631	
544.7891	COLLISION_NONE	NOT_SWITCH	NOT_RESET	NOT_WAYPOINT	-328.102	13.80402	-146.4723	-0.1614189	0.07781837	0.01276911	0.9837303	0	0	0	-315	10.58499	-146.4724	
544.8091	COLLISION_NONE	NOT_SWITCH	NOT_RESET	NOT_WAYPOINT	-328.1789	13.97953	-144.4815	-0.1287357	0.07610116	0.009908859	0.988705	0	0	0	-315	10.93161	-144.4815	
544.8292	COLLISION_NONE	NOT_SWITCH	NOT_RESET	NOT_WAYPOINT	-328.2559	14.15505	-142.4907	-0.1289035	0.07106636	0.009261992	0.989064	0	0	0	-315	11.2913	-142.4907	
544.8492	COLLISION_NONE	NOT_SWITCH	NOT_RESET	NOT_WAYPOINT	-328.3328	14.33057	-140.4999	-0.1231697	0.06844112	0.008515145	0.9899861	0	0	0	-315	11.66454	-140.4999	
544.8692	COLLISION_NONE	NOT_SWITCH	NOT_RESET	NOT_WAYPOINT	-328.4097	14.5061	-138.5091	-0.1176664	0.06592329	0.007828733	0.9908317	0	0	0	-315	12.05179	-138.5091	
544.8892	COLLISION_NONE	NOT_SWITCH	NOT_RESET	NOT_WAYPOINT	-328.4866	14.68163	-136.5183	-0.1122508	0.06355547	0.00719445	0.9916192	0	0	0	-315	12.45351	-136.5183	
544.9092	COLLISION_NONE	NOT_SWITCH	NOT_RESET	NOT_WAYPOINT	-328.5635	14.85716	-134.5275	-0.106872	0.06134079	0.006606103	0.9923568	0	0	0	-315	12.87018	-134.5275	
544.9293	COLLISION_NONE	NOT_SWITCH	NOT_RESET	NOT_WAYPOINT	-328.6404	15.03269	-132.5367	-0.09617587	0.05738053	0.005553646	0.9936935	0	0	0	-315	13.30227	-132.5367	
544.9493	COLLISION_NONE	NOT_SWITCH	NOT_RESET	NOT_WAYPOINT	-328.7173	15.20823	-130.5459	-0.09089832	0.05562855	0.005085569	0.9942923	0	0	0	-315	13.75025	-130.5459	
544.9693	COLLISION_NONE	NOT_SWITCH	NOT_RESET	NOT_WAYPOINT	-328.7942	15.38376	-128.5551	-0.08565393	0.0540242	0.004651347	0.9948483	0	0	0	-315	14.21456	-128.5551	
544.9893	COLLISION_NONE	NOT_SWITCH	NOT_RESET	NOT_WAYPOINT	-328.8711	15.5593	-126.5643	-0.08038852	0.0525634	0.004245159	0.9953677	0	0	0	-315	14.69567	-126.5643	
545.0093	COLLISION_NONE	NOT_SWITCH	NOT_RESET	NOT_WAYPOINT	-328.948	15.73484	-124.5735	-0.07503974	0.05124547	0.003861451	0.9958555	0	0	0	-315	15.194	-124.5735	
545.0294	COLLISION_NONE	NOT_SWITCH	NOT_RESET	NOT_WAYPOINT	-329.0249	15.91037	-122.5827	-0.06428016	0.04903606	0.003162414	0.9967214	0	0	0	-315	15.70997	-122.5827	
545.0494	COLLISION_NONE	NOT_SWITCH	NOT_RESET	NOT_WAYPOINT	-329.1018	16.08591	-120.5919	-0.05892182	0.04814811	0.002845234	0.9970968	0	0	0	-315	16.24397	-120.5919	
545.0694	COLLISION_NONE	NOT_SWITCH	NOT_RESET	NOT_WAYPOINT	-329.1787	16.26145	-118.6012	-0.05361117	0.04741082	0.002548292	0.9974325	0	0	0	-315	16.79634	-118.6012	
545.0894	COLLISION_NONE	NOT_SWITCH	NOT_RESET	NOT_WAYPOINT	-329.2556	16.43699	-116.6104	-0.04828752	0.04682503	0.002266203	0.9977328	0	0	0	-315	17.36743	-116.6104	
545.1094	COLLISION_NONE	NOT_SWITCH	NOT_RESET	NOT_WAYPOINT	-329.3325	16.61253	-114.6196	-0.04300505	0.04639098	0.001999054	0.9979953	0	0	0	-315	17.9575	-114.6196	
545.1295	COLLISION_NONE	NOT_SWITCH	NOT_RESET	NOT_WAYPOINT	-329.4094	16.78807	-112.6288	-0.04809254	0.04563384	0.002199492	0.9977975	0	0	0	-315	18.56678	-112.6288	
545.1495	COLLISION_NONE	NOT_SWITCH	NOT_RESET	NOT_WAYPOINT	-329.4863	16.96361	-110.638	-0.04393426	0.04526418	0.001992621	0.9980065	0	0	0	-315	19.19544	-110.6379	
545.1695	COLLISION_NONE	NOT_SWITCH	NOT_RESET	NOT_WAYPOINT	-329.5632	17.13915	-108.6472	-0.0439701	0.04488507	0.001977512	0.9980221	0	0	0	-315	19.84358	-108.6472	
545.1895	COLLISION_NONE	NOT_SWITCH	NOT_RESET	NOT_WAYPOINT	-329.6401	17.31469	-106.6564	-0.04401102	0.04450332	0.001962488	0.9980374	0	0	0	-315	20.51123	-106.6564	
545.2095	COLLISION_NONE	NOT_SWITCH	NOT_RESET	NOT_WAYPOINT	-329.717	17.49022	-104.6656	-0.044073	0.04411816	0.001948215	0.9980518	0	0	0	-315	21.19833	-104.6656	
545.2296	COLLISION_NONE	NOT_SWITCH	NOT_RESET	NOT_WAYPOINT	-329.7939	17.66576	-102.6748	-0.04427567	0.04333854	0.00192254	0.998077	0	0	0	-315	21.90472	-102.6748	
545.2496	COLLISION_NONE	NOT_SWITCH	NOT_RESET	NOT_WAYPOINT	-329.8708	17.8413	-100.684	-0.04436615	0.04294397	0.001908904	0.9980901	0	0	0	-315	22.63014	-100.684	
545.2696	COLLISION_NONE	NOT_SWITCH	NOT_RESET	NOT_WAYPOINT	-329.9477	18.01684	-98.69316	-0.04442127	0.04254492	0.001893488	0.9981048	0	0	0	-315	23.3742	-98.69316	
545.2896	COLLISION_NONE	NOT_SWITCH	NOT_RESET	NOT_WAYPOINT	-330.0246	18.19238	-96.70236	-0.04446071	0.04214151	0.00187717	0.9981202	0	0	0	-315	24.13642	-96.70236	
545.3096	COLLISION_NONE	NOT_SWITCH	NOT_RESET	NOT_WAYPOINT	-330.1014	18.36792	-94.71156	-0.04450544	0.04173461	0.001860887	0.9981353	0	0	0	-315	24.91614	-94.71156	
545.3297	COLLISION_NONE	NOT_SWITCH	NOT_RESET	NOT_WAYPOINT	-330.1783	18.54346	-92.72076	-0.05570256	0.04193767	0.002341741	0.9975635	0	0	0	-315	25.71259	-92.72076	
545.3497	COLLISION_NONE	NOT_SWITCH	NOT_RESET	NOT_WAYPOINT	-330.2552	18.719	-90.72997	-0.06397936	0.04249671	0.002726978	0.9970422	0	0	0	-315	26.52481	-90.72997	
545.3697	COLLISION_NONE	NOT_SWITCH	NOT_RESET	NOT_WAYPOINT	-330.3321	18.89454	-88.73917	-0.07080809	0.04330845	0.003077222	0.9965446	0	0	0	-315	27.35172	-88.73917	
545.3897	COLLISION_NONE	NOT_SWITCH	NOT_RESET	NOT_WAYPOINT	-330.4089	19.07008	-86.74837	-0.07688832	0.04435456	0.003423883	0.9960468	0	0	0	-315	28.19204	-86.74837	
545.4097	COLLISION_NONE	NOT_SWITCH	NOT_RESET	NOT_WAYPOINT	-330.4858	19.24562	-84.75757	-0.08807624	0.04711661	0.00417075	0.9949901	0	0	0	-315	29.04434	-84.75757	
545.4297	COLLISION_NONE	NOT_SWITCH	NOT_RESET	NOT_WAYPOINT	-330.5627	19.42116	-82.76677	-0.09345752	0.04882531	0.004588722	0.9944148	0	0	0	-315	29.90698	-82.76677	
545.4498	COLLISION_NONE	NOT_SWITCH	NOT_RESET	NOT_WAYPOINT	-330.6396	19.5967	-80.77597	-0.09877735	0.05075116	0.00504433	0.9938018	0	0	0	-315	30.7782	-80.77597	
545.4698	COLLISION_NONE	NOT_SWITCH	NOT_RESET	NOT_WAYPOINT	-330.7164	19.77224	-78.78517	-0.1040796	0.05289304	0.005543076	0.9931461	0	0	0	-315	31.656	-78.78517	
545.4898	COLLISION_NONE	NOT_SWITCH	NOT_RESET	NOT_WAYPOINT	-330.7933	19.94778	-76.79437	-0.1093422	0.0552508	0.006087208	0.9924488	0	0	0	-315	32.53828	-76.79437	
545.5098	COLLISION_NONE	NOT_SWITCH	NOT_RESET	NOT_WAYPOINT	-330.8702	20.12332	-74.80357	-0.1198326	0.06061589	0.007330358	0.9909148	0	0	0	-315	33.42272	-74.80357	
545.5298	COLLISION_NONE	NOT_SWITCH	NOT_RESET	NOT_WAYPOINT	-330.9471	20.29886	-72.81277	-0.125052	0.06362528	0.008036223	0.9900753	0	0	0	-315	34.3069	-72.81276	
545.5499	COLLISION_NONE	NOT_SWITCH	NOT_RESET	NOT_WAYPOINT	-331.0239	20.47441	-70.82198	-0.1302504	0.06685352	0.0088029	0.9891855	0	0	0	-315	35.18826	-70.82196	
545.5699	COLLISION_NONE	NOT_SWITCH	NOT_RESET	NOT_WAYPOINT	-331.1008	20.64995	-68.83118	-0.1354283	0.07030101	0.009634014	0.988243	0	0	0	-315	36.06409	-68.83119	
545.5899	COLLISION_NONE	NOT_SWITCH	NOT_RESET	NOT_WAYPOINT	-331.1777	20.82549	-66.84038	-0.1406061	0.0739682	0.01053478	0.9872425	0	0	0	-315	36.93166	-66.84039	
545.6099	COLLISION_ENTER	NOT_SWITCH	NOT_RESET	NOT_WAYPOINT	-331.2545	21.00103	-64.84958	-0.1509486	0.08196548	0.01256025	0.9850576	0	0	0	-315	37.78814	-64.84958	
545.6299	COLLISION_INSIDE	NOT_SWITCH	NOT_RESET	NOT_WAYPOINT	-331.3314	21.17658	-62.85878	-0.1560883	0.08629734	0.01369082	0.9838709	0	0	0	-315	38.63067	-62.85878	
545.65	COLLISION_INSIDE	NOT_SWITCH	NOT_RESET	NOT_WAYPOINT	-331.4083	21.35212	-60.86798	-0.161238	0.09068475	0.01488033	0.9826277	0	0	0	-315	39.4564	-60.86798	
545.67	COLLISION_INSIDE	NOT_SWITCH	NOT_RESET	NOT_WAYPOINT	-331.4852	21.52766	-58.87718	-0.1611723	0.09492706	0.01557645	0.9822269	0	0	0	-315	40.26251	-58.8772	
545.69	COLLISION_INSIDE	NOT_SWITCH	NOT_RESET	NOT_WAYPOINT	-331.562	21.70321	-56.88638	-0.1611102	0.09876078	0.01620552	0.9818489	0	0	0	-315	41.04628	-56.88638	
545.71	COLLISION_INSIDE	NOT_SWITCH	NOT_RESET	NOT_WAYPOINT	-331.6389	21.87875	-54.89558	-0.1412914	0.1058294	0.01519317	0.9841779	0	0	0	-315	41.80507	-54.89557	
545.73	COLLISION_INSIDE	NOT_SWITCH	NOT_RESET	NOT_WAYPOINT	-331.7158	22.0543	-52.90479	-0.1343816	0.1089091	0.01486105	0.9848145	0	0	0	-315	42.53637	-52.90479	
545.7501	COLLISION_INSIDE	NOT_SWITCH	NOT_RESET	NOT_WAYPOINT	-331.7927	22.22984	-50.91399	-0.1282165	0.1117329	0.01453937	0.9853248	0	0	0	-315	43.23791	-50.914	
545.7701	COLLISION_INSIDE	NOT_SWITCH	NOT_RESET	NOT_WAYPOINT	-331.8695	22.40539	-48.92319	-0.122425	0.1143159	0.01419715	0.98577	0	0	0	-315	43.9076	-48.92319	
545.7901	COLLISION_INSIDE	NOT_SWITCH	NOT_RESET	NOT_WAYPOINT	-331.9464	22.58093	-46.93239	-0.1168214	0.1166677	0.01382028	0.9861797	0	0	0	-315	44.54359	-46.93237	
545.8101	COLLISION_INSIDE	NOT_SWITCH	NOT_RESET	NOT_WAYPOINT	-332.0233	22.75648	-44.94159	-0.1059404	0.1206937	0.0129556	0.9869356	0	0	0	-315	45.14429	-44.94159	
545.8301	COLLISION_INSIDE	NOT_SWITCH	NOT_RESET	NOT_WAYPOINT	-332.1002	22.93202	-42.95079	-0.1005778	0.1223712	0.01246619	0.9872963	0	0	0	-315	45.70844	-42.95081	
545.8502	COLLISION_INSIDE	NOT_SWITCH	NOT_RESET	NOT_WAYPOINT	-332.177	23.10756	-40.95999	-0.09521446	0.1238262	0.01193743	0.9876532	0	0	0	-315	46.23508	-40.95999	
545.8702	COLLISION_INSIDE	NOT_SWITCH	NOT_RESET	NOT_WAYPOINT	-332.2539	23.28311	-38.96919	-0.08987537	0.1250602	0.0113763	0.9880046	0	0	0	-315	46.72355	-38.96918	
545.8902	COLLISION_INSIDE	NOT_SWITCH	NOT_RESET	NOT_WAYPOINT	-332.3308	23.45865	-36.97839	-0.08455313	0.1260746	0.01078564	0.988352	0	0	0	-315	47.17352	-36.97839	
545.9102	COLLISION_INSIDE	NOT_SWITCH	NOT_RESET	NOT_WAYPOINT	-332.3418	23.63073	-35.02695	-0.07391199	0.1274455	0.009524118	0.9890419	0	0	0	-315	47.57724	-35.02695	
545.9302	COLLISION_INSIDE	NOT_SWITCH	NOT_RESET	NOT_WAYPOINT	-332.2739	23.82377	-33.08163	-0.06859331	0.1278027	0.00886046	0.9893851	0	0	0	-315	47.9432	-33.08163	
545.9503	COLLISION_INSIDE	NOT_SWITCH	NOT_RESET	NOT_WAYPOINT	-332.1629	24.02502	-31.13922	-0.06329709	0.1276333	0.008162348	0.9897659	0	0	0	-315	48.27285	-31.13922	
545.9703	COLLISION_INSIDE	NOT_SWITCH	NOT_RESET	NOT_WAYPOINT	-332.0084	24.23221	-29.19943	-0.05799411	0.1269514	0.007435417	0.9901842	0	0	0	-315	48.56725	-29.19943	
545.9903	COLLISION_INSIDE	NOT_SWITCH	NOT_RESET	NOT_WAYPOINT	-331.811	24.44266	-27.26184	-0.05273387	0.1258159	0.006697525	0.9906284	0	0	0	-315	48.82771	-27.26184	
546.0103	COLLISION_INSIDE	NOT_SWITCH	NOT_RESET	NOT_WAYPOINT	-331.5725	24.65336	-25.32589	-0.04227872	0.1227137	0.005232512	0.9915274	0	0	0	-315	49.05574	-25.3259	
546.0303	COLLISION_EXIT	NOT_SWITCH	NOT_RESET	NOT_WAYPOINT	-331.2586	24.85501	-23.39147	-0.04247412	0.1208502	0.005175715	0.9917482	0	0	0	-315	49.25302	-23.39148	
546.0504	COLLISION_NONE	NOT_SWITCH	NOT_RESET	NOT_WAYPOINT	-330.9153	25.05118	-21.45706	-0.04266751	0.1188047	0.005110044	0.9919873	0	0	0	-315	49.42146	-21.45706	
546.0704	COLLISION_NONE	NOT_SWITCH	NOT_RESET	NOT_WAYPOINT	-330.5468	25.24253	-19.52228	-0.04284313	0.1165794	0.005033669	0.9922441	0	0	0	-315	49.56303	-19.52228	
546.0904	COLLISION_NONE	NOT_SWITCH	NOT_RESET	NOT_WAYPOINT	-330.1576	25.42966	-17.58673	-0.04325188	0.1119726	0.004878357	0.9927576	0	0	0	-315	49.67979	-17.58673	
546.1104	COLLISION_NONE	NOT_SWITCH	NOT_RESET	NOT_WAYPOINT	-329.7357	25.60923	-15.64787	-0.04347528	0.1098683	0.004810309	0.9929833	0	0	0	-315	49.77402	-15.64786	
546.1304	COLLISION_NONE	NOT_SWITCH	NOT_RESET	NOT_WAYPOINT	-329.307	25.78643	-13.70638	-0.0436999	0.1078125	0.004743656	0.9931991	0	0	0	-315	49.8479	-13.70639	
546.1505	COLLISION_NONE	NOT_SWITCH	NOT_RESET	NOT_WAYPOINT	-328.8793	25.96238	-11.76136	-0.0438902	0.1057808	0.00467354	0.9934094	0	0	0	-315	49.90379	-11.76135	
546.1705	COLLISION_NONE	NOT_SWITCH	NOT_RESET	NOT_WAYPOINT	-328.4523	26.13837	-9.816118	-0.04406292	0.1037612	0.004601401	0.9936151	0	0	0	-315	49.94402	-9.816132	
546.1905	COLLISION_NONE	NOT_SWITCH	NOT_RESET	NOT_WAYPOINT	-328.026	26.31441	-7.870709	-0.04436485	0.09974046	0.004451618	0.994014	0	0	0	-315	49.97113	-7.870697	
546.2105	COLLISION_NONE	NOT_SWITCH	NOT_RESET	NOT_WAYPOINT	-327.6009	26.49054	-5.925004	-0.04449192	0.09773601	0.004373796	0.9942077	0	0	0	-315	49.98768	-5.925018	
546.2305	COLLISION_NONE	NOT_SWITCH	NOT_RESET	NOT_WAYPOINT	-327.1765	26.6667	-3.979165	-0.04462164	0.09573409	0.004295882	0.994397	0	0	0	-315	49.99627	-3.979156	
546.2505	COLLISION_NONE	NOT_SWITCH	NOT_RESET	NOT_WAYPOINT	-326.7526	26.84291	-2.033193	-0.04474118	0.09373413	0.004216619	0.9945825	0	0	0	-315	49.9995	-2.033203	
546.2706	COLLISION_NONE	NOT_SWITCH	NOT_RESET	NOT_WAYPOINT	-326.3294	27.01916	-0.087093	-0.04486126	0.09173667	0.004137087	0.9947637	0	0	0	-315	50	-0.08709717	
546.2906	COLLISION_NONE	NOT_SWITCH	NOT_RESET	NOT_WAYPOINT	-325.9068	27.19545	1.859134	-0.04501348	0.08821749	0.003990627	0.9950757	0	0	0	-315	49.99962	1.859161	
546.3106	COLLISION_NONE	NOT_SWITCH	NOT_RESET	NOT_WAYPOINT	-325.4854	27.37181	3.80561	-0.04506656	0.08672649	0.003927298	0.9952046	0	0	0	-315	49.99673	3.805603	
546.3306	COLLISION_NONE	NOT_SWITCH	NOT_RESET	NOT_WAYPOINT	-325.0647	27.54821	5.752212	-0.04507645	0.08541495	0.003868315	0.9953178	0	0	0	-315	49.98873	5.752197	
546.3506	COLLISION_NONE	NOT_SWITCH	NOT_RESET	NOT_WAYPOINT	-324.6445	27.72465	7.698938	-0.04505936	0.08428237	0.003815201	0.9954153	0	0	0	-315	49.97298	7.698944	
546.3707	COLLISION_NONE	NOT_SWITCH	NOT_RESET	NOT_WAYPOINT	-324.2251	27.90111	9.645792	-0.04501811	0.08332784	0.003768228	0.9954977	0	0	0	-315	49.94688	9.645782	
546.3907	COLLISION_NONE	NOT_SWITCH	NOT_RESET	NOT_WAYPOINT	-323.8062	28.0776	11.59277	-0.05615256	0.0819074	0.004622208	0.9950461	0	0	0	-315	49.90786	11.59277	
546.4107	COLLISION_NONE	NOT_SWITCH	NOT_RESET	NOT_WAYPOINT	-323.5725	28.24405	13.18671	-0.06435964	0.08144778	0.005270497	0.9945835	0	0	0	-315	49.86451	13.18671	
546.4307	COLLISION_NONE	NOT_SWITCH	NOT_RESET	NOT_WAYPOINT	-323.3318	28.42085	14.78134	-0.07108224	0.08098958	0.005790738	0.9941602	0	0	0	-315	49.80938	14.78137	
546.4507	COLLISION_NONE	NOT_SWITCH	NOT_RESET	NOT_WAYPOINT	-323.0881	28.6063	16.37278	-0.077057	0.08053162	0.006244557	0.9937494	0	0	0	-315	49.74131	16.37277	
546.4708	COLLISION_NONE	NOT_SWITCH	NOT_RESET	NOT_WAYPOINT	-322.8419	28.83024	17.91062	-0.08265093	0.08007166	0.006662407	0.9933343	0	0	0	-315	49.66189	17.91061	
546.4908	COLLISION_NONE	NOT_SWITCH	NOT_RESET	NOT_WAYPOINT	-322.6234	29.05829	19.25736	-0.09337799	0.07854979	0.00739025	0.9924998	0	0	0	-315	49.58043	19.25735	
546.5108	COLLISION_NONE	NOT_SWITCH	NOT_RESET	NOT_WAYPOINT	-322.4434	29.27893	20.38795	-0.09864996	0.07737277	0.007693756	0.9920799	0	0	0	-315	49.50289	20.38794	
546.5308	COLLISION_NONE	NOT_SWITCH	NOT_RESET	NOT_WAYPOINT	-322.2806	29.48977	21.42517	-0.1039103	0.07596199	0.007959703	0.9916497	0	0	0	-315	49.42401	21.42517	
546.5508	COLLISION_NONE	NOT_SWITCH	NOT_RESET	NOT_WAYPOINT	-322.1231	29.70668	22.44431	-0.109159	0.07434048	0.008186924	0.9912068	0	0	0	-315	49.33898	22.44431	
546.5709	COLLISION_NONE	NOT_SWITCH	NOT_RESET	NOT_WAYPOINT	-321.9985	29.89163	23.26876	-0.1196408	0.07050488	0.008518111	0.990274	0	0	0	-315	49.26454	23.26877	
546.5909	COLLISION_NONE	NOT_SWITCH	NOT_RESET	NOT_WAYPOINT	-321.9119	30.04896	23.88432	-0.124878	0.06829822	0.008617002	0.9897811	0	0	0	-315	49.20557	23.88431	
546.6109	COLLISION_NONE	NOT_SWITCH	NOT_RESET	NOT_WAYPOINT	-321.8391	30.18497	24.40972	-0.1301243	0.06590034	0.008668268	0.9892672	0	0	0	-315	49.15289	24.40973	
546.6309	COLLISION_NONE	NOT_SWITCH	NOT_RESET	NOT_WAYPOINT	-321.7664	30.33104	24.95165	-0.1353806	0.06331175	0.008668873	0.9887308	0	0	0	-315	49.09624	24.95166	
546.6509	COLLISION_NONE	NOT_SWITCH	NOT_RESET	NOT_WAYPOINT	-321.6988	30.47816	25.47593	-0.1406354	0.06053241	0.0086149	0.9881717	0	0	0	-315	49.03919	25.47595	
546.671	COLLISION_NONE	NOT_SWITCH	NOT_RESET	NOT_WAYPOINT	-321.6318	30.6262	25.99982	-0.1469327	0.05443383	0.008098414	0.9876144	0	0	0	-315	48.97992	25.99982	
546.691	COLLISION_NONE	NOT_SWITCH	NOT_RESET	NOT_WAYPOINT	-321.5929	30.73575	26.35494	-0.1423912	0.05154884	0.007425949	0.9884394	0	0	0	-315	48.93845	26.35498	
546.711	COLLISION_NONE	NOT_SWITCH	NOT_RESET	NOT_WAYPOINT	-321.5595	30.83027	26.67436	-0.1402136	0.04875356	0.006912667	0.9888961	0	0	0	-315	48.90024	26.67438	
546.731	COLLISION_NONE	NOT_SWITCH	NOT_RESET	NOT_WAYPOINT	-321.5263	30.92464	26.99382	-0.1339612	0.04603783	0.006230224	0.9898971	0	0	0	-315	48.86116	26.99384	
546.751	COLLISION_NONE	NOT_SWITCH	NOT_RESET	NOT_WAYPOINT	-321.5132	30.96214	27.12259	-0.1282862	0.04334769	0.005612695	0.9907736	0	0	0	-315	48.84517	27.12259	
546.7711	COLLISION_NONE	NOT_SWITCH	NOT_RESET	NOT_WAYPOINT	-321.5127	30.9635	27.12773	-0.1176487	0.0380109	0.004506553	0.9923173	0	0	0	-315	48.84452	27.12772	
546.7911	COLLISION_NONE	NOT_SWITCH	NOT_RESET	NOT_WAYPOINT	-321.5132	30.96214	27.12259	-0.1124775	0.03535914	0.004005075	0.9930169	0	0	0	-315	48.84517	27.12259	
546.8111	COLLISION_NONE	NOT_SWITCH	NOT_RESET	NOT_WAYPOINT	-321.5132	30.96214	27.12259	-0.1073519	0.03279644	0.003543176	0.9936737	0	0	0	-315	48.84517	27.12259	
546.8311	COLLISION_NONE	NOT_SWITCH	NOT_RESET	NOT_WAYPOINT	-321.5132	30.96214	27.12259	-0.1022041	0.03039314	0.003124129	0.9942942	0	0	0	-315	48.84517	27.12259	
546.8511	COLLISION_NONE	NOT_SWITCH	NOT_RESET	NOT_WAYPOINT	-321.5132	30.96214	27.12259	-0.0969904	0.02817791	0.002747045	0.9948826	0	0	0	-315	48.84517	27.12259	
546.8712	COLLISION_NONE	NOT_SWITCH	NOT_RESET	NOT_WAYPOINT	-321.5132	30.96214	27.12259	-0.08647873	0.02430321	0.002110247	0.995955	0	0	0	-315	48.84517	27.12259	
546.8912	COLLISION_NONE	NOT_SWITCH	NOT_RESET	NOT_WAYPOINT	-321.5132	30.96214	27.12259	-0.08118238	0.02264415	0.001844873	0.9964403	0	0	0	-315	48.84517	27.12259	
546.9112	COLLISION_NONE	NOT_SWITCH	NOT_RESET	NOT_WAYPOINT	-321.5132	30.96214	27.12259	-0.07588516	0.02117094	0.001611572	0.9968905	0	0	0	-315	48.84517	27.12259	
546.9312	COLLISION_NONE	NOT_SWITCH	NOT_RESET	NOT_WAYPOINT	-321.5132	30.96214	27.12259	-0.07057932	0.01988294	0.001407113	0.997307	0	0	0	-315	48.84517	27.12259	
546.9512	COLLISION_NONE	NOT_SWITCH	NOT_RESET	NOT_WAYPOINT	-321.5132	30.96214	27.12259	-0.06531078	0.01878016	0.00122939	0.9976875	0	0	0	-315	48.84517	27.12259	
546.9713	COLLISION_NONE	NOT_SWITCH	NOT_RESET	NOT_WAYPOINT	-321.5132	30.96214	27.12259	-0.0549657	0.01712574	0.0009428927	0.998341	0	0	0	-315	48.84517	27.12259	
546.9913	COLLISION_NONE	NOT_SWITCH	NOT_RESET	NOT_WAYPOINT	-321.5132	30.96214	27.12259	-0.04993184	0.01657306	0.0008286713	0.9986148	0	0	0	-315	48.84517	27.12259	
547.0113	COLLISION_NONE	NOT_SWITCH	NOT_RESET	NOT_WAYPOINT	-321.5132	30.96214	27.12259	-0.04692601	0.01620477	0.0007613642	0.9987666	0	0	0	-315	48.84517	27.12259	
547.0313	COLLISION_NONE	NOT_SWITCH	NOT_RESET	NOT_WAYPOINT	-321.5132	30.96214	27.12259	-0.04711345	0.01584259	0.0007473232	0.9987636	0	0	0	-315	48.84517	27.12259	
547.0513	COLLISION_NONE	NOT_SWITCH	NOT_RESET	NOT_WAYPOINT	-321.5132	30.96214	27.12259	-0.03309458	0.01567222	0.0005190136	0.9993292	0	0	0	-315	48.84517	27.12259	
547.0714	COLLISION_NONE	NOT_SWITCH	NOT_RESET	NOT_WAYPOINT	-321.5132	30.96214	27.12259	-3.106966E-05	0.01609057	4.999931E-07	0.9998705	0	0	0	-315	48.84517	27.12259	
547.0914	COLLISION_NONE	NOT_SWITCH	NOT_RESET	NOT_WAYPOINT	-321.5132	30.96214	27.12259	0.01250418	0.01669902	-0.000208853	0.9997824	0	0	0	-315	48.84517	27.12259	
547.1114	COLLISION_NONE	NOT_SWITCH	NOT_RESET	NOT_WAYPOINT	-321.5132	30.96214	27.12259	0.02403349	0.01744112	-0.000419356	0.9995589	0	0	0	-315	48.84517	27.12259	
547.1314	COLLISION_NONE	NOT_SWITCH	NOT_RESET	NOT_WAYPOINT	-321.5132	30.96214	27.12259	0.03506926	0.018005	-0.0006319132	0.9992225	0	0	0	-315	48.84517	27.12259	
547.1514	COLLISION_NONE	NOT_SWITCH	NOT_RESET	NOT_WAYPOINT	-321.5132	30.96214	27.12259	0.04586163	0.01817193	-0.0008344103	0.9987822	0	0	0	-315	48.84517	27.12259	
547.1714	COLLISION_NONE	NOT_SWITCH	NOT_RESET	NOT_WAYPOINT	-321.5132	30.96214	27.12259	0.06706028	0.01753265	-0.00117858	0.9975942	0	0	0	-315	48.84517	27.12259	
547.1915	COLLISION_NONE	NOT_SWITCH	NOT_RESET	NOT_WAYPOINT	-321.5132	30.96214	27.12259	0.07754713	0.01685141	-0.001310914	0.9968454	0	0	0	-315	48.84517	27.12259	
547.2115	COLLISION_NONE	NOT_SWITCH	NOT_RESET	NOT_WAYPOINT	-321.5132	30.96214	27.12259	0.08798806	0.01596325	-0.001410226	0.9959927	0	0	0	-315	48.84517	27.12259	
547.2315	COLLISION_NONE	NOT_SWITCH	NOT_RESET	NOT_WAYPOINT	-321.5132	30.96214	27.12259	0.09838911	0.01487713	-0.001471051	0.9950358	0	0	0	-315	48.84517	27.12259	
547.2515	COLLISION_NONE	NOT_SWITCH	NOT_RESET	NOT_WAYPOINT	-321.5062	30.91559	27.3556	0.1191168	0.01212428	-0.001454671	0.9928052	0	0	0	-315	48.81586	27.35559	
547.2715	COLLISION_NONE	NOT_SWITCH	NOT_RESET	NOT_WAYPOINT	-321.4988	30.83293	27.67841	0.1294661	0.01045876	-0.001365625	0.9915278	0	0	0	-315	48.77448	27.67841	
547.2916	COLLISION_NONE	NOT_SWITCH	NOT_RESET	NOT_WAYPOINT	-321.4916	30.74906	28.00138	0.1398347	0.008599945	-0.00121455	0.9901368	0	0	0	-315	48.73218	28.00137	
547.3116	COLLISION_NONE	NOT_SWITCH	NOT_RESET	NOT_WAYPOINT	-321.4846	30.66443	28.32421	0.1502212	0.006546882	-0.0009947907	0.9886302	0	0	0	-315	48.68898	28.32422	
547.3316	COLLISION_NONE	NOT_SWITCH	NOT_RESET	NOT_WAYPOINT	-321.4767	30.47903	28.92027	0.1606576	0.00429798	-0.0006995972	0.9870006	0	0	0	-315	48.60682	28.92026	
547.3516	COLLISION_NONE	NOT_SWITCH	NOT_RESET	NOT_WAYPOINT	-321.4702	30.23196	29.65927	-0.1815298	0.0007998825	-0.0001476558	-0.9833851	0	0	0	-315	48.50055	29.65927	
547.3716	COLLISION_NONE	NOT_SWITCH	NOT_RESET	NOT_WAYPOINT	-321.4742	29.88351	30.53914	-0.1853473	0.003746162	-0.000706589	-0.9826657	0	0	0	-315	48.36759	30.53912	
547.3917	COLLISION_NONE	NOT_SWITCH	NOT_RESET	NOT_WAYPOINT	-321.4805	29.53578	31.42649	-0.1853439	0.007033398	-0.001326617	-0.9826477	0	0	0	-315	48.22632	31.42648	
547.4117	COLLISION_NONE	NOT_SWITCH	NOT_RESET	NOT_WAYPOINT	-321.488	29.18807	32.31406	-0.1853376	0.01071039	-0.002020159	-0.9826145	0	0	0	-315	48.07769	32.31409	
547.4317	COLLISION_NONE	NOT_SWITCH	NOT_RESET	NOT_WAYPOINT	-321.5077	28.82696	33.23699	-0.1853276	0.01478219	-0.00278817	-0.9825616	0	0	0	-315	47.9153	33.237	
547.4517	COLLISION_NONE	NOT_SWITCH	NOT_RESET	NOT_WAYPOINT	-321.5463	28.3242	34.52175	-0.1633656	0.02391198	-0.003960786	-0.9862678	0	0	0	-315	47.67576	34.52176	
547.4717	COLLISION_NONE	NOT_SWITCH	NOT_RESET	NOT_WAYPOINT	-321.5923	27.83592	35.81738	-0.1363671	0.02862517	-0.003942018	-0.9902369	0	0	0	-315	47.41815	35.81738	
547.4918	COLLISION_NONE	NOT_SWITCH	NOT_RESET	NOT_WAYPOINT	-321.6469	27.37493	37.13079	-0.1150273	0.03325116	-0.003852535	-0.9927982	0	0	0	-315	47.14043	37.1308	
547.5118	COLLISION_NONE	NOT_SWITCH	NOT_RESET	NOT_WAYPOINT	-321.7124	26.9511	38.46777	-0.09652109	0.0378232	-0.003670538	-0.9946053	0	0	0	-315	46.84051	38.46777	
547.5318	COLLISION_NONE	NOT_SWITCH	NOT_RESET	NOT_WAYPOINT	-321.8292	26.61109	40.07342	-0.07942908	0.04235693	-0.003378106	-0.9959345	0	0	0	-315	46.45735	40.07339	
547.5518	COLLISION_NONE	NOT_SWITCH	NOT_RESET	NOT_WAYPOINT	-321.9577	26.30494	41.70588	-0.04700268	0.05133694	-0.002418848	-0.9975718	0	0	0	-315	46.04222	41.70587	
547.5718	COLLISION_NONE	NOT_SWITCH	NOT_RESET	NOT_WAYPOINT	-322.0996	26.04293	43.35321	-0.03113952	0.05578995	-0.001740832	-0.9979553	0	0	0	-315	45.5974	43.35321	
547.5919	COLLISION_NONE	NOT_SWITCH	NOT_RESET	NOT_WAYPOINT	-322.246	25.79611	45.00335	-0.01536612	0.06022137	-0.0009271618	-0.9980664	0	0	0	-315	45.1262	45.00336	
547.6119	COLLISION_NONE	NOT_SWITCH	NOT_RESET	NOT_WAYPOINT	-322.3966	25.5638	46.6555	0.0003578065	0.0646323	2.317431E-05	-0.9979091	0	0	0	-315	44.62927	46.65552	
547.6319	COLLISION_NONE	NOT_SWITCH	NOT_RESET	NOT_WAYPOINT	-322.5514	25.34579	48.30911	0.01605008	0.06902377	0.00111063	-0.9974853	0	0	0	-315	44.10744	48.30911	
547.6519	COLLISION_NONE	NOT_SWITCH	NOT_RESET	NOT_WAYPOINT	-322.7103	25.14223	49.96376	0.04736559	0.07624424	0.003626014	-0.995957	0	0	0	-315	43.56165	49.96375	
547.6719	COLLISION_NONE	NOT_SWITCH	NOT_RESET	NOT_WAYPOINT	-322.8773	24.96851	51.61942	0.0629929	0.07890877	0.004996288	-0.9948771	0	0	0	-315	42.99287	51.61942	
547.692	COLLISION_NONE	NOT_SWITCH	NOT_RESET	NOT_WAYPOINT	-323.0485	24.8113	53.27509	0.07161281	0.08112352	0.005843898	-0.9941109	0	0	0	-315	42.40253	53.27509	
547.712	COLLISION_NONE	NOT_SWITCH	NOT_RESET	NOT_WAYPOINT	-323.229	24.69051	54.932	0.07818417	0.0829122	0.00652507	-0.9934638	0	0	0	-315	41.79142	54.93201	
547.732	COLLISION_NONE	NOT_SWITCH	NOT_RESET	NOT_WAYPOINT	-323.419	24.60694	56.5897	0.08650233	0.08427016	0.00734351	-0.992654	0	0	0	-315	41.16101	56.58969	
547.752	COLLISION_NONE	NOT_SWITCH	NOT_RESET	NOT_WAYPOINT	-323.6184	24.5611	58.24759	0.1054898	0.08573867	0.009129689	-0.9906753	0	0	0	-315	40.51292	58.24762	
547.772	COLLISION_NONE	NOT_SWITCH	NOT_RESET	NOT_WAYPOINT	-323.8349	24.59142	59.90393	0.1154243	0.08585766	0.01001474	-0.9895481	0	0	0	-315	39.84938	59.90393	
547.7921	COLLISION_NONE	NOT_SWITCH	NOT_RESET	NOT_WAYPOINT	-324.0587	24.65982	61.55843	0.1149977	0.08567724	0.00995609	-0.989614	0	0	0	-315	39.1721	61.55844	
547.8121	COLLISION_NONE	NOT_SWITCH	NOT_RESET	NOT_WAYPOINT	-324.2898	24.76603	63.21114	0.1095672	0.08514558	0.009420718	-0.990281	0	0	0	-315	38.48269	63.21115	
547.8321	COLLISION_NONE	NOT_SWITCH	NOT_RESET	NOT_WAYPOINT	-324.5282	24.90883	64.86262	0.0988735	0.08287922	0.008263907	-0.9916082	0	0	0	-315	37.78258	64.86261	
547.8521	COLLISION_NONE	NOT_SWITCH	NOT_RESET	NOT_WAYPOINT	-324.7806	25.11985	66.51376	0.09363147	0.08114674	0.007657116	-0.992265	0	0	0	-315	37.07302	66.51376	
547.8721	COLLISION_NONE	NOT_SWITCH	NOT_RESET	NOT_WAYPOINT	-325.0378	25.3563	68.16628	0.0885589	0.07901551	0.007047514	-0.992907	0	0	0	-315	36.35492	68.16626	
547.8922	COLLISION_NONE	NOT_SWITCH	NOT_RESET	NOT_WAYPOINT	-325.2977	25.61287	69.82148	0.08349574	0.07648749	0.006427855	-0.9935476	0	0	0	-315	35.62928	69.82147	
547.9122	COLLISION_NONE	NOT_SWITCH	NOT_RESET	NOT_WAYPOINT	-325.5567	25.87398	71.47519	0.07845265	0.07356331	0.005805004	-0.9941831	0	0	0	-315	34.89954	71.47519	
547.9322	COLLISION_NONE	NOT_SWITCH	NOT_RESET	NOT_WAYPOINT	-325.812	26.13621	73.12815	0.06824985	0.06652924	0.004561423	-0.9954371	0	0	0	-315	34.16696	73.12814	
547.9522	COLLISION_NONE	NOT_SWITCH	NOT_RESET	NOT_WAYPOINT	-326.063	26.39484	74.78178	0.06307451	0.0624201	0.003952742	-0.9960471	0	0	0	-315	33.43239	74.7818	
547.9722	COLLISION_NONE	NOT_SWITCH	NOT_RESET	NOT_WAYPOINT	-326.3124	26.6518	76.43578	0.05785289	0.05810412	0.003372868	-0.9966272	0	0	0	-315	32.69749	76.43576	
547.9922	COLLISION_NONE	NOT_SWITCH	NOT_RESET	NOT_WAYPOINT	-326.5604	26.90716	78.09012	0.05261941	0.05378827	0.002838365	-0.997161	0	0	0	-315	31.96364	78.09012	
548.0123	COLLISION_NONE	NOT_SWITCH	NOT_RESET	NOT_WAYPOINT	-326.8071	27.16099	79.7448	0.04741786	0.04947266	0.002351422	-0.9976465	0	0	0	-315	31.23218	79.74481	
548.0323	COLLISION_NONE	NOT_SWITCH	NOT_RESET	NOT_WAYPOINT	-327.0525	27.41334	81.39978	0.04574974	0.04082397	0.00187121	-0.9981167	0	0	0	-315	30.5044	81.39978	
548.0523	COLLISION_NONE	NOT_SWITCH	NOT_RESET	NOT_WAYPOINT	-327.2953	27.66313	83.05534	0.04586537	0.03649712	0.001676839	-0.9982793	0	0	0	-315	29.78137	83.05533	
548.0723	COLLISION_NONE	NOT_SWITCH	NOT_RESET	NOT_WAYPOINT	-327.5368	27.91191	84.71114	0.04636361	0.03216884	0.001493846	-0.9984054	0	0	0	-315	29.06434	84.71112	
548.0923	COLLISION_NONE	NOT_SWITCH	NOT_RESET	NOT_WAYPOINT	-327.777	28.1598	86.36716	0.04875871	0.02783712	0.001359448	-0.9984217	0	0	0	-315	28.35436	86.36716	
548.1124	COLLISION_NONE	NOT_SWITCH	NOT_RESET	NOT_WAYPOINT	-328.016	28.40698	88.02339	0.05139358	0.02350354	0.001209866	-0.9984012	0	0	0	-315	27.65238	88.02338	
548.1324	COLLISION_NONE	NOT_SWITCH	NOT_RESET	NOT_WAYPOINT	-328.2537	28.65358	89.6798	0.05725889	0.01483037	0.0008506603	-0.9982489	0	0	0	-315	26.95926	89.67981	
548.1524	COLLISION_NONE	NOT_SWITCH	NOT_RESET	NOT_WAYPOINT	-328.4889	28.89938	91.33652	0.05983404	0.01049133	0.0006289003	-0.998153	0	0	0	-315	26.27574	91.33652	
548.1724	COLLISION_NONE	NOT_SWITCH	NOT_RESET	NOT_WAYPOINT	-328.723	29.14494	92.99335	0.06222163	0.006150814	0.000383464	-0.9980434	0	0	0	-315	25.60259	92.99332	
548.1924	COLLISION_NONE	NOT_SWITCH	NOT_RESET	NOT_WAYPOINT	-328.9561	29.39032	94.65028	0.06449242	0.001808835	0.0001168997	-0.9979166	0	0	0	-315	24.94042	94.65027	
548.2125	COLLISION_NONE	NOT_SWITCH	NOT_RESET	NOT_WAYPOINT	-329.1882	29.63558	96.30729	-0.06663036	0.002534254	0.0001692349	0.9977745	0	0	0	-315	24.28979	96.30728	
548.2325	COLLISION_NONE	NOT_SWITCH	NOT_RESET	NOT_WAYPOINT	-329.4022	29.87949	97.96712	-0.07074906	0.01122389	0.000796125	0.9974307	0	0	0	-315	23.65012	97.9671	
548.2525	COLLISION_NONE	NOT_SWITCH	NOT_RESET	NOT_WAYPOINT	-329.5799	30.12248	99.63181	-0.07277864	0.01557024	0.001136333	0.9972259	0	0	0	-315	23.02109	99.63181	
548.2725	COLLISION_NONE	NOT_SWITCH	NOT_RESET	NOT_WAYPOINT	-329.7399	30.36587	101.2985	-0.07441435	0.01991809	0.001486611	0.9970274	0	0	0	-315	22.40421	101.2985	
548.2925	COLLISION_NONE	NOT_SWITCH	NOT_RESET	NOT_WAYPOINT	-329.8824	30.61006	102.9669	-0.07422503	0.0242699	0.001806955	0.9969445	0	0	0	-315	21.79986	102.9669	
548.3126	COLLISION_NONE	NOT_SWITCH	NOT_RESET	NOT_WAYPOINT	-330.0077	30.85494	104.6368	-0.07279481	0.02862376	0.002090069	0.9969339	0	0	0	-315	21.20838	104.6369	
548.3326	COLLISION_NONE	NOT_SWITCH	NOT_RESET	NOT_WAYPOINT	-330.116	31.10008	106.3082	-0.0391484	0.03737465	0.001465307	0.9985331	0	0	0	-315	20.62999	106.3082	
548.3526	COLLISION_NONE	NOT_SWITCH	NOT_RESET	NOT_WAYPOINT	-330.1929	31.33462	107.9831	-0.02439937	0.04168778	0.001018345	0.9988322	0	0	0	-315	20.06412	107.9831	
548.3726	COLLISION_NONE	NOT_SWITCH	NOT_RESET	NOT_WAYPOINT	-330.2562	31.55982	109.6596	-0.01175312	0.0454468	0.0005347314	0.9988975	0	0	0	-315	19.51151	109.6596	
548.3926	COLLISION_NONE	NOT_SWITCH	NOT_RESET	NOT_WAYPOINT	-330.3068	31.77423	111.3376	-0.0001720475	0.04851471	8.356676E-06	0.9988225	0	0	0	-315	18.97228	111.3376	
548.4127	COLLISION_NONE	NOT_SWITCH	NOT_RESET	NOT_WAYPOINT	-330.3453	31.97667	113.017	0.0229345	0.05309076	-0.001219652	0.9983256	0	0	0	-315	18.44644	113.017	
548.4327	COLLISION_NONE	NOT_SWITCH	NOT_RESET	NOT_WAYPOINT	-330.3581	32.14582	114.6918	0.03504894	0.05470687	-0.001921481	0.9978853	0	0	0	-315	17.93574	114.6918	
548.4527	COLLISION_NONE	NOT_SWITCH	NOT_RESET	NOT_WAYPOINT	-330.3531	32.28862	116.3632	0.04746039	0.05590422	-0.002660409	0.997304	0	0	0	-315	17.43964	116.3632	
548.4727	COLLISION_NONE	NOT_SWITCH	NOT_RESET	NOT_WAYPOINT	-330.3252	32.39285	118.0273	0.06001565	0.05669123	-0.003414036	0.9965805	0	0	0	-315	16.95904	118.0273	
548.4927	COLLISION_NONE	NOT_SWITCH	NOT_RESET	NOT_WAYPOINT	-330.2812	32.46598	119.6857	0.07254545	0.05707188	-0.004158092	0.9957222	0	0	0	-315	16.49313	119.6857	
548.5128	COLLISION_NONE	NOT_SWITCH	NOT_RESET	NOT_WAYPOINT	-330.2179	32.49642	121.3339	0.0975529	0.05663603	-0.005560585	0.993602	0	0	0	-315	16.04282	121.3339	
548.5328	COLLISION_NONE	NOT_SWITCH	NOT_RESET	NOT_WAYPOINT	-330.1005	32.36594	122.8994	0.1100337	0.05593073	-0.006201813	0.9923336	0	0	0	-315	15.62672	122.8993	
548.5528	COLLISION_NONE	NOT_SWITCH	NOT_RESET	NOT_WAYPOINT	-329.9641	32.13089	124.2954	0.122499	0.0549307	-0.006790587	0.9909241	0	0	0	-315	15.26503	124.2954	
548.5728	COLLISION_NONE	NOT_SWITCH	NOT_RESET	NOT_WAYPOINT	-329.8242	31.83767	125.6101	0.1349475	0.05366142	-0.007319268	0.9893715	0	0	0	-315	14.93236	125.6101	
548.5928	COLLISION_NONE	NOT_SWITCH	NOT_RESET	NOT_WAYPOINT	-329.6851	31.51932	126.9049	0.1473782	0.05209633	-0.007773662	0.9876767	0	0	0	-315	14.61216	126.9049	
548.6129	COLLISION_NONE	NOT_SWITCH	NOT_RESET	NOT_WAYPOINT	-329.5475	31.1849	128.1909	0.1709062	0.04803533	-0.008342343	0.9840803	0	0	0	-315	14.30133	128.1909	
548.6329	COLLISION_NONE	NOT_SWITCH	NOT_RESET	NOT_WAYPOINT	-329.4132	30.82571	129.4659	0.1813352	0.04553116	-0.00840491	0.9823308	0	0	0	-315	14.00008	129.4659	
548.6529	COLLISION_NONE	NOT_SWITCH	NOT_RESET	NOT_WAYPOINT	-329.2804	30.45802	130.7376	0.1851731	0.04275354	-0.008064036	0.9817423	0	0	0	-315	13.70642	130.7376	
548.6729	COLLISION_NONE	NOT_SWITCH	NOT_RESET	NOT_WAYPOINT	-329.1493	30.08287	132.0063	0.1851974	0.03968461	-0.007485183	0.9818712	0	0	0	-315	13.42006	132.0063	
548.6929	COLLISION_NONE	NOT_SWITCH	NOT_RESET	NOT_WAYPOINT	-329.0445	29.65968	133.1864	0.185222	0.03631375	-0.006849383	0.9820017	0	0	0	-315	13.15953	133.1865	
548.713	COLLISION_NONE	NOT_SWITCH	NOT_RESET	NOT_WAYPOINT	-328.964	29.24123	134.2592	0.1852646	0.02958104	-0.00557948	0.9822275	0	0	0	-315	12.92751	134.2592	
548.733	COLLISION_NONE	NOT_SWITCH	NOT_RESET	NOT_WAYPOINT	-328.9079	28.83602	135.2889	0.1852819	0.02636058	-0.004972048	0.9823192	0	0	0	-315	12.70903	135.2889	
548.753	COLLISION_NONE	NOT_SWITCH	NOT_RESET	NOT_WAYPOINT	-328.8521	28.43143	136.3195	0.1852968	0.02323743	-0.004382969	0.982398	0	0	0	-315	12.49444	136.3195	
548.773	COLLISION_NONE	NOT_SWITCH	NOT_RESET	NOT_WAYPOINT	-328.8048	28.04126	137.3159	0.1853094	0.02021163	-0.003812253	0.982465	0	0	0	-315	12.29081	137.3159	
548.793	COLLISION_NONE	NOT_SWITCH	NOT_RESET	NOT_WAYPOINT	-328.7712	27.72184	138.1318	0.1853199	0.01728322	-0.003259906	0.9825208	0	0	0	-315	12.1268	138.1318	
548.813	COLLISION_NONE	NOT_SWITCH	NOT_RESET	NOT_WAYPOINT	-328.7482	27.46592	138.7857	0.1853354	0.01171875	-0.002210353	0.982603	0	0	0	-315	11.99714	138.7857	
548.8331	COLLISION_NONE	NOT_SWITCH	NOT_RESET	NOT_WAYPOINT	-328.7391	27.35571	139.0673	0.1853407	0.009082744	-0.001713158	0.9826308	0	0	0	-315	11.94177	139.0674	
548.8531	COLLISION_NONE	NOT_SWITCH	NOT_RESET	NOT_WAYPOINT	-328.736	27.31835	139.1628	0.1853445	0.006534509	-0.001232518	0.9826511	0	0	0	-315	11.92307	139.1628	
548.8731	COLLISION_NONE	NOT_SWITCH	NOT_RESET	NOT_WAYPOINT	-328.736	27.31835	139.1628	0.1853471	0.004025267	-0.0007592331	0.9826646	0	0	0	-315	11.92307	139.1628	
548.8931	COLLISION_NONE	NOT_SWITCH	NOT_RESET	NOT_WAYPOINT	-328.736	27.31835	139.1628	0.1853484	0.001540397	-0.0002905448	0.9826716	0	0	0	-315	11.92307	139.1628	
548.9131	COLLISION_NONE	NOT_SWITCH	NOT_RESET	NOT_WAYPOINT	-328.736	27.31835	139.1628	-0.1853476	0.003282744	-0.0006191807	-0.9826674	0	0	0	-315	11.92307	139.1628	
548.9332	COLLISION_NONE	NOT_SWITCH	NOT_RESET	NOT_WAYPOINT	-328.7375	27.23176	139.3841	-0.1853457	0.00547776	-0.001033198	-0.9826576	0	0	0	-315	11.87983	139.3842	
548.9532	COLLISION_NONE	NOT_SWITCH	NOT_RESET	NOT_WAYPOINT	-328.7424	27.06051	139.8219	-0.1853431	0.007536868	-0.00142158	-0.982644	0	0	0	-315	11.79484	139.8219	
548.9732	COLLISION_NONE	NOT_SWITCH	NOT_RESET	NOT_WAYPOINT	-328.7538	26.76934	140.5662	-0.18534	0.00947974	-0.001788038	-0.9826271	0	0	0	-315	11.65189	140.5662	
548.9932	COLLISION_NONE	NOT_SWITCH	NOT_RESET	NOT_WAYPOINT	-328.7727	26.38647	141.5449	-0.1853363	0.01131716	-0.002134606	-0.9826077	0	0	0	-315	11.46692	141.5449	
549.0132	COLLISION_NONE	NOT_SWITCH	NOT_RESET	NOT_WAYPOINT	-328.7973	25.96834	142.6136	-0.1853283	0.0145245	-0.002739565	-0.9825655	0	0	0	-315	11.26872	142.6136	
549.0333	COLLISION_NONE	NOT_SWITCH	NOT_RESET	NOT_WAYPOINT	-328.844	25.39503	144.0786	-0.1853249	0.01572345	-0.002965706	-0.982547	0	0	0	-315	11.00335	144.0786	
549.0533	COLLISION_NONE	NOT_SWITCH	NOT_RESET	NOT_WAYPOINT	-328.888	24.85695	145.4535	-0.1853222	0.01660425	-0.00313184	-0.9825326	0	0	0	-315	10.76078	145.4535	
549.0733	COLLISION_NONE	NOT_SWITCH	NOT_RESET	NOT_WAYPOINT	-328.9393	24.26244	146.9725	-0.1853205	0.01710344	-0.003225996	-0.982524	0	0	0	-315	10.4999	146.9725	
549.0933	COLLISION_NONE	NOT_SWITCH	NOT_RESET	NOT_WAYPOINT	-328.9973	23.6115	148.6357	-0.185321	0.01695305	-0.00319763	-0.9825266	0	0	0	-315	10.22262	148.6357	
549.1133	COLLISION_NONE	NOT_SWITCH	NOT_RESET	NOT_WAYPOINT	-329.0644	22.85473	150.5693	-0.1853229	0.01636297	-0.00308633	-0.9825366	0	0	0	-315	9.910894	150.5693	
549.1334	COLLISION_NONE	NOT_SWITCH	NOT_RESET	NOT_WAYPOINT	-329.1264	22.12616	152.4308	-0.1853257	0.01544632	-0.002913435	-0.9825515	0	0	0	-315	9.621218	152.4308	
549.1534	COLLISION_NONE	NOT_SWITCH	NOT_RESET	NOT_WAYPOINT	-329.1884	21.3976	154.2924	-0.1853292	0.01420778	-0.002679826	-0.9825701	0	0	0	-315	9.341435	154.2924	
549.1734	COLLISION_NONE	NOT_SWITCH	NOT_RESET	NOT_WAYPOINT	-329.2503	20.66903	156.154	-0.1853333	0.01265015	-0.002386031	-0.9825915	0	0	0	-315	9.071198	156.1541	
549.1934	COLLISION_NONE	NOT_SWITCH	NOT_RESET	NOT_WAYPOINT	-329.3122	19.94047	158.0156	-0.1853416	0.008581287	-0.001618575	-0.9826354	0	0	0	-315	8.810189	158.0156	
549.2134	COLLISION_NONE	NOT_SWITCH	NOT_RESET	NOT_WAYPOINT	-329.374	19.2119	159.8772	-0.1853451	0.006070966	-0.001145086	-0.9826541	0	0	0	-315	8.558061	159.8773	
549.2335	COLLISION_NONE	NOT_SWITCH	NOT_RESET	NOT_WAYPOINT	-329.4358	18.48334	161.7388	-0.1853476	0.003258378	-0.0006145848	-0.9826674	0	0	0	-315	8.314525	161.7388	
549.2535	COLLISION_NONE	NOT_SWITCH	NOT_RESET	NOT_WAYPOINT	-329.4975	17.75477	163.6004	-0.1853486	0.0001728182	-3.259642E-05	-0.9826728	0	0	0	-315	8.079251	163.6004	
549.2735	COLLISION_NONE	NOT_SWITCH	NOT_RESET	NOT_WAYPOINT	-329.5591	17.02621	165.4621	0.1853477	0.003133351	-0.0005910028	0.9826679	0	0	0	-315	7.851956	165.462	
549.2935	COLLISION_NONE	NOT_SWITCH	NOT_RESET	NOT_WAYPOINT	-329.6208	16.29764	167.3237	0.1853382	0.01040678	-0.001962894	0.9826177	0	0	0	-315	7.632342	167.3237	
549.3135	COLLISION_NONE	NOT_SWITCH	NOT_RESET	NOT_WAYPOINT	-329.6823	15.56908	169.1853	0.1853288	0.0143742	-0.002711216	0.9825677	0	0	0	-315	7.420142	169.1852	
549.3336	COLLISION_NONE	NOT_SWITCH	NOT_RESET	NOT_WAYPOINT	-329.7438	14.84051	171.0469	0.1853155	0.01856205	-0.003501115	0.9824975	0	0	0	-315	7.215075	171.0469	
549.3536	COLLISION_NONE	NOT_SWITCH	NOT_RESET	NOT_WAYPOINT	-329.8053	14.11195	172.9085	0.1852983	0.02289105	-0.004317637	0.9824062	0	0	0	-315	7.016889	172.9084	
549.3736	COLLISION_NONE	NOT_SWITCH	NOT_RESET	NOT_WAYPOINT	-329.8667	13.38338	174.7701	0.1852769	0.02733667	-0.005156154	0.9822925	0	0	0	-315	6.825325	174.7701	
549.3936	COLLISION_NONE	NOT_SWITCH	NOT_RESET	NOT_WAYPOINT	-329.9281	12.65482	176.6317	0.1852213	0.03641143	-0.006867808	0.981998	0	0	0	-315	6.640146	176.6317	
549.4136	COLLISION_NONE	NOT_SWITCH	NOT_RESET	NOT_WAYPOINT	-329.9894	11.92625	178.4933	0.1851875	0.04096232	-0.007726183	0.9818187	0	0	0	-315	6.461109	178.4933	
549.4337	COLLISION_NONE	NOT_SWITCH	NOT_RESET	NOT_WAYPOINT	-330.0508	11.19769	180.3549	0.1851497	0.04551234	-0.008584392	0.9816183	0	0	0	-315	6.288002	180.3549	
549.4537	COLLISION_NONE	NOT_SWITCH	NOT_RESET	NOT_WAYPOINT	-330.112	10.46913	182.2165	0.1851079	0.05006137	-0.009442417	0.9813969	0	0	0	-315	6.120587	182.2165	
549.4737	COLLISION_NONE	NOT_SWITCH	NOT_RESET	NOT_WAYPOINT	-330.1733	9.740561	184.0781	0.1850622	0.05460934	-0.01030024	0.9811543	0	0	0	-315	5.958676	184.0781	
549.4937	COLLISION_NONE	NOT_SWITCH	NOT_RESET	NOT_WAYPOINT	-330.2345	9.011997	185.9397	0.1849588	0.06370164	-0.0120152	0.980606	0	0	0	-315	5.802049	185.9397	
549.5137	COLLISION_NONE	NOT_SWITCH	NOT_RESET	NOT_WAYPOINT	-330.2957	8.283433	187.8013	0.1849011	0.0682458	-0.0128723	0.9803002	0	0	0	-315	5.65052	187.8013	
549.5338	COLLISION_NONE	NOT_SWITCH	NOT_RESET	NOT_WAYPOINT	-330.3568	7.554869	189.6629	0.1848394	0.07278848	-0.01372913	0.9799733	0	0	0	-315	5.5039	189.6628	
549.5538	COLLISION_NONE	NOT_SWITCH	NOT_RESET	NOT_WAYPOINT	-330.4179	6.826304	191.5244	0.1847738	0.07732961	-0.01458566	0.9796255	0	0	0	-315	5.362008	191.5244	
549.5738	COLLISION_NONE	NOT_SWITCH	NOT_RESET	NOT_WAYPOINT	-330.479	6.09774	193.386	0.1847042	0.08186907	-0.01544188	0.9792566	0	0	0	-315	5.224671	193.386	
549.5938	COLLISION_NONE	NOT_SWITCH	NOT_RESET	NOT_WAYPOINT	-330.5401	5.369176	195.2476	0.1845532	0.09094262	-0.01715331	0.9784556	0	0	0	-315	5.091722	195.2476	
549.6138	COLLISION_NONE	NOT_SWITCH	NOT_RESET	NOT_WAYPOINT	-330.6012	4.640612	197.1092	0.1844717	0.09547654	-0.01800848	0.9780236	0	0	0	-315	4.962999	197.1092	
549.6339	COLLISION_NONE	NOT_SWITCH	NOT_RESET	NOT_WAYPOINT	-330.6623	3.912047	198.9708	0.1843862	0.1000084	-0.01886326	0.9775706	0	0	0	-315	4.838347	198.9708	
549.6539	COLLISION_NONE	NOT_SWITCH	NOT_RESET	NOT_WAYPOINT	-330.7233	3.183483	200.8324	0.1842968	0.1045381	-0.01971764	0.9770966	0	0	0	-315	4.717626	200.8324	
549.6739	COLLISION_NONE	NOT_SWITCH	NOT_RESET	NOT_WAYPOINT	-330.7843	2.454919	202.694	0.1842058	0.1089529	-0.02055035	0.9766142	0	0	0	-315	4.600683	202.694	
549.6939	COLLISION_NONE	NOT_SWITCH	NOT_RESET	NOT_WAYPOINT	-330.8454	1.726354	204.5556	0.18404	0.116566	-0.0219863	0.9757348	0	0	0	-315	4.487386	204.5555	
549.7139	COLLISION_NONE	NOT_SWITCH	NOT_RESET	NOT_WAYPOINT	-330.8923	1.713814	205.9878	0.1839631	0.1199263	-0.02262012	0.9753274	0	0	0	-315	4.402618	205.9878	
549.7339	COLLISION_NONE	NOT_SWITCH	NOT_RESET	NOT_WAYPOINT	-330.681	1.711306	207.3842	0.1838937	0.1228827	-0.02317774	0.9749594	0	0	0	-315	4.321915	207.3842	
549.754	COLLISION_NONE	NOT_SWITCH	NOT_RESET	NOT_WAYPOINT	-330.3658	1.710805	208.7681	0.1838338	0.1253769	-0.02364819	0.9746418	0	0	0	-315	4.243781	208.7681	
549.774	COLLISION_NONE	NOT_SWITCH	NOT_RESET	NOT_WAYPOINT	-330.0172	1.710705	210.148	0.1837461	0.128939	-0.02432006	0.9741769	0	0	0	-315	4.16765	210.1481	
549.794	COLLISION_NONE	NOT_SWITCH	NOT_RESET	NOT_WAYPOINT	-329.6435	1.710684	211.5245	0.183719	0.1300214	-0.02452422	0.9740331	0	0	0	-315	4.093437	211.5245	
549.814	COLLISION_NONE	NOT_SWITCH	NOT_RESET	NOT_WAYPOINT	-329.2696	1.71068	212.9003	0.1837026	0.1306725	-0.02464702	0.9739459	0	0	0	-315	4.02093	212.9003	
549.834	COLLISION_NONE	NOT_SWITCH	NOT_RESET	NOT_WAYPOINT	-328.8943	1.71068	214.2756	0.1836967	0.1309026	-0.02469043	0.973915	0	0	0	-315	3.95008	214.2756	
549.8541	COLLISION_NONE	NOT_SWITCH	NOT_RESET	NOT_WAYPOINT	-328.5183	1.71068	215.6506	0.1837014	0.1307169	-0.0246554	0.97394	0	0	0	-315	3.88083	215.6506	
549.8741	COLLISION_NONE	NOT_SWITCH	NOT_RESET	NOT_WAYPOINT	-328.1424	1.710679	217.0256	0.1837419	0.1291068	-0.02435172	0.9741547	0	0	0	-315	3.813123	217.0256	
549.8941	COLLISION_NONE	NOT_SWITCH	NOT_RESET	NOT_WAYPOINT	-327.7704	1.710679	218.4017	0.1837773	0.1276842	-0.02408338	0.9743422	0	0	0	-315	3.746871	218.4017	
549.9141	COLLISION_NONE	NOT_SWITCH	NOT_RESET	NOT_WAYPOINT	-327.4019	1.710679	219.7787	0.1838223	0.12585	-0.02373742	0.9745808	0	0	0	-315	3.682036	219.7787	
549.9341	COLLISION_NONE	NOT_SWITCH	NOT_RESET	NOT_WAYPOINT	-327.0381	1.710679	221.1569	0.1838765	0.1236041	-0.02331381	0.9748682	0	0	0	-315	3.618581	221.1569	
549.9542	COLLISION_NONE	NOT_SWITCH	NOT_RESET	NOT_WAYPOINT	-326.6801	1.710679	222.5367	0.1839394	0.1209463	-0.02281251	0.9752015	0	0	0	-315	3.556446	222.5367	
549.9742	COLLISION_NONE	NOT_SWITCH	NOT_RESET	NOT_WAYPOINT	-326.3293	1.710679	223.9183	0.1840649	0.115456	-0.02177694	0.9758667	0	0	0	-315	3.495594	223.9183	
549.9942	COLLISION_NONE	NOT_SWITCH	NOT_RESET	NOT_WAYPOINT	-325.9965	1.71068	225.3043	0.1841201	0.1129538	-0.02130498	0.9761595	0	0	0	-315	3.435882	225.3043	
550.0142	COLLISION_NONE	NOT_SWITCH	NOT_RESET	NOT_WAYPOINT	-325.669	1.71068	226.6917	0.1841688	0.1106973	-0.02087938	0.976418	0	0	0	-315	3.377421	226.6917	
550.0342	COLLISION_NONE	NOT_SWITCH	NOT_RESET	NOT_WAYPOINT	-325.3477	1.710679	228.0804	0.1842124	0.1086411	-0.02049154	0.9766489	0	0	0	-315	3.320172	228.0804	
550.0543	COLLISION_NONE	NOT_SWITCH	NOT_RESET	NOT_WAYPOINT	-325.0322	1.710679	229.4705	0.1842527	0.1067014	-0.02012567	0.9768627	0	0	0	-315	3.264114	229.4705	
550.0743	COLLISION_NONE	NOT_SWITCH	NOT_RESET	NOT_WAYPOINT	-324.7224	1.710679	230.8619	0.1843403	0.1023595	-0.01930672	0.9773272	0	0	0	-315	3.209217	230.8619	
550.0943	COLLISION_NONE	NOT_SWITCH	NOT_RESET	NOT_WAYPOINT	-324.4265	1.71068	232.2563	0.1843893	0.09984747	-0.01883291	0.977587	0	0	0	-315	3.155385	232.2563	
550.1143	COLLISION_NONE	NOT_SWITCH	NOT_RESET	NOT_WAYPOINT	-324.1363	1.71068	233.6519	0.1844385	0.09726015	-0.0183449	0.9778478	0	0	0	-315	3.10267	233.6519	
550.1343	COLLISION_NONE	NOT_SWITCH	NOT_RESET	NOT_WAYPOINT	-323.853	1.710679	235.0489	0.1844871	0.09463488	-0.01784973	0.9781054	0	0	0	-315	3.051032	235.049	
550.1544	COLLISION_NONE	NOT_SWITCH	NOT_RESET	NOT_WAYPOINT	-323.577	1.71068	236.4474	0.1845347	0.09199025	-0.01735091	0.9783577	0	0	0	-315	3.000444	236.4474	
550.1744	COLLISION_NONE	NOT_SWITCH	NOT_RESET	NOT_WAYPOINT	-323.3085	1.71068	237.8473	0.1846262	0.08667562	-0.01634848	0.9788428	0	0	0	-315	2.950884	237.8473	
550.1944	COLLISION_NONE	NOT_SWITCH	NOT_RESET	NOT_WAYPOINT	-323.0578	1.71068	239.2506	0.18467	0.08401269	-0.0158462	0.979075	0	0	0	-315	2.902263	239.2505	
550.2144	COLLISION_NONE	NOT_SWITCH	NOT_RESET	NOT_WAYPOINT	-322.8128	1.710679	240.6548	0.1847124	0.08134796	-0.01534359	0.9793	0	0	0	-315	2.854637	240.6548	
550.2344	COLLISION_NONE	NOT_SWITCH	NOT_RESET	NOT_WAYPOINT	-322.575	1.71068	242.0603	0.1847535	0.07868205	-0.01484076	0.9795178	0	0	0	-315	2.807976	242.0603	
550.2545	COLLISION_NONE	NOT_SWITCH	NOT_RESET	NOT_WAYPOINT	-322.3447	1.710679	243.467	0.1847932	0.07601526	-0.01433775	0.9797283	0	0	0	-315	2.762258	243.467	
550.2745	COLLISION_NONE	NOT_SWITCH	NOT_RESET	NOT_WAYPOINT	-322.122	1.710679	244.875	0.1848524	0.07185385	-0.01355284	0.9800423	0	0	0	-315	2.717461	244.8749	
550.2945	COLLISION_NONE	NOT_SWITCH	NOT_RESET	NOT_WAYPOINT	-321.9146	1.710679	246.2853	0.1848715	0.07046646	-0.01329116	0.9801431	0	0	0	-315	2.673526	246.2853	
550.3145	COLLISION_NONE	NOT_SWITCH	NOT_RESET	NOT_WAYPOINT	-321.7097	1.71068	247.6959	0.1848875	0.06927066	-0.01306561	0.9802283	0	0	0	-315	2.630496	247.6959	
550.3345	COLLISION_NONE	NOT_SWITCH	NOT_RESET	NOT_WAYPOINT	-321.5081	1.710679	249.107	0.1849019	0.06818575	-0.01286098	0.9803044	0	0	0	-315	2.588346	249.1071	
550.3546	COLLISION_NONE	NOT_SWITCH	NOT_RESET	NOT_WAYPOINT	-321.3096	1.710679	250.5186	0.1849276	0.06619873	-0.01248619	0.9804405	0	0	0	-315	2.547057	250.5186	
550.3746	COLLISION_NONE	NOT_SWITCH	NOT_RESET	NOT_WAYPOINT	-321.118	1.710679	251.9311	0.1849389	0.065302	-0.01231705	0.9805007	0	0	0	-315	2.506589	251.9312	
550.3946	COLLISION_NONE	NOT_SWITCH	NOT_RESET	NOT_WAYPOINT	-320.9282	1.71068	253.3439	0.1849476	0.06460799	-0.01218615	0.9805467	0	0	0	-315	2.466948	253.3439	
550.4146	COLLISION_NONE	NOT_SWITCH	NOT_RESET	NOT_WAYPOINT	-320.7405	1.710679	254.7569	0.1849517	0.0642771	-0.01212374	0.9805684	0	0	0	-315	2.428106	254.757	
550.4346	COLLISION_NONE	NOT_SWITCH	NOT_RESET	NOT_WAYPOINT	-320.554	1.71068	256.1701	0.1849509	0.06433507	-0.01213467	0.9805646	0	0	0	-315	2.390053	256.1702	
550.4547	COLLISION_NONE	NOT_SWITCH	NOT_RESET	NOT_WAYPOINT	-320.3676	1.710679	257.5834	0.1849344	0.06566089	-0.01238475	0.9804767	0	0	0	-315	2.352771	257.5834	
550.4747	COLLISION_NONE	NOT_SWITCH	NOT_RESET	NOT_WAYPOINT	-320.1782	1.710679	258.9962	0.1849176	0.06697505	-0.01263262	0.9803878	0	0	0	-315	2.316251	258.9962	
550.4947	COLLISION_NONE	NOT_SWITCH	NOT_RESET	NOT_WAYPOINT	-319.9856	1.710679	260.4086	0.1848949	0.06871217	-0.01296027	0.9802676	0	0	0	-315	2.280477	260.4086	
550.5147	COLLISION_NONE	NOT_SWITCH	NOT_RESET	NOT_WAYPOINT	-319.7884	1.71068	261.8203	0.184866	0.07086728	-0.01336676	0.9801142	0	0	0	-315	2.245435	261.8203	
550.5347	COLLISION_NONE	NOT_SWITCH	NOT_RESET	NOT_WAYPOINT	-319.5854	1.710679	263.2312	0.1848303	0.07343768	-0.01385158	0.9799249	0	0	0	-315	2.21111	263.2312	
550.5547	COLLISION_NONE	NOT_SWITCH	NOT_RESET	NOT_WAYPOINT	-319.3755	1.710679	264.6411	0.1847361	0.07981904	-0.01505521	0.9794258	0	0	0	-315	2.177488	264.6411	
550.5748	COLLISION_NONE	NOT_SWITCH	NOT_RESET	NOT_WAYPOINT	-319.1456	1.710679	266.048	0.1846762	0.08362837	-0.01577372	0.9791079	0	0	0	-315	2.144601	266.048	
550.5948	COLLISION_NONE	NOT_SWITCH	NOT_RESET	NOT_WAYPOINT	-318.907	1.71068	267.4533	0.1846088	0.08770836	-0.01654327	0.9787508	0	0	0	-315	2.112393	267.4533	
550.6148	COLLISION_NONE	NOT_SWITCH	NOT_RESET	NOT_WAYPOINT	-318.6576	1.710679	268.8568	0.1845365	0.09188893	-0.0173318	0.9783672	0	0	0	-315	2.080854	268.8568	
550.6348	COLLISION_NONE	NOT_SWITCH	NOT_RESET	NOT_WAYPOINT	-318.3965	1.71068	270.2581	0.1844603	0.09609484	-0.0181251	0.977963	0	0	0	-315	2.049973	270.2581	
550.6548	COLLISION_NONE	NOT_SWITCH	NOT_RESET	NOT_WAYPOINT	-318.1234	1.710679	271.6571	0.1843081	0.1039799	-0.01961236	0.9771561	0	0	0	-315	2.019737	271.6571	
550.6749	COLLISION_NONE	NOT_SWITCH	NOT_RESET	NOT_WAYPOINT	-317.8235	1.710679	273.0507	0.1842366	0.1074817	-0.02027285	0.9767771	0	0	0	-315	1.990196	273.0507	
550.6949	COLLISION_NONE	NOT_SWITCH	NOT_RESET	NOT_WAYPOINT	-317.5163	1.710679	274.4427	0.1841684	0.1107196	-0.02088358	0.9764155	0	0	0	-315	1.961248	274.4426	
550.7149	COLLISION_NONE	NOT_SWITCH	NOT_RESET	NOT_WAYPOINT	-317.2003	1.710679	275.8326	0.184103	0.113734	-0.02145213	0.9760689	0	0	0	-315	1.932887	275.8326	
550.7349	COLLISION_NONE	NOT_SWITCH	NOT_RESET	NOT_WAYPOINT	-316.8757	1.710679	277.2206	0.1840406	0.1165365	-0.02198074	0.9757383	0	0	0	-315	1.9051	277.2206	
550.7549	COLLISION_NONE	NOT_SWITCH	NOT_RESET	NOT_WAYPOINT	-316.543	1.71068	278.6067	0.1839367	0.1210603	-0.022834	0.9751874	0	0	0	-315	1.877871	278.6067	
550.775	COLLISION_NONE	NOT_SWITCH	NOT_RESET	NOT_WAYPOINT	-316.1942	1.71068	279.9889	0.1838979	0.122705	-0.02314422	0.9749817	0	0	0	-315	1.851221	279.9889	
550.795	COLLISION_NONE	NOT_SWITCH	NOT_RESET	NOT_WAYPOINT	-315.8421	1.710679	281.3702	0.1838706	0.1238526	-0.02336069	0.9748366	0	0	0	-315	1.825082	281.3702	
550.815	COLLISION_NONE	NOT_SWITCH	NOT_RESET	NOT_WAYPOINT	-315.4869	1.71068	282.7506	0.183854	0.1245439	-0.02349107	0.9747486	0	0	0	-315	1.799438	282.7506	
550.835	COLLISION_NONE	NOT_SWITCH	NOT_RESET	NOT_WAYPOINT	-315.1293	1.710679	284.1305	0.1838477	0.1248014	-0.02353964	0.9747156	0	0	0	-315	1.774274	284.1305	
550.855	COLLISION_NONE	NOT_SWITCH	NOT_RESET	NOT_WAYPOINT	-314.7706	1.710679	285.5101	0.1838657	0.1240551	-0.02339888	0.9748109	0	0	0	-315	1.749573	285.5101	
550.8751	COLLISION_NONE	NOT_SWITCH	NOT_RESET	NOT_WAYPOINT	-314.413	1.710679	286.89	0.1838895	0.1230597	-0.02321112	0.974937	0	0	0	-315	1.725317	286.89	
550.8951	COLLISION_NONE	NOT_SWITCH	NOT_RESET	NOT_WAYPOINT	-314.0578	1.71068	288.2704	0.1839228	0.1216515	-0.02294552	0.9751137	0	0	0	-315	1.701488	288.2704	
550.9151	COLLISION_NONE	NOT_SWITCH	NOT_RESET	NOT_WAYPOINT	-313.7063	1.710679	289.6519	0.1839653	0.1198311	-0.02260216	0.9753391	0	0	0	-315	1.678073	289.6519	
550.9351	COLLISION_NONE	NOT_SWITCH	NOT_RESET	NOT_WAYPOINT	-313.3595	1.71068	291.0345	0.1840166	0.1175986	-0.02218106	0.9756109	0	0	0	-315	1.655057	291.0345	
550.9551	COLLISION_NONE	NOT_SWITCH	NOT_RESET	NOT_WAYPOINT	-313.0186	1.71068	292.4186	0.1841426	0.1119157	-0.02110918	0.9762791	0	0	0	-315	1.632432	292.4186	
550.9752	COLLISION_NONE	NOT_SWITCH	NOT_RESET	NOT_WAYPOINT	-312.6952	1.71068	293.8069	0.1842142	0.1085569	-0.02047565	0.9766582	0	0	0	-315	1.610141	293.8069	
550.9952	COLLISION_NONE	NOT_SWITCH	NOT_RESET	NOT_WAYPOINT	-312.3794	1.710679	295.1969	0.1842889	0.1049303	-0.01979162	0.9770545	0	0	0	-315	1.588222	295.1969	
