#Walking Trial Path#
#TimeStamp#	#Collision Event#	#Mode Switch Event#	#Reset Event#	#Waypoint Event#	#PositionX#	#PositionY#	#PositionZ#	#OrientationX#	#OrientationY#	#OrientationZ#	#OrientationW#	#HeadOrientationX#	#HeadOrientationY#	#HeadOrientationZ#	#WayPointX#	#WayPointY#	#WayPointZ#	
966.2203	COLLISION_NONE	CORRECT_SWITCH	NOT_RESET	TRIGGER_WAYPOINT	-283.0983	1.8	-289.3462	0	0	0	1	23.12181	-0.9900513	-3.345477	-293.2037	1.8	-277.918	
966.2403	COLLISION_NONE	NOT_SWITCH	NOT_RESET	NOT_WAYPOINT	-283.5371	1.8	-289.3102	0	0	0	1	23.07552	-1.013489	-3.330526	-293.2037	1.8	-277.918	
966.2603	COLLISION_NONE	NOT_SWITCH	NOT_RESET	NOT_WAYPOINT	-284.0062	1.8	-289.3685	0	0	0	1	23.08196	-1.019012	-3.313643	-293.2037	1.8	-277.918	
966.2803	COLLISION_NONE	NOT_SWITCH	NOT_RESET	NOT_WAYPOINT	-284.5045	1.8	-289.521	0	0	0	1	23.04689	-1.033661	-3.310799	-293.2037	1.8	-277.918	
966.3004	COLLISION_NONE	NOT_SWITCH	NOT_RESET	NOT_WAYPOINT	-285.0584	1.8	-289.8618	0	0	0	1	23.0459	-0.9910583	-3.294215	-293.2037	1.8	-277.918	
966.3204	COLLISION_NONE	NOT_SWITCH	NOT_RESET	NOT_WAYPOINT	-285.6371	1.8	-290.2976	0	0	0	1	23.03394	-0.9761353	-3.307122	-293.2037	1.8	-277.918	
966.3404	COLLISION_NONE	NOT_SWITCH	NOT_RESET	NOT_WAYPOINT	-286.2285	1.8	-290.8307	0	0	0	1	23.03497	-0.9550781	-3.302765	-293.2037	1.8	-277.918	
966.3604	COLLISION_NONE	NOT_SWITCH	NOT_RESET	NOT_WAYPOINT	-286.7874	1.8	-291.2671	0	0	0	1	23.02415	-0.9527588	-3.297809	-293.2037	1.8	-277.918	
966.3804	COLLISION_NONE	NOT_SWITCH	NOT_RESET	NOT_WAYPOINT	-287.3585	1.8	-291.801	0	0	0	1	22.99942	-0.9041443	-3.316457	-293.2037	1.8	-277.918	
966.4005	COLLISION_NONE	NOT_SWITCH	NOT_RESET	NOT_WAYPOINT	-287.8751	1.8	-292.1386	0	0	0	1	22.98987	-0.8703308	-3.322195	-293.2037	1.8	-277.918	
966.4205	COLLISION_NONE	NOT_SWITCH	NOT_RESET	NOT_WAYPOINT	-288.411	1.8	-292.5725	0	0	0	1	22.97388	-0.8683167	-3.351545	-293.2037	1.8	-277.918	
966.4405	COLLISION_NONE	NOT_SWITCH	NOT_RESET	NOT_WAYPOINT	-288.9182	1.8	-293.1009	0	0	0	1	22.95297	-0.9031982	-3.379897	-293.2037	1.8	-277.918	
966.4605	COLLISION_NONE	NOT_SWITCH	NOT_RESET	NOT_WAYPOINT	-289.4393	1.8	-293.5291	0	0	0	1	22.95056	-0.8870239	-3.377418	-293.2037	1.8	-277.918	
966.4805	COLLISION_NONE	NOT_SWITCH	NOT_RESET	NOT_WAYPOINT	-289.8595	1.8	-293.9682	0	0	0	1	22.90864	-0.9666443	-3.411175	-293.2037	1.8	-277.918	
966.5005	COLLISION_NONE	NOT_SWITCH	NOT_RESET	NOT_WAYPOINT	-290.4709	1.8	-294.361	0	0	0	1	22.92644	-0.9870911	-3.415742	-293.2037	1.8	-277.918	
966.5206	COLLISION_NONE	NOT_SWITCH	NOT_RESET	NOT_WAYPOINT	-290.9818	1.8	-294.7686	0	0	0	1	22.9394	-0.9830017	-3.395482	-293.2037	1.8	-277.918	
966.5406	COLLISION_NONE	NOT_SWITCH	NOT_RESET	NOT_WAYPOINT	-291.3914	1.8	-295.1648	0	0	0	1	22.93963	-0.9725342	-3.410495	-293.2037	1.8	-277.918	
966.5606	COLLISION_NONE	NOT_SWITCH	NOT_RESET	NOT_WAYPOINT	-291.8991	1.8	-295.5604	0	0	0	1	22.9505	-0.9727478	-3.418466	-293.2037	1.8	-277.918	
966.5806	COLLISION_NONE	NOT_SWITCH	NOT_RESET	NOT_WAYPOINT	-292.3061	1.8	-295.9397	0	0	0	1	22.93921	-0.9613953	-3.383134	-293.2037	1.8	-277.918	
966.6006	COLLISION_NONE	NOT_SWITCH	NOT_RESET	NOT_WAYPOINT	-292.9089	1.8	-296.3245	0	0	0	1	22.95098	-0.9468384	-3.377733	-293.2037	1.8	-277.918	
966.6207	COLLISION_NONE	NOT_SWITCH	NOT_RESET	NOT_WAYPOINT	-293.4101	1.8	-296.7009	0	0	0	1	22.90978	-0.9549255	-3.376097	-293.2037	1.8	-277.918	
966.6407	COLLISION_NONE	NOT_SWITCH	NOT_RESET	NOT_WAYPOINT	-293.8105	1.8	-297.0609	0	0	0	1	22.91823	-0.9090271	-3.381281	-293.2037	1.8	-277.918	
966.6607	COLLISION_NONE	NOT_SWITCH	NOT_RESET	NOT_WAYPOINT	-294.3089	1.8	-297.4145	0	0	0	1	22.89039	-0.8699951	-3.369273	-293.2037	1.8	-277.918	
966.6807	COLLISION_NONE	NOT_SWITCH	NOT_RESET	NOT_WAYPOINT	-294.7055	1.8	-297.7643	0	0	0	1	22.92072	-0.855957	-3.379794	-293.2037	1.8	-277.918	
966.7007	COLLISION_NONE	NOT_SWITCH	NOT_RESET	NOT_WAYPOINT	-295.2733	1.8	-298.0163	0	0	0	1	22.93667	-0.8486328	-3.381189	-293.2037	1.8	-277.918	
966.7208	COLLISION_NONE	NOT_SWITCH	NOT_RESET	NOT_WAYPOINT	-295.7498	1.8	-298.3122	0	0	0	1	22.95592	-0.8669739	-3.388908	-293.2037	1.8	-277.918	
966.7408	COLLISION_NONE	NOT_SWITCH	NOT_RESET	NOT_WAYPOINT	-296.1321	1.8	-298.6447	0	0	0	1	22.96781	-0.8482056	-3.389503	-293.2037	1.8	-277.918	
966.7608	COLLISION_NONE	NOT_SWITCH	NOT_RESET	NOT_WAYPOINT	-296.4454	1.8	-298.9016	0	0	0	1	22.96207	-0.8027344	-3.394557	-293.2037	1.8	-277.918	
966.7808	COLLISION_NONE	NOT_SWITCH	NOT_RESET	NOT_WAYPOINT	-296.888	1.8	-299.3048	0	0	0	1	22.94814	-0.766449	-3.395334	-293.2037	1.8	-277.918	
966.8008	COLLISION_NONE	NOT_SWITCH	NOT_RESET	NOT_WAYPOINT	-297.2619	1.8	-299.6321	0	0	0	1	22.95092	-0.7050476	-3.405892	-293.2037	1.8	-277.918	
966.8209	COLLISION_NONE	NOT_SWITCH	NOT_RESET	NOT_WAYPOINT	-297.5647	1.8	-299.8857	0	0	0	1	22.95601	-0.6711731	-3.385129	-293.2037	1.8	-277.918	
966.8409	COLLISION_NONE	NOT_SWITCH	NOT_RESET	NOT_WAYPOINT	-297.9343	1.8	-300.2105	0	0	0	1	22.96605	-0.6509399	-3.396717	-293.2037	1.8	-277.918	
966.8609	COLLISION_NONE	NOT_SWITCH	NOT_RESET	NOT_WAYPOINT	-298.2322	1.8	-300.4622	0	0	0	1	22.95795	-0.64151	-3.453954	-293.2037	1.8	-277.918	
966.8809	COLLISION_NONE	NOT_SWITCH	NOT_RESET	NOT_WAYPOINT	-298.6649	1.8	-300.855	0	0	0	1	22.95419	-0.7383728	-3.48788	-293.2037	1.8	-277.918	
966.9009	COLLISION_NONE	NOT_SWITCH	NOT_RESET	NOT_WAYPOINT	-299.0264	1.8	-301.1743	0	0	0	1	22.94636	-0.7386475	-3.487777	-293.2037	1.8	-277.918	
966.921	COLLISION_NONE	NOT_SWITCH	NOT_RESET	NOT_WAYPOINT	-299.316	1.8	-301.4207	0	0	0	1	22.95746	-0.736145	-3.49086	-293.2037	1.8	-277.918	
966.941	COLLISION_NONE	NOT_SWITCH	NOT_RESET	NOT_WAYPOINT	-299.6729	1.8	-301.7378	0	0	0	1	22.99269	-0.7264099	-3.468849	-293.2037	1.8	-277.918	
966.961	COLLISION_NONE	NOT_SWITCH	NOT_RESET	NOT_WAYPOINT	-299.9583	1.8	-301.9816	0	0	0	1	23.00276	-0.6891785	-3.4355	-293.2037	1.8	-277.918	
966.981	COLLISION_NONE	NOT_SWITCH	NOT_RESET	NOT_WAYPOINT	-300.3766	1.8	-302.3684	0	0	0	1	22.99373	-0.7110596	-3.447607	-293.2037	1.8	-277.918	
967.001	COLLISION_NONE	NOT_SWITCH	NOT_RESET	NOT_WAYPOINT	-300.7247	1.8	-302.6807	0	0	0	1	22.97922	-0.6920776	-3.43219	-293.2037	1.8	-277.918	
967.0211	COLLISION_NONE	NOT_SWITCH	NOT_RESET	NOT_WAYPOINT	-301.0021	1.8	-302.9189	0	0	0	1	22.95472	-0.708252	-3.453125	-293.2037	1.8	-277.918	
967.0411	COLLISION_NONE	NOT_SWITCH	NOT_RESET	NOT_WAYPOINT	-301.3377	1.8	-303.2355	0	0	0	1	22.94798	-0.6875	-3.448683	-293.2037	1.8	-277.918	
967.0611	COLLISION_NONE	NOT_SWITCH	NOT_RESET	NOT_WAYPOINT	-301.6106	1.8	-303.4712	0	0	0	1	22.92105	-0.6968079	-3.436384	-293.2037	1.8	-277.918	
967.0811	COLLISION_NONE	NOT_SWITCH	NOT_RESET	NOT_WAYPOINT	-301.7376	1.8	-303.5632	0	0	0	1	22.94049	-0.621582	-3.422884	-293.2037	1.8	-277.918	
967.1011	COLLISION_NONE	NOT_SWITCH	NOT_RESET	NOT_WAYPOINT	-301.9339	1.8	-303.724	0	0	0	1	22.92737	-0.5675964	-3.432087	-293.2037	1.8	-277.918	
967.1212	COLLISION_NONE	NOT_SWITCH	NOT_RESET	NOT_WAYPOINT	-302.1993	1.8	-303.9538	0	0	0	1	22.90769	-0.521698	-3.421483	-293.2037	1.8	-277.918	
967.1412	COLLISION_NONE	NOT_SWITCH	NOT_RESET	NOT_WAYPOINT	-302.3902	1.8	-304.1133	0	0	0	1	22.90898	-0.4944153	-3.42617	-293.2037	1.8	-277.918	
967.1612	COLLISION_NONE	NOT_SWITCH	NOT_RESET	NOT_WAYPOINT	-302.6517	1.8	-304.3401	0	0	0	1	22.88021	-0.4396362	-3.446139	-293.2037	1.8	-277.918	
967.1812	COLLISION_NONE	NOT_SWITCH	NOT_RESET	NOT_WAYPOINT	-302.7631	1.8	-304.4276	0	0	0	1	22.84951	-0.4500122	-3.476254	-293.2037	1.8	-277.918	
967.2012	COLLISION_NONE	NOT_SWITCH	NOT_RESET	NOT_WAYPOINT	-302.946	1.8	-304.5817	0	0	0	1	22.8348	-0.367981	-3.474598	-293.2037	1.8	-277.918	
967.2213	COLLISION_NONE	NOT_SWITCH	NOT_RESET	NOT_WAYPOINT	-303.2001	1.8	-304.8024	0	0	0	1	22.81101	-0.3772888	-3.462372	-293.2037	1.8	-277.918	
967.2413	COLLISION_NONE	NOT_SWITCH	NOT_RESET	NOT_WAYPOINT	-303.3789	1.8	-304.9538	0	0	0	1	22.81939	-0.3639526	-3.472666	-293.2037	1.8	-277.918	
967.2613	COLLISION_NONE	NOT_SWITCH	NOT_RESET	NOT_WAYPOINT	-303.6294	1.8	-305.1715	0	0	0	1	22.77608	-0.3218994	-3.466839	-293.2037	1.8	-277.918	
967.2813	COLLISION_NONE	NOT_SWITCH	NOT_RESET	NOT_WAYPOINT	-303.7285	1.8	-305.2511	0	0	0	1	22.74917	-0.3242493	-3.482424	-293.2037	1.8	-277.918	
967.3013	COLLISION_NONE	NOT_SWITCH	NOT_RESET	NOT_WAYPOINT	-303.8997	1.8	-305.3966	0	0	0	1	22.76126	-0.3063354	-3.464255	-293.2037	1.8	-277.918	
967.3214	COLLISION_NONE	NOT_SWITCH	NOT_RESET	NOT_WAYPOINT	-304.1428	1.8	-305.6081	0	0	0	1	22.72279	-0.2959595	-3.455479	-293.2037	1.8	-277.918	
967.3414	COLLISION_NONE	NOT_SWITCH	NOT_RESET	NOT_WAYPOINT	-304.3102	1.8	-305.7507	0	0	0	1	22.65969	-0.2731934	-3.449131	-293.2037	1.8	-277.918	
967.3614	COLLISION_NONE	NOT_SWITCH	NOT_RESET	NOT_WAYPOINT	-304.6216	1.8	-306.0249	0	0	0	1	22.63464	-0.2419739	-3.444128	-293.2037	1.8	-277.918	
967.3814	COLLISION_NONE	NOT_SWITCH	NOT_RESET	NOT_WAYPOINT	-304.8574	1.8	-306.2302	0	0	0	1	22.56845	-0.251709	-3.442577	-293.2037	1.8	-277.918	
967.4014	COLLISION_NONE	NOT_SWITCH	NOT_RESET	NOT_WAYPOINT	-305.0173	1.8	-306.3667	0	0	0	1	22.54061	-0.2119141	-3.441892	-293.2037	1.8	-277.918	
967.4214	COLLISION_NONE	NOT_SWITCH	NOT_RESET	NOT_WAYPOINT	-305.2494	1.8	-306.5689	0	0	0	1	22.48725	-0.2108459	-3.455581	-293.2037	1.8	-277.918	
967.4415	COLLISION_NONE	NOT_SWITCH	NOT_RESET	NOT_WAYPOINT	-305.4055	1.8	-306.7024	0	0	0	1	22.43891	-0.1781921	-3.445708	-293.2037	1.8	-277.918	
967.4615	COLLISION_NONE	NOT_SWITCH	NOT_RESET	NOT_WAYPOINT	-305.7061	1.8	-306.9672	0	0	0	1	22.43323	-0.1340332	-3.459022	-293.2037	1.8	-277.918	
967.4815	COLLISION_NONE	NOT_SWITCH	NOT_RESET	NOT_WAYPOINT	-305.9308	1.8	-307.1632	0	0	0	1	22.43313	-0.07577515	-3.44042	-293.2037	1.8	-277.918	
967.5015	COLLISION_NONE	NOT_SWITCH	NOT_RESET	NOT_WAYPOINT	-306.0797	1.8	-307.2905	0	0	0	1	22.43252	-0.0843811	-3.462789	-293.2037	1.8	-277.918	
967.5215	COLLISION_NONE	NOT_SWITCH	NOT_RESET	NOT_WAYPOINT	-306.3007	1.8	-307.4835	0	0	0	1	22.44053	-0.07846069	-3.479722	-293.2037	1.8	-277.918	
967.5416	COLLISION_NONE	NOT_SWITCH	NOT_RESET	NOT_WAYPOINT	-306.4458	1.8	-307.6078	0	0	0	1	22.433	-0.09533691	-3.516675	-293.2037	1.8	-277.918	
967.5616	COLLISION_NONE	NOT_SWITCH	NOT_RESET	NOT_WAYPOINT	-306.7354	1.8	-307.8633	0	0	0	1	22.45108	-0.04452515	-3.54702	-293.2037	1.8	-277.918	
967.5816	COLLISION_NONE	NOT_SWITCH	NOT_RESET	NOT_WAYPOINT	-306.9491	1.8	-308.05	0	0	0	1	22.44308	-0.0475769	-3.551821	-293.2037	1.8	-277.918	
967.6016	COLLISION_NONE	NOT_SWITCH	NOT_RESET	NOT_WAYPOINT	-307.0869	1.8	-308.1681	0	0	0	1	22.44991	0.02124023	-3.548214	-293.2037	1.8	-277.918	
967.6216	COLLISION_NONE	NOT_SWITCH	NOT_RESET	NOT_WAYPOINT	-307.2969	1.8	-308.3517	0	0	0	1	22.43463	0.003112793	-3.566428	-293.2037	1.8	-277.918	
967.6417	COLLISION_NONE	NOT_SWITCH	NOT_RESET	NOT_WAYPOINT	-307.431	1.8	-308.4667	0	0	0	1	22.50038	0.1748657	-3.535679	-293.2037	1.8	-277.918	
967.6617	COLLISION_NONE	NOT_SWITCH	NOT_RESET	NOT_WAYPOINT	-307.7095	1.8	-308.713	0	0	0	1	22.50887	0.1881714	-3.545957	-293.2037	1.8	-277.918	
967.6817	COLLISION_NONE	NOT_SWITCH	NOT_RESET	NOT_WAYPOINT	-307.9121	1.8	-308.8905	0	0	0	1	22.5423	0.2297974	-3.561077	-293.2037	1.8	-277.918	
967.7017	COLLISION_NONE	NOT_SWITCH	NOT_RESET	NOT_WAYPOINT	-308.0389	1.8	-308.9992	0	0	0	1	22.53904	0.2281799	-3.550265	-293.2037	1.8	-277.918	
967.7217	COLLISION_NONE	NOT_SWITCH	NOT_RESET	NOT_WAYPOINT	-308.2379	1.8	-309.1736	0	0	0	1	22.50649	0.2049866	-3.562335	-293.2037	1.8	-277.918	
967.7418	COLLISION_NONE	NOT_SWITCH	NOT_RESET	NOT_WAYPOINT	-308.361	1.8	-309.2793	0	0	0	1	22.47852	0.181427	-3.582322	-293.2037	1.8	-277.918	
967.7618	COLLISION_NONE	NOT_SWITCH	NOT_RESET	NOT_WAYPOINT	-308.6283	1.8	-309.5165	0	0	0	1	22.50253	0.1921082	-3.578726	-293.2037	1.8	-277.918	
967.7818	COLLISION_NONE	NOT_SWITCH	NOT_RESET	NOT_WAYPOINT	-308.8199	1.8	-309.6848	0	0	0	1	22.46281	0.1791382	-3.571433	-293.2037	1.8	-277.918	
967.8018	COLLISION_NONE	NOT_SWITCH	NOT_RESET	NOT_WAYPOINT	-308.9357	1.8	-309.7841	0	0	0	1	22.45246	0.1920166	-3.573908	-293.2037	1.8	-277.918	
967.8218	COLLISION_NONE	NOT_SWITCH	NOT_RESET	NOT_WAYPOINT	-309.1235	1.8	-309.9494	0	0	0	1	22.42405	0.243988	-3.557023	-293.2037	1.8	-277.918	
967.8419	COLLISION_NONE	NOT_SWITCH	NOT_RESET	NOT_WAYPOINT	-309.2357	1.8	-310.0457	0	0	0	1	22.4303	0.2736206	-3.53056	-293.2037	1.8	-277.918	
967.8619	COLLISION_NONE	NOT_SWITCH	NOT_RESET	NOT_WAYPOINT	-309.4913	1.8	-310.2744	0	0	0	1	22.41175	0.3047485	-3.525703	-293.2037	1.8	-277.918	
967.8819	COLLISION_NONE	NOT_SWITCH	NOT_RESET	NOT_WAYPOINT	-309.6716	1.8	-310.4337	0	0	0	1	22.3985	0.3226929	-3.518629	-293.2037	1.8	-277.918	
967.9019	COLLISION_NONE	NOT_SWITCH	NOT_RESET	NOT_WAYPOINT	-309.7766	1.8	-310.5236	0	0	0	1	22.38085	0.3704834	-3.503565	-293.2037	1.8	-277.918	
967.9219	COLLISION_NONE	NOT_SWITCH	NOT_RESET	NOT_WAYPOINT	-309.8047	1.8	-310.5459	0	0	0	1	22.3625	0.379364	-3.492225	-293.2037	1.8	-277.918	
967.942	COLLISION_NONE	NOT_SWITCH	NOT_RESET	NOT_WAYPOINT	-309.9059	1.8	-310.6327	0	0	0	1	22.31581	0.4177551	-3.545205	-293.2037	1.8	-277.918	
967.962	COLLISION_NONE	NOT_SWITCH	NOT_RESET	NOT_WAYPOINT	-310.153	1.8	-310.8494	0	0	0	1	22.32774	-359.5067	-3.542978	-293.2037	1.8	-277.918	
967.982	COLLISION_NONE	NOT_SWITCH	NOT_RESET	NOT_WAYPOINT	-310.3236	1.8	-310.998	0	0	0	1	22.30058	-359.4575	-3.557865	-293.2037	1.8	-277.918	
968.002	COLLISION_NONE	NOT_SWITCH	NOT_RESET	NOT_WAYPOINT	-310.4176	1.8	-311.0785	0	0	0	1	22.32099	-359.3712	-3.570744	-293.2037	1.8	-277.918	
968.022	COLLISION_NONE	NOT_SWITCH	NOT_RESET	NOT_WAYPOINT	-310.435	1.8	-311.0912	0	0	0	1	22.30974	-359.2375	-3.614233	-293.2037	1.8	-277.918	
968.0421	COLLISION_NONE	NOT_SWITCH	NOT_RESET	NOT_WAYPOINT	-310.5984	1.8	-311.2334	0	0	0	1	22.30727	-359.225	-3.624636	-293.2037	1.8	-277.918	
968.0621	COLLISION_NONE	NOT_SWITCH	NOT_RESET	NOT_WAYPOINT	-310.6852	1.8	-311.3076	0	0	0	1	22.30209	-359.1497	-3.668065	-293.2037	1.8	-277.918	
968.0821	COLLISION_NONE	NOT_SWITCH	NOT_RESET	NOT_WAYPOINT	-310.6953	1.8	-311.3141	0	0	0	1	22.29918	-359.1212	-3.675987	-293.2037	1.8	-277.918	
968.1021	COLLISION_NONE	NOT_SWITCH	NOT_RESET	NOT_WAYPOINT	-310.7785	1.8	-311.3853	0	0	0	1	22.30366	-359.1241	-3.6887	-293.2037	1.8	-277.918	
968.1221	COLLISION_NONE	NOT_SWITCH	NOT_RESET	NOT_WAYPOINT	-310.9348	1.8	-311.521	0	0	0	1	22.28724	-359.1638	-3.719047	-293.2037	1.8	-277.918	
968.1422	COLLISION_NONE	NOT_SWITCH	NOT_RESET	NOT_WAYPOINT	-310.937	1.8	-311.5222	0	0	0	1	22.27576	-359.1726	-3.733673	-293.2037	1.8	-277.918	
968.1622	COLLISION_NONE	NOT_SWITCH	NOT_RESET	NOT_WAYPOINT	-311.0129	1.8	-311.5872	0	0	0	1	22.2815	-359.1301	-3.744004	-293.2037	1.8	-277.918	
968.1822	COLLISION_NONE	NOT_SWITCH	NOT_RESET	NOT_WAYPOINT	-311.1628	1.8	-311.7159	0	0	0	1	22.24944	-359.1431	-3.736969	-293.2037	1.8	-277.918	
968.2022	COLLISION_NONE	WAIT_SWITCH	NOT_RESET	NOT_WAYPOINT	-315	1.8	-315	0	0	0	1	22.25486	-359.13	-3.747322	-293.2037	1.8	-277.918	
968.2222	COLLISION_NONE	NOT_SWITCH	NOT_RESET	NOT_WAYPOINT	-315.0723	1.8	-315.0619	0	0	0	1	22.26232	-359.1342	-3.722459	-293.2037	1.8	-277.918	
968.2422	COLLISION_NONE	NOT_SWITCH	NOT_RESET	NOT_WAYPOINT	-315.1106	1.8	-315.0946	0	0	0	1	22.28	-359.1009	-3.744201	-293.2037	1.8	-277.918	
968.2623	COLLISION_NONE	NOT_SWITCH	NOT_RESET	NOT_WAYPOINT	-315.1318	1.8	-315.1128	0	0	0	1	22.29078	-359.0501	-3.740063	-293.2037	1.8	-277.918	
968.2823	COLLISION_NONE	NOT_SWITCH	NOT_RESET	NOT_WAYPOINT	-315.1361	1.8	-315.1164	0	0	0	1	22.26776	-359.0425	-3.736683	-293.2037	1.8	-277.918	
968.3023	COLLISION_NONE	NOT_SWITCH	NOT_RESET	NOT_WAYPOINT	-315.1361	1.8	-315.1164	0	0	0	1	22.25965	-359.0477	-3.738556	-293.2037	1.8	-277.918	
968.3223	COLLISION_NONE	NOT_SWITCH	NOT_RESET	NOT_WAYPOINT	-315.1361	1.8	-315.1164	0	0	0	1	22.25401	-359.038	-3.780499	-293.2037	1.8	-277.918	
968.3423	COLLISION_NONE	NOT_SWITCH	NOT_RESET	NOT_WAYPOINT	-315.1361	1.8	-315.1164	0	0	0	1	22.2263	-359.0566	-3.791026	-293.2037	1.8	-277.918	
968.3624	COLLISION_NONE	NOT_SWITCH	NOT_RESET	NOT_WAYPOINT	-315.1361	1.8	-315.1164	0	0	0	1	22.21966	-359.0384	-3.810524	-293.2037	1.8	-277.918	
968.3824	COLLISION_NONE	NOT_SWITCH	NOT_RESET	NOT_WAYPOINT	-315.1361	1.8	-315.1164	0	0	0	1	22.22605	-359.0086	-3.810669	-293.2037	1.8	-277.918	
968.4024	COLLISION_NONE	NOT_SWITCH	NOT_RESET	NOT_WAYPOINT	-315.1361	1.8	-315.1164	0	0	0	1	22.20518	-358.9636	-3.792965	-293.2037	1.8	-277.918	
968.4224	COLLISION_NONE	NOT_SWITCH	NOT_RESET	NOT_WAYPOINT	-315.1361	1.8	-315.1164	0	0	0	1	22.17975	-358.9981	-3.805756	-293.2037	1.8	-277.918	
968.4424	COLLISION_NONE	NOT_SWITCH	NOT_RESET	NOT_WAYPOINT	-315.1361	1.8	-315.1164	0	0	0	1	22.18436	-358.9965	-3.790066	-293.2037	1.8	-277.918	
968.4625	COLLISION_NONE	NOT_SWITCH	NOT_RESET	NOT_WAYPOINT	-315.1361	1.8	-315.1164	0	0	0	1	22.18626	-359.0196	-3.798928	-293.2037	1.8	-277.918	
968.4825	COLLISION_NONE	NOT_SWITCH	NOT_RESET	NOT_WAYPOINT	-315.1361	1.8	-315.1164	0	0	0	1	22.19382	-359.0224	-3.784926	-293.2037	1.8	-277.918	
968.5025	COLLISION_NONE	NOT_SWITCH	NOT_RESET	NOT_WAYPOINT	-315.1361	1.8	-315.1164	0	0	0	1	22.1814	-359.0465	-3.794063	-293.2037	1.8	-277.918	
968.5225	COLLISION_NONE	NOT_SWITCH	NOT_RESET	NOT_WAYPOINT	-315.1361	1.8	-315.1164	0	0	0	1	22.11097	-359.1215	-3.741735	-293.2037	1.8	-277.918	
968.5425	COLLISION_NONE	NOT_SWITCH	NOT_RESET	NOT_WAYPOINT	-315.1361	1.8	-315.1164	0	0	0	1	22.03502	-359.1613	-3.725232	-293.2037	1.8	-277.918	
968.5626	COLLISION_NONE	NOT_SWITCH	NOT_RESET	NOT_WAYPOINT	-315.1361	1.8	-315.1164	0	0	0	1	22.02481	-359.1209	-3.690475	-293.2037	1.8	-277.918	
968.5826	COLLISION_NONE	NOT_SWITCH	NOT_RESET	NOT_WAYPOINT	-315.1361	1.8	-315.1164	0	0	0	1	21.97496	-359.1953	-3.680166	-293.2037	1.8	-277.918	
968.6026	COLLISION_NONE	NOT_SWITCH	NOT_RESET	NOT_WAYPOINT	-315.1361	1.8	-315.1164	0	0	0	1	21.96137	-359.1578	-3.650333	-293.2037	1.8	-277.918	
968.6226	COLLISION_NONE	NOT_SWITCH	NOT_RESET	NOT_WAYPOINT	-315.1361	1.8	-315.1164	0	0	0	1	21.9655	-359.1416	-3.647944	-293.2037	1.8	-277.918	
968.6426	COLLISION_NONE	NOT_SWITCH	NOT_RESET	NOT_WAYPOINT	-315.1361	1.8	-315.1164	0	0	0	1	21.96913	-359.1314	-3.609827	-293.2037	1.8	-277.918	
968.6627	COLLISION_NONE	NOT_SWITCH	NOT_RESET	NOT_WAYPOINT	-315.1361	1.8	-315.1164	0	0	0	1	21.95677	-359.1555	-3.618876	-293.2037	1.8	-277.918	
968.6827	COLLISION_NONE	NOT_SWITCH	NOT_RESET	NOT_WAYPOINT	-315.1361	1.8	-315.1164	0	0	0	1	21.96799	-359.152	-3.613905	-293.2037	1.8	-277.918	
968.7027	COLLISION_NONE	NOT_SWITCH	NOT_RESET	NOT_WAYPOINT	-315.1361	1.8	-315.1164	0	0	0	1	21.96035	-359.1744	-3.633876	-293.2037	1.8	-277.918	
968.7227	COLLISION_NONE	NOT_SWITCH	NOT_RESET	NOT_WAYPOINT	-315.1361	1.8	-315.1164	0	0	0	1	21.94578	-359.2384	-3.661947	-293.2037	1.8	-277.918	
968.7427	COLLISION_NONE	NOT_SWITCH	NOT_RESET	NOT_WAYPOINT	-315.1361	1.8	-315.1164	0	0	0	1	21.94308	-359.2054	-3.668223	-293.2037	1.8	-277.918	
968.7628	COLLISION_NONE	NOT_SWITCH	NOT_RESET	NOT_WAYPOINT	-315.1361	1.8	-315.1164	0	0	0	1	21.93201	-359.2062	-3.668361	-293.2037	1.8	-277.918	
968.7828	COLLISION_NONE	NOT_SWITCH	NOT_RESET	NOT_WAYPOINT	-315.1361	1.8	-315.1164	0	0	0	1	21.93161	-359.2135	-3.674958	-293.2037	1.8	-277.918	
968.8028	COLLISION_NONE	NOT_SWITCH	NOT_RESET	NOT_WAYPOINT	-315.1361	1.8	-315.1164	0	0	0	1	21.96663	-359.2032	-3.660204	-293.2037	1.8	-277.918	
968.8228	COLLISION_NONE	NOT_SWITCH	NOT_RESET	NOT_WAYPOINT	-315.1361	1.8	-315.1164	0	0	0	1	21.99416	-359.188	-3.662469	-293.2037	1.8	-277.918	
968.8428	COLLISION_NONE	NOT_SWITCH	NOT_RESET	NOT_WAYPOINT	-315.1361	1.8	-315.1164	0	0	0	1	22.01426	-359.1655	-3.650328	-293.2037	1.8	-277.918	
968.8629	COLLISION_NONE	NOT_SWITCH	NOT_RESET	NOT_WAYPOINT	-315.1361	1.8	-315.1164	0	0	0	1	22.05029	-359.1371	-3.636257	-293.2037	1.8	-277.918	
968.8829	COLLISION_NONE	NOT_SWITCH	NOT_RESET	NOT_WAYPOINT	-315.1361	1.8	-315.1164	0	0	0	1	22.0692	-359.1385	-3.667468	-293.2037	1.8	-277.918	
968.9029	COLLISION_NONE	NOT_SWITCH	NOT_RESET	NOT_WAYPOINT	-315.1361	1.8	-315.1164	0	0	0	1	22.09258	-359.196	-3.674706	-293.2037	1.8	-277.918	
968.9229	COLLISION_NONE	NOT_SWITCH	NOT_RESET	NOT_WAYPOINT	-315.1361	1.8	-315.1164	0	0	0	1	22.08391	-359.2364	-3.693993	-293.2037	1.8	-277.918	
968.9429	COLLISION_NONE	NOT_SWITCH	NOT_RESET	NOT_WAYPOINT	-315.1361	1.8	-315.1164	0	0	0	1	22.08922	-359.1995	-3.687471	-293.2037	1.8	-277.918	
968.963	COLLISION_NONE	NOT_SWITCH	NOT_RESET	NOT_WAYPOINT	-315.1361	1.8	-315.1164	0	0	0	1	22.07261	-359.2166	-3.689904	-293.2037	1.8	-277.918	
968.983	COLLISION_NONE	NOT_SWITCH	NOT_RESET	NOT_WAYPOINT	-315.1361	1.8	-315.1164	0	0	0	1	22.08191	-359.1894	-3.66825	-293.2037	1.8	-277.918	
969.003	COLLISION_NONE	NOT_SWITCH	NOT_RESET	NOT_WAYPOINT	-315.1361	1.8	-315.1164	0	0	0	1	22.10277	-359.1548	-3.674278	-293.2037	1.8	-277.918	
969.023	COLLISION_NONE	NOT_SWITCH	NOT_RESET	NOT_WAYPOINT	-315.1361	1.8	-315.1164	0	0	0	1	22.14797	-359.1031	-3.65903	-293.2037	1.8	-277.918	
969.043	COLLISION_NONE	NOT_SWITCH	NOT_RESET	NOT_WAYPOINT	-315.1361	1.8	-315.1164	0	0	0	1	22.20597	-359.0232	-3.667249	-293.2037	1.8	-277.918	
969.063	COLLISION_NONE	NOT_SWITCH	NOT_RESET	NOT_WAYPOINT	-315.1361	1.8	-315.1164	0	0	0	1	22.22672	-358.9891	-3.654441	-293.2037	1.8	-277.918	
969.0831	COLLISION_NONE	NOT_SWITCH	NOT_RESET	NOT_WAYPOINT	-315.1361	1.8	-315.1164	0	0	0	1	22.28624	-358.9634	-3.668374	-293.2037	1.8	-277.918	
969.1031	COLLISION_NONE	NOT_SWITCH	NOT_RESET	NOT_WAYPOINT	-315.1361	1.8	-315.1164	0	0	0	1	22.29377	-359.0261	-3.696401	-293.2037	1.8	-277.918	
969.1231	COLLISION_NONE	NOT_SWITCH	NOT_RESET	NOT_WAYPOINT	-315.1361	1.8	-315.1164	0	0	0	1	22.25098	-359.0598	-3.71259	-293.2037	1.8	-277.918	
969.1431	COLLISION_NONE	NOT_SWITCH	NOT_RESET	NOT_WAYPOINT	-315.1361	1.8	-315.1164	0	0	0	1	22.24993	-359.0791	-3.727628	-293.2037	1.8	-277.918	
969.1631	COLLISION_NONE	NOT_SWITCH	NOT_RESET	NOT_WAYPOINT	-315.1361	1.8	-315.1164	0	0	0	1	22.23171	-359.1237	-3.73303	-293.2037	1.8	-277.918	
969.1832	COLLISION_NONE	CORRECT_SWITCH	NOT_RESET	NOT_WAYPOINT	-315.1361	1.8	-315.1164	0	0.001110109	0	0.9999994	22.24035	-359.1091	-3.727584	-293.2037	1.8	-277.918	
969.2032	COLLISION_NONE	NOT_SWITCH	NOT_RESET	NOT_WAYPOINT	-315.1511	1.8	-315.1772	0	0.00471778	0	0.9999889	22.24484	-359.1409	-3.705505	-293.2037	1.8	-277.918	
969.2232	COLLISION_NONE	NOT_SWITCH	NOT_RESET	NOT_WAYPOINT	-315.1679	1.8	-315.2365	0	0.006800267	0	0.9999769	22.25899	-359.164	-3.669025	-293.2037	1.8	-277.918	
969.2432	COLLISION_NONE	NOT_SWITCH	NOT_RESET	NOT_WAYPOINT	-315.1844	1.8	-315.2971	0	0.008953048	0	0.9999599	22.2689	-359.1814	-3.641605	-293.2037	1.8	-277.918	
969.2632	COLLISION_NONE	NOT_SWITCH	NOT_RESET	NOT_WAYPOINT	-315.2008	1.8	-315.3571	0	0.01114161	0	0.999938	22.28165	-359.2073	-3.636442	-293.2037	1.8	-277.918	
969.2833	COLLISION_NONE	NOT_SWITCH	NOT_RESET	NOT_WAYPOINT	-315.2171	1.8	-315.4176	0	0.01556521	0	0.9998789	22.28861	-359.3339	-3.586226	-293.2037	1.8	-277.918	
969.3033	COLLISION_NONE	NOT_SWITCH	NOT_RESET	NOT_WAYPOINT	-315.2319	1.8	-315.4774	0	0.01778743	0	0.9998419	22.3176	-359.3494	-3.57742	-293.2037	1.8	-277.918	
969.3233	COLLISION_NONE	NOT_SWITCH	NOT_RESET	NOT_WAYPOINT	-315.2465	1.8	-315.5385	0	0.02001201	0	0.9997998	22.30419	-359.3918	-3.559284	-293.2037	1.8	-277.918	
969.3433	COLLISION_NONE	NOT_SWITCH	NOT_RESET	NOT_WAYPOINT	-315.2564	1.8	-315.4821	0	0.02223839	0	0.9997527	22.31778	-359.4025	-3.506456	-293.2037	1.8	-277.918	
969.3633	COLLISION_NONE	NOT_SWITCH	NOT_RESET	NOT_WAYPOINT	-315.2614	1.8	-315.3081	0	0.02446429	0	0.9997007	22.28423	-359.4441	-3.49135	-293.2037	1.8	-277.918	
969.3834	COLLISION_NONE	NOT_SWITCH	NOT_RESET	NOT_WAYPOINT	-315.2608	1.8	-315.0168	0	0.02891804	0	0.9995818	22.33522	-359.4607	-3.426155	-293.2037	1.8	-277.918	
969.4034	COLLISION_NONE	NOT_SWITCH	NOT_RESET	NOT_WAYPOINT	-315.3712	1.8	-314.6682	0	0.03114823	0	0.9995148	22.37123	-359.4313	-3.396404	-293.2037	1.8	-277.918	
969.4234	COLLISION_NONE	NOT_SWITCH	NOT_RESET	NOT_WAYPOINT	-315.4737	1.8	-314.3246	0	0.03338017	0	0.9994428	22.38713	-359.4258	-3.367946	-293.2037	1.8	-277.918	
969.4434	COLLISION_NONE	NOT_SWITCH	NOT_RESET	NOT_WAYPOINT	-315.5748	1.8	-313.9832	0	0.03561404	0	0.9993656	22.41257	-359.4222	-3.370678	-293.2037	1.8	-277.918	
969.4634	COLLISION_NONE	NOT_SWITCH	NOT_RESET	NOT_WAYPOINT	-315.6737	1.8	-313.6432	0	0.0378483	0	0.9992835	22.39875	-359.4753	-3.371895	-293.2037	1.8	-277.918	
969.4835	COLLISION_NONE	NOT_SWITCH	NOT_RESET	NOT_WAYPOINT	-315.7693	1.8	-313.3028	0	0.04231661	0	0.9991043	22.37648	0.4599609	-3.400301	-293.2037	1.8	-277.918	
969.5035	COLLISION_NONE	NOT_SWITCH	NOT_RESET	NOT_WAYPOINT	-315.8586	1.8	-312.9602	0	0.04454977	0	0.9990072	22.38144	-359.507	-3.387612	-293.2037	1.8	-277.918	
969.5235	COLLISION_NONE	NOT_SWITCH	NOT_RESET	NOT_WAYPOINT	-315.9471	1.8	-312.6161	0	0.0467816	0	0.9989052	22.35827	0.4715271	-3.384128	-293.2037	1.8	-277.918	
969.5435	COLLISION_NONE	NOT_SWITCH	NOT_RESET	NOT_WAYPOINT	-316.0341	1.8	-312.2719	0	0.04901279	0	0.9987982	22.35918	-359.5111	-3.36603	-293.2037	1.8	-277.918	
969.5635	COLLISION_NONE	NOT_SWITCH	NOT_RESET	NOT_WAYPOINT	-316.1196	1.8	-311.9273	0	0.05124371	0	0.9986862	22.36243	0.4279785	-3.336129	-293.2037	1.8	-277.918	
969.5836	COLLISION_NONE	NOT_SWITCH	NOT_RESET	NOT_WAYPOINT	-316.2036	1.8	-311.5824	0	0.05570949	0	0.9984471	22.42536	0.4006348	-3.324873	-293.2037	1.8	-277.918	
969.6036	COLLISION_NONE	NOT_SWITCH	NOT_RESET	NOT_WAYPOINT	-316.2838	1.8	-311.2372	0	0.05794491	0	0.9983198	22.44471	0.4103088	-3.3024	-293.2037	1.8	-277.918	
969.6236	COLLISION_NONE	NOT_SWITCH	NOT_RESET	NOT_WAYPOINT	-316.3629	1.8	-310.8908	0	0.0601823	0	0.9981874	22.47453	0.4091187	-3.280468	-293.2037	1.8	-277.918	
969.6436	COLLISION_NONE	NOT_SWITCH	NOT_RESET	NOT_WAYPOINT	-316.4407	1.8	-310.5444	0	0.0624215	0	0.9980499	22.49052	0.4158936	-3.26293	-293.2037	1.8	-277.918	
969.6636	COLLISION_NONE	NOT_SWITCH	NOT_RESET	NOT_WAYPOINT	-316.5169	1.8	-310.1977	0	0.06466127	0	0.9979073	22.49809	0.4108276	-3.245976	-293.2037	1.8	-277.918	
969.6837	COLLISION_NONE	NOT_SWITCH	NOT_RESET	NOT_WAYPOINT	-316.5916	1.8	-309.8506	0	0.06913882	0	0.9976071	22.45022	0.3267822	-3.212663	-293.2037	1.8	-277.918	
969.7037	COLLISION_NONE	NOT_SWITCH	NOT_RESET	NOT_WAYPOINT	-316.6625	1.8	-309.5034	0	0.07137713	0	0.9974495	22.48411	0.3796997	-3.227192	-293.2037	1.8	-277.918	
969.7237	COLLISION_NONE	NOT_SWITCH	NOT_RESET	NOT_WAYPOINT	-316.7323	1.8	-309.1551	0	0.07361525	0	0.9972867	22.4823	0.4071045	-3.224251	-293.2037	1.8	-277.918	
969.7437	COLLISION_NONE	NOT_SWITCH	NOT_RESET	NOT_WAYPOINT	-316.8014	1.8	-308.809	0	0.07585508	0	0.9971189	22.53041	0.4588928	-3.235513	-293.2037	1.8	-277.918	
969.7637	COLLISION_NONE	NOT_SWITCH	NOT_RESET	NOT_WAYPOINT	-316.8676	1.8	-308.4641	0	0.0780962	0	0.9969459	22.5464	0.4659119	-3.244547	-293.2037	1.8	-277.918	
969.7838	COLLISION_NONE	NOT_SWITCH	NOT_RESET	NOT_WAYPOINT	-316.9312	1.8	-308.1209	0	0.08258196	0	0.9965844	22.59982	-359.4692	-3.239473	-293.2037	1.8	-277.918	
969.8038	COLLISION_NONE	NOT_SWITCH	NOT_RESET	NOT_WAYPOINT	-316.9895	1.8	-307.7813	0	0.08482726	0	0.9963957	22.60398	-359.4509	-3.239989	-293.2037	1.8	-277.918	
969.8238	COLLISION_NONE	NOT_SWITCH	NOT_RESET	NOT_WAYPOINT	-317.0415	1.8	-307.4409	0	0.08707387	0	0.9962019	22.63515	-359.4529	-3.260418	-293.2037	1.8	-277.918	
969.8438	COLLISION_NONE	NOT_SWITCH	NOT_RESET	NOT_WAYPOINT	-317.0872	1.8	-307.0991	0	0.08932125	0	0.9960029	22.64079	-359.4948	-3.27676	-293.2037	1.8	-277.918	
969.8638	COLLISION_NONE	NOT_SWITCH	NOT_RESET	NOT_WAYPOINT	-317.1277	1.8	-306.7555	0	0.09156942	0	0.9957987	22.63041	0.4553833	-3.265347	-293.2037	1.8	-277.918	
969.8839	COLLISION_NONE	NOT_SWITCH	NOT_RESET	NOT_WAYPOINT	-317.1644	1.8	-306.4102	0	0.09606338	0	0.9953752	22.60877	0.4275513	-3.2261	-293.2037	1.8	-277.918	
969.9039	COLLISION_NONE	NOT_SWITCH	NOT_RESET	NOT_WAYPOINT	-317.1953	1.8	-306.0634	0	0.09830904	0	0.9951559	22.62204	0.4078064	-3.195756	-293.2037	1.8	-277.918	
969.9239	COLLISION_NONE	NOT_SWITCH	NOT_RESET	NOT_WAYPOINT	-317.2255	1.8	-305.7158	0	0.1005523	0	0.9949318	22.57569	0.3903503	-3.182686	-293.2037	1.8	-277.918	
969.9439	COLLISION_NONE	NOT_SWITCH	NOT_RESET	NOT_WAYPOINT	-317.2544	1.8	-305.3684	0	0.1027938	0	0.9947027	22.57263	0.4207764	-3.140294	-293.2037	1.8	-277.918	
969.9639	COLLISION_NONE	NOT_SWITCH	NOT_RESET	NOT_WAYPOINT	-317.2817	1.8	-305.021	0	0.1072723	0	0.9942297	22.54743	0.3851318	-3.14217	-293.2037	1.8	-277.918	
969.9839	COLLISION_NONE	NOT_SWITCH	NOT_RESET	NOT_WAYPOINT	-317.3053	1.8	-304.6738	0	0.1095108	0	0.9939856	22.57271	0.4217529	-3.097984	-293.2037	1.8	-277.918	
970.004	COLLISION_NONE	NOT_SWITCH	NOT_RESET	NOT_WAYPOINT	-317.3277	1.8	-304.3258	0	0.1117488	0	0.9937365	22.56268	0.4051208	-3.100297	-293.2037	1.8	-277.918	
970.024	COLLISION_NONE	NOT_SWITCH	NOT_RESET	NOT_WAYPOINT	-317.3488	1.8	-303.9779	0	0.1139863	0	0.9934824	22.57194	0.4343567	-3.081547	-293.2037	1.8	-277.918	
970.044	COLLISION_NONE	NOT_SWITCH	NOT_RESET	NOT_WAYPOINT	-317.3683	1.8	-303.6299	0	0.1162224	0	0.9932232	22.54828	0.4295959	-3.067702	-293.2037	1.8	-277.918	
970.064	COLLISION_NONE	NOT_SWITCH	NOT_RESET	NOT_WAYPOINT	-317.3862	1.8	-303.2819	0	0.1206905	0	0.9926902	22.5332	0.4129028	-3.096858	-293.2037	1.8	-277.918	
970.084	COLLISION_NONE	NOT_SWITCH	NOT_RESET	NOT_WAYPOINT	-317.4004	1.8	-302.9342	0	0.1229218	0	0.9924164	22.50566	0.3947449	-3.107212	-293.2037	1.8	-277.918	
970.1041	COLLISION_NONE	NOT_SWITCH	NOT_RESET	NOT_WAYPOINT	-317.4134	1.8	-302.5857	0	0.125152	0	0.9921376	22.51608	0.4476624	-3.106034	-293.2037	1.8	-277.918	
970.1241	COLLISION_NONE	NOT_SWITCH	NOT_RESET	NOT_WAYPOINT	-317.425	1.8	-302.2374	0	0.1273801	0	0.991854	22.51608	0.4476624	-3.106034	-293.2037	1.8	-277.918	
970.1441	COLLISION_NONE	NOT_SWITCH	NOT_RESET	NOT_WAYPOINT	-317.4352	1.8	-301.889	0	0.1296076	0	0.9915654	22.50456	0.4378662	-3.136338	-293.2037	1.8	-277.918	
970.1641	COLLISION_NONE	NOT_SWITCH	NOT_RESET	NOT_WAYPOINT	-317.4437	1.8	-301.5406	0	0.1340617	0	0.9909731	22.51072	0.4691772	-3.14728	-293.2037	1.8	-277.918	
970.1841	COLLISION_NONE	NOT_SWITCH	NOT_RESET	NOT_WAYPOINT	-317.4504	1.8	-301.197	0	0.1362879	0	0.9906693	22.51985	-359.5046	-3.167811	-293.2037	1.8	-277.918	
970.2042	COLLISION_NONE	NOT_SWITCH	NOT_RESET	NOT_WAYPOINT	-317.451	1.8	-300.8568	0	0.1394208	0	0.9902332	22.53129	-359.4961	-3.153219	-293.2037	1.8	-277.918	
970.2242	COLLISION_NONE	NOT_SWITCH	NOT_RESET	TRIGGER_WAYPOINT	-317.4492	1.8	-300.5193	0	0.1436328	0	0.9896311	22.55745	-359.506	-3.153686	-315	1.8	-285	
970.2442	COLLISION_NONE	NOT_SWITCH	NOT_RESET	NOT_WAYPOINT	-317.4472	1.8	-300.1843	0	0.1494684	0	0.9887666	22.55135	0.4641113	-3.15361	-315	1.8	-285	
970.2642	COLLISION_NONE	NOT_SWITCH	NOT_RESET	NOT_WAYPOINT	-317.4292	1.8	-299.8553	0	0.1646108	0	0.9863586	22.58399	0.4002075	-3.179017	-315	1.8	-285	
970.2842	COLLISION_NONE	NOT_SWITCH	NOT_RESET	NOT_WAYPOINT	-317.3589	1.8	-299.5432	0	0.1728639	0	0.9849458	22.6041	0.425354	-3.162	-315	1.8	-285	
970.3043	COLLISION_NONE	NOT_SWITCH	NOT_RESET	NOT_WAYPOINT	-317.2656	1.8	-299.2411	0	0.1812787	0	0.9834318	22.5833	0.3858643	-3.157867	-315	1.8	-285	
970.3243	COLLISION_NONE	NOT_SWITCH	NOT_RESET	NOT_WAYPOINT	-317.1645	1.8	-298.9593	0	0.189767	0	0.9818292	22.57536	0.3833923	-3.154859	-315	1.8	-285	
970.3443	COLLISION_NONE	NOT_SWITCH	NOT_RESET	NOT_WAYPOINT	-317.0656	1.8	-298.6996	0	0.1982844	0	0.9801445	22.60436	0.3661804	-3.161957	-315	1.8	-285	
970.3643	COLLISION_NONE	NOT_SWITCH	NOT_RESET	NOT_WAYPOINT	-316.9754	1.8	-298.4606	0	0.2153278	0	0.9765419	22.65011	0.3712769	-3.156935	-315	1.8	-285	
970.3843	COLLISION_NONE	NOT_SWITCH	NOT_RESET	NOT_WAYPOINT	-316.903	1.8	-298.2627	0	0.223836	0	0.9746268	22.6835	0.4144287	-3.182803	-315	1.8	-285	
970.4044	COLLISION_NONE	NOT_SWITCH	NOT_RESET	NOT_WAYPOINT	-316.8396	1.8	-298.0853	0	0.23233	0	0.9726371	22.70203	0.4721375	-3.187468	-315	1.8	-285	
970.4244	COLLISION_NONE	NOT_SWITCH	NOT_RESET	NOT_WAYPOINT	-316.7853	1.8	-297.9283	0	0.2408075	0	0.9705729	22.70769	-359.5073	-3.191118	-315	1.8	-285	
970.4444	COLLISION_NONE	NOT_SWITCH	NOT_RESET	NOT_WAYPOINT	-316.7402	1.8	-297.7918	0	0.2492674	0	0.9684347	22.70546	0.4764099	-3.193452	-315	1.8	-285	
970.4644	COLLISION_NONE	NOT_SWITCH	NOT_RESET	NOT_WAYPOINT	-316.7045	1.8	-297.6755	0	0.2661305	0	0.963937	22.71606	-359.469	-3.202975	-315	1.8	-285	
970.4844	COLLISION_NONE	NOT_SWITCH	NOT_RESET	NOT_WAYPOINT	-316.6876	1.8	-297.5999	0	0.2745321	0	0.961578	22.70633	-359.4713	-3.226762	-315	1.8	-285	
970.5045	COLLISION_NONE	NOT_SWITCH	NOT_RESET	NOT_WAYPOINT	-316.6762	1.8	-297.5362	0	0.2829129	0	0.9591456	22.67889	-359.4867	-3.258975	-315	1.8	-285	
970.5245	COLLISION_NONE	NOT_SWITCH	NOT_RESET	NOT_WAYPOINT	-316.6661	1.8	-297.4766	0	0.2912721	0	0.9566402	22.68759	-359.4698	-3.283085	-315	1.8	-285	
970.5445	COLLISION_NONE	NOT_SWITCH	NOT_RESET	NOT_WAYPOINT	-316.6593	1.8	-297.4247	0	0.3079234	0	0.9514111	22.70465	-359.5043	-3.300565	-315	1.8	-285	
970.5645	COLLISION_NONE	NOT_SWITCH	NOT_RESET	NOT_WAYPOINT	-316.6649	1.8	-297.401	0	0.3162143	0	0.9486879	22.72408	-359.4926	-3.281068	-315	1.8	-285	
970.5845	COLLISION_NONE	NOT_SWITCH	NOT_RESET	NOT_WAYPOINT	-316.6909	1.8	-297.4113	0	0.324481	0	0.9458923	22.74436	-359.4647	-3.25912	-315	1.8	-285	
970.6046	COLLISION_NONE	NOT_SWITCH	NOT_RESET	NOT_WAYPOINT	-316.7375	1.8	-297.4509	0	0.332723	0	0.9430246	22.71441	-359.4665	-3.259351	-315	1.8	-285	
970.6246	COLLISION_NONE	NOT_SWITCH	NOT_RESET	NOT_WAYPOINT	-316.7861	1.8	-297.4914	0	0.3409397	0	0.9400852	22.70982	-359.4661	-3.251449	-315	1.8	-285	
970.6446	COLLISION_NONE	NOT_SWITCH	NOT_RESET	NOT_WAYPOINT	-316.8353	1.8	-297.5308	0	0.3572945	0	0.9339918	22.65128	-359.5053	-3.242838	-315	1.8	-285	
970.6646	COLLISION_NONE	NOT_SWITCH	NOT_RESET	NOT_WAYPOINT	-316.8848	1.8	-297.5672	0	0.3654314	0	0.9308383	22.61588	0.476593	-3.24542	-315	1.8	-285	
970.6846	COLLISION_NONE	NOT_SWITCH	NOT_RESET	NOT_WAYPOINT	-316.9354	1.8	-297.6036	0	0.3735405	0	0.9276139	22.61649	-359.4844	-3.241661	-315	1.8	-285	
970.7047	COLLISION_NONE	NOT_SWITCH	NOT_RESET	NOT_WAYPOINT	-316.9867	1.8	-297.6388	0	0.3816211	0	0.9243189	22.59677	0.4716492	-3.266096	-315	1.8	-285	
970.7247	COLLISION_NONE	NOT_SWITCH	NOT_RESET	NOT_WAYPOINT	-317.0392	1.8	-297.6731	0	0.3896727	0	0.9209535	22.6013	-359.5032	-3.267833	-315	1.8	-285	
970.7447	COLLISION_NONE	NOT_SWITCH	NOT_RESET	NOT_WAYPOINT	-317.0923	1.8	-297.7065	0	0.4056862	0	0.9140124	22.58905	0.4732361	-3.269144	-315	1.8	-285	
970.7647	COLLISION_NONE	NOT_SWITCH	NOT_RESET	NOT_WAYPOINT	-316.937	1.8	-297.6311	0	0.4136469	0	0.9104374	22.59482	-359.5042	-3.275829	-315	1.8	-285	
970.7847	COLLISION_NONE	NOT_SWITCH	NOT_RESET	NOT_WAYPOINT	-316.7237	1.8	-297.4532	0	0.4215761	0	0.906793	22.63304	-359.4319	-3.282826	-315	1.8	-285	
970.8047	COLLISION_NONE	NOT_SWITCH	NOT_RESET	NOT_WAYPOINT	-316.4774	1.8	-297.2282	0	0.4294733	0	0.9030796	22.62598	-359.4171	-3.261679	-315	1.8	-285	
970.8248	COLLISION_NONE	NOT_SWITCH	NOT_RESET	NOT_WAYPOINT	-316.2289	1.8	-297.0055	0	0.4370717	0	0.8994267	22.63022	-359.3978	-3.280928	-315	1.8	-285	
970.8448	COLLISION_NONE	NOT_SWITCH	NOT_RESET	NOT_WAYPOINT	-315.9785	1.8	-296.7856	0	0.4476753	0	0.8941963	22.65192	-359.3702	-3.293544	-315	1.8	-285	
970.8648	COLLISION_NONE	NOT_SWITCH	NOT_RESET	NOT_WAYPOINT	-315.7237	1.8	-296.5724	0	0.4509262	0	0.8925612	22.66163	-359.3957	-3.307369	-315	1.8	-285	
970.8848	COLLISION_NONE	NOT_SWITCH	NOT_RESET	NOT_WAYPOINT	-315.4655	1.8	-296.3616	0	0.4535573	0	0.8912272	22.68846	-359.3926	-3.318049	-315	1.8	-285	
970.9048	COLLISION_NONE	NOT_SWITCH	NOT_RESET	NOT_WAYPOINT	-315.2048	1.8	-296.1526	0	0.4558786	0	0.8900421	22.69172	-359.4185	-3.332042	-315	1.8	-285	
970.9249	COLLISION_NONE	NOT_SWITCH	NOT_RESET	NOT_WAYPOINT	-314.9425	1.8	-295.9449	0	0.4580446	0	0.8889293	22.72361	-359.407	-3.354841	-315	1.8	-285	
970.9449	COLLISION_NONE	NOT_SWITCH	NOT_RESET	NOT_WAYPOINT	-314.6791	1.8	-295.738	0	0.4621835	0	0.8867844	22.79981	-359.4182	-3.383418	-315	1.8	-285	
970.9649	COLLISION_NONE	NOT_SWITCH	NOT_RESET	NOT_WAYPOINT	-314.414	1.8	-295.5344	0	0.4642149	0	0.8857226	22.83157	-359.4428	-3.370497	-315	1.8	-285	
970.9849	COLLISION_NONE	NOT_SWITCH	NOT_RESET	NOT_WAYPOINT	-314.1475	1.8	-295.3316	0	0.4662363	0	0.8846602	22.84968	-359.4561	-3.349263	-315	1.8	-285	
971.0049	COLLISION_NONE	NOT_SWITCH	NOT_RESET	NOT_WAYPOINT	-313.8802	1.8	-295.1306	0	0.4682517	0	0.8835951	22.853	-359.4804	-3.339745	-315	1.8	-285	
971.025	COLLISION_NONE	NOT_SWITCH	NOT_RESET	NOT_WAYPOINT	-313.6116	1.8	-294.9309	0	0.4702646	0	0.8825255	22.89287	0.4391479	-3.314341	-315	1.8	-285	
971.045	COLLISION_NONE	NOT_SWITCH	NOT_RESET	NOT_WAYPOINT	-313.3421	1.8	-294.733	0	0.4742828	0	0.8803726	22.87518	0.3727417	-3.332324	-315	1.8	-285	
971.065	COLLISION_NONE	NOT_SWITCH	NOT_RESET	NOT_WAYPOINT	-313.0703	1.8	-294.5392	0	0.4762887	0	0.879289	22.89582	0.3439941	-3.2713	-315	1.8	-285	
971.085	COLLISION_NONE	NOT_SWITCH	NOT_RESET	NOT_WAYPOINT	-312.7968	1.8	-294.3463	0	0.4782929	0	0.8782004	22.91569	0.3639526	-3.263862	-315	1.8	-285	
971.105	COLLISION_NONE	NOT_SWITCH	NOT_RESET	NOT_WAYPOINT	-312.5224	1.8	-294.1547	0	0.4802949	0	0.8771071	22.9116	0.3737488	-3.252257	-315	1.8	-285	
971.1251	COLLISION_NONE	NOT_SWITCH	NOT_RESET	NOT_WAYPOINT	-312.2473	1.8	-293.9635	0	0.484295	0	0.8749048	22.96818	0.4372559	-3.20942	-315	1.8	-285	
971.1451	COLLISION_NONE	NOT_SWITCH	NOT_RESET	NOT_WAYPOINT	-311.9711	1.8	-293.7745	0	0.4862939	0	0.8737953	22.99567	0.4535217	-3.195916	-315	1.8	-285	
971.1651	COLLISION_NONE	NOT_SWITCH	NOT_RESET	NOT_WAYPOINT	-311.694	1.8	-293.5861	0	0.4882915	0	0.8726806	23.0025	0.461853	-3.181215	-315	1.8	-285	
971.1851	COLLISION_NONE	NOT_SWITCH	NOT_RESET	NOT_WAYPOINT	-311.4164	1.8	-293.3986	0	0.4902883	0	0.8715603	23.03362	0.459259	-3.209547	-315	1.8	-285	
971.2051	COLLISION_NONE	NOT_SWITCH	NOT_RESET	NOT_WAYPOINT	-311.1382	1.8	-293.212	0	0.4922838	0	0.8704348	23.04151	0.3704834	-3.236763	-315	1.8	-285	
971.2252	COLLISION_NONE	NOT_SWITCH	NOT_RESET	NOT_WAYPOINT	-310.8593	1.8	-293.0269	0	0.4962696	0	0.8681685	23.03462	0.3251038	-3.223727	-315	1.8	-285	
971.2452	COLLISION_NONE	NOT_SWITCH	NOT_RESET	NOT_WAYPOINT	-310.5793	1.8	-292.8467	0	0.4982597	0	0.8670279	23.05023	0.3244324	-3.212847	-315	1.8	-285	
971.2652	COLLISION_NONE	NOT_SWITCH	NOT_RESET	NOT_WAYPOINT	-310.2967	1.8	-292.6678	0	0.5002471	0	0.8658826	23.05506	0.3553162	-3.170264	-315	1.8	-285	
971.2852	COLLISION_NONE	NOT_SWITCH	NOT_RESET	NOT_WAYPOINT	-310.0131	1.8	-292.4898	0	0.5022328	0	0.8647325	23.07759	0.4285583	-3.126766	-315	1.8	-285	
971.3052	COLLISION_NONE	NOT_SWITCH	NOT_RESET	NOT_WAYPOINT	-309.7288	1.8	-292.3131	0	0.5042151	0	0.8635781	23.04898	0.4175415	-3.130475	-315	1.8	-285	
971.3253	COLLISION_NONE	NOT_SWITCH	NOT_RESET	NOT_WAYPOINT	-309.4524	1.8	-292.1262	0	0.5081674	0	0.8612584	22.99227	0.4408875	-3.082187	-315	1.8	-285	
971.3453	COLLISION_NONE	NOT_SWITCH	NOT_RESET	NOT_WAYPOINT	-309.2007	1.8	-291.8989	0	0.5101377	0	0.8600928	22.99526	0.4729919	-3.085093	-315	1.8	-285	
971.3653	COLLISION_NONE	NOT_SWITCH	NOT_RESET	NOT_WAYPOINT	-308.9692	1.8	-291.6327	0	0.5121046	0	0.8589231	22.98574	-359.4968	-3.103761	-315	1.8	-285	
971.3853	COLLISION_NONE	NOT_SWITCH	NOT_RESET	NOT_WAYPOINT	-308.7768	1.8	-291.2903	0	0.5140677	0	0.8577496	22.97067	-359.4856	-3.095286	-315	1.8	-285	
971.4053	COLLISION_NONE	NOT_SWITCH	NOT_RESET	NOT_WAYPOINT	-308.6103	1.8	-290.8947	0	0.5160274	0	0.8565721	22.9597	0.451355	-3.134933	-315	1.8	-285	
971.4254	COLLISION_NONE	NOT_SWITCH	NOT_RESET	NOT_WAYPOINT	-308.4523	1.8	-290.4783	0	0.5199351	0	0.8542057	22.94519	-359.4627	-3.139412	-315	1.8	-285	
971.4454	COLLISION_NONE	NOT_SWITCH	NOT_RESET	NOT_WAYPOINT	-308.2932	1.8	-290.0504	0	0.5218827	0	0.8530173	22.90425	-359.4641	-3.158481	-315	1.8	-285	
971.4654	COLLISION_NONE	NOT_SWITCH	NOT_RESET	NOT_WAYPOINT	-308.1332	1.8	-289.6271	0	0.5238255	0	0.8518256	22.87414	-359.4413	-3.168159	-315	1.8	-285	
971.4854	COLLISION_NONE	NOT_SWITCH	NOT_RESET	NOT_WAYPOINT	-307.973	1.8	-289.2061	0	0.5257655	0	0.8506296	22.89178	-359.4023	-3.179989	-315	1.8	-285	
971.5054	COLLISION_NONE	NOT_SWITCH	NOT_RESET	NOT_WAYPOINT	-307.8105	1.8	-288.7869	0	0.5277019	0	0.8494297	22.87348	-359.3919	-3.179486	-315	1.8	-285	
971.5255	COLLISION_NONE	NOT_SWITCH	NOT_RESET	NOT_WAYPOINT	-307.6452	1.8	-288.3685	0	0.5315648	0	0.8470177	22.8705	-359.3603	-3.182331	-315	1.8	-285	
971.5455	COLLISION_NONE	NOT_SWITCH	NOT_RESET	NOT_WAYPOINT	-307.4747	1.8	-287.9522	0	0.5334926	0	0.8458048	22.87549	-359.3526	-3.17568	-315	1.8	-285	
971.5655	COLLISION_NONE	NOT_SWITCH	NOT_RESET	NOT_WAYPOINT	-307.3022	1.8	-287.5358	0	0.5354182	0	0.8445871	22.89445	-359.3512	-3.20211	-315	1.8	-285	
971.5855	COLLISION_NONE	NOT_SWITCH	NOT_RESET	NOT_WAYPOINT	-307.1281	1.8	-287.1202	0	0.5373411	0	0.843365	22.89338	-359.3721	-3.206434	-315	1.8	-285	
971.6055	COLLISION_NONE	NOT_SWITCH	NOT_RESET	NOT_WAYPOINT	-306.9523	1.8	-286.7055	0	0.5392612	0	0.8421386	22.88424	-359.4248	-3.200184	-315	1.8	-285	
971.6255	COLLISION_NONE	NOT_SWITCH	NOT_RESET	NOT_WAYPOINT	-306.7746	1.8	-286.2916	0	0.5430956	0	0.8396709	22.89906	-359.4756	-3.185677	-315	1.8	-285	
971.6456	COLLISION_NONE	NOT_SWITCH	NOT_RESET	NOT_WAYPOINT	-306.593	1.8	-285.8801	0	0.5450094	0	0.83843	22.92542	-359.4812	-3.157766	-315	1.8	-285	
971.6656	COLLISION_NONE	NOT_SWITCH	NOT_RESET	NOT_WAYPOINT	-306.4115	1.8	-285.4713	0	0.5469207	0	0.8371844	22.91868	0.4762268	-3.139822	-315	1.8	-285	
971.6856	COLLISION_NONE	NOT_SWITCH	NOT_RESET	NOT_WAYPOINT	-306.2211	1.8	-285.082	0	0.5488295	0	0.8359344	22.93792	-359.5157	-3.106428	-315	1.8	-285	
971.7056	COLLISION_NONE	NOT_SWITCH	NOT_RESET	NOT_WAYPOINT	-306.0228	1.8	-284.7127	0	0.5507368	0	0.8346791	22.93792	-359.5157	-3.106428	-315	1.8	-285	
971.7256	COLLISION_NONE	NOT_SWITCH	NOT_RESET	NOT_WAYPOINT	-305.8172	1.8	-284.3635	0	0.5545434	0	0.8321549	22.94086	-359.4561	-3.045088	-315	1.8	-285	
971.7457	COLLISION_NONE	NOT_SWITCH	NOT_RESET	NOT_WAYPOINT	-305.5969	1.8	-284.0541	0	0.5564418	0	0.8308866	22.93014	-359.421	-3.027373	-315	1.8	-285	
971.7657	COLLISION_NONE	NOT_SWITCH	NOT_RESET	NOT_WAYPOINT	-305.369	1.8	-283.7645	0	0.5583367	0	0.8296145	22.93449	-359.4266	-3.04496	-315	1.8	-285	
971.7857	COLLISION_NONE	NOT_SWITCH	NOT_RESET	NOT_WAYPOINT	-305.1333	1.8	-283.4944	0	0.5602277	0	0.8283386	22.89902	-359.4469	-3.044658	-315	1.8	-285	
971.8057	COLLISION_NONE	NOT_SWITCH	NOT_RESET	NOT_WAYPOINT	-304.8896	1.8	-283.2435	0	0.5640006	0	0.8257744	22.90809	-359.4227	-3.09646	-315	1.8	-285	
971.8257	COLLISION_NONE	NOT_SWITCH	NOT_RESET	NOT_WAYPOINT	-304.6375	1.8	-283.0169	0	0.5658818	0	0.8244864	22.89606	-359.3798	-3.125441	-315	1.8	-285	
971.8458	COLLISION_NONE	NOT_SWITCH	NOT_RESET	NOT_WAYPOINT	-304.3865	1.8	-282.7932	0	0.567759	0	0.8231949	22.8738	-359.3566	-3.135114	-315	1.8	-285	
971.8658	COLLISION_NONE	NOT_SWITCH	NOT_RESET	NOT_WAYPOINT	-304.1366	1.8	-282.5721	0	0.5696328	0	0.8218993	22.88364	-359.3168	-3.131265	-315	1.8	-285	
971.8858	COLLISION_NONE	NOT_SWITCH	NOT_RESET	NOT_WAYPOINT	-303.8863	1.8	-282.3558	0	0.5715032	0	0.8205999	22.87222	-359.3249	-3.138066	-315	1.8	-285	
971.9058	COLLISION_NONE	NOT_SWITCH	NOT_RESET	NOT_WAYPOINT	-303.6338	1.8	-282.1467	0	0.5752373	0	0.8179866	22.92219	-359.2656	-3.150191	-315	1.8	-285	
971.9258	COLLISION_NONE	NOT_SWITCH	NOT_RESET	NOT_WAYPOINT	-303.3735	1.8	-281.9562	0	0.577102	0	0.8166721	22.95131	-359.2812	-3.168096	-315	1.8	-285	
971.9459	COLLISION_NONE	NOT_SWITCH	NOT_RESET	NOT_WAYPOINT	-303.1055	1.8	-281.7786	0	0.5789647	0	0.8153526	22.95864	-359.2919	-3.195298	-315	1.8	-285	
971.9659	COLLISION_NONE	NOT_SWITCH	NOT_RESET	NOT_WAYPOINT	-302.829	1.8	-281.6144	0	0.5808249	0	0.8140285	22.95815	-359.3019	-3.206829	-315	1.8	-285	
971.9859	COLLISION_NONE	NOT_SWITCH	NOT_RESET	NOT_WAYPOINT	-302.5438	1.8	-281.4632	0	0.5826812	0	0.8127009	22.92103	-359.3805	-3.217875	-315	1.8	-285	
972.0059	COLLISION_NONE	NOT_SWITCH	NOT_RESET	NOT_WAYPOINT	-302.2504	1.8	-281.3235	0	0.5863835	0	0.8100337	22.90633	-359.4241	-3.207825	-315	1.8	-285	
972.0259	COLLISION_NONE	NOT_SWITCH	NOT_RESET	NOT_WAYPOINT	-301.943	1.8	-281.2028	0	0.5882288	0	0.8086946	22.89605	-359.4094	-3.186718	-315	1.8	-285	
972.046	COLLISION_NONE	NOT_SWITCH	NOT_RESET	TRIGGER_WAYPOINT	-301.6313	1.8	-281.0861	0	0.5900699	0	0.8073522	22.87165	-359.4274	-3.162732	-286.4683	1.8	-275.7295	
972.066	COLLISION_NONE	NOT_SWITCH	NOT_RESET	NOT_WAYPOINT	-301.3174	1.8	-280.9717	0	0.5919076	0	0.8060059	22.87688	-359.3873	-3.150998	-286.4683	1.8	-275.7295	
972.086	COLLISION_NONE	NOT_SWITCH	NOT_RESET	NOT_WAYPOINT	-301.0023	1.8	-280.8588	0	0.5937412	0	0.8046561	22.85578	-359.4318	-3.148919	-286.4683	1.8	-275.7295	
972.106	COLLISION_NONE	NOT_SWITCH	NOT_RESET	NOT_WAYPOINT	-300.6866	1.8	-280.7469	0	0.5973988	0	0.8019443	22.86788	-359.4102	-3.144483	-286.4683	1.8	-275.7295	
972.126	COLLISION_NONE	NOT_SWITCH	NOT_RESET	NOT_WAYPOINT	-300.3707	1.8	-280.639	0	0.599223	0	0.8005822	22.868	-359.4082	-3.147501	-286.4683	1.8	-275.7295	
972.1461	COLLISION_NONE	NOT_SWITCH	NOT_RESET	NOT_WAYPOINT	-300.0533	1.8	-280.5319	0	0.6010443	0	0.7992157	22.87509	-359.3592	-3.140063	-286.4683	1.8	-275.7295	
972.1661	COLLISION_NONE	NOT_SWITCH	NOT_RESET	NOT_WAYPOINT	-299.7357	1.8	-280.4261	0	0.603278	0	0.797531	22.87509	-359.3592	-3.140063	-286.4683	1.8	-275.7295	
972.1861	COLLISION_NONE	NOT_SWITCH	NOT_RESET	NOT_WAYPOINT	-299.4177	1.8	-280.3221	0	0.6068901	0	0.7947857	22.86974	-359.3742	-3.153384	-286.4683	1.8	-275.7295	
972.2061	COLLISION_NONE	NOT_SWITCH	NOT_RESET	NOT_WAYPOINT	-299.0994	1.8	-280.2202	0	0.6179527	0	0.7862153	22.84809	-359.3666	-3.157816	-286.4683	1.8	-275.7295	
972.2261	COLLISION_NONE	NOT_SWITCH	NOT_RESET	NOT_WAYPOINT	-298.7812	1.8	-280.1249	0	0.6243399	0	0.7811528	22.8533	-359.3272	-3.15395	-286.4683	1.8	-275.7295	
972.2462	COLLISION_NONE	NOT_SWITCH	NOT_RESET	NOT_WAYPOINT	-298.4615	1.8	-280.0341	0	0.6309093	0	0.7758567	22.82561	-359.3482	-3.169332	-286.4683	1.8	-275.7295	
972.2662	COLLISION_NONE	NOT_SWITCH	NOT_RESET	NOT_WAYPOINT	-298.1408	1.8	-279.948	0	0.6375448	0	0.7704133	22.84835	-359.3331	-3.137021	-286.4683	1.8	-275.7295	
972.2862	COLLISION_NONE	NOT_SWITCH	NOT_RESET	NOT_WAYPOINT	-297.8189	1.8	-279.8667	0	0.6441884	0	0.7648669	22.8387	-359.3066	-3.141869	-286.4683	1.8	-275.7295	
972.3062	COLLISION_NONE	NOT_SWITCH	NOT_RESET	NOT_WAYPOINT	-297.4959	1.8	-279.7904	0	0.6573983	0	0.7535433	22.83965	-359.2871	-3.126675	-286.4683	1.8	-275.7295	
972.3262	COLLISION_NONE	NOT_SWITCH	NOT_RESET	NOT_WAYPOINT	-297.1714	1.8	-279.7248	0	0.6639424	0	0.7477837	22.86506	-359.2491	-3.127581	-286.4683	1.8	-275.7295	
972.3463	COLLISION_NONE	NOT_SWITCH	NOT_RESET	NOT_WAYPOINT	-296.8453	1.8	-279.6647	0	0.6704394	0	0.7419643	22.86445	-359.2623	-3.151807	-286.4683	1.8	-275.7295	
972.3663	COLLISION_NONE	NOT_SWITCH	NOT_RESET	NOT_WAYPOINT	-296.5404	1.8	-279.612	0	0.676887	0	0.736087	22.86561	-359.2411	-3.174067	-286.4683	1.8	-275.7295	
972.3863	COLLISION_NONE	NOT_SWITCH	NOT_RESET	NOT_WAYPOINT	-296.2575	1.8	-279.5629	0	0.6896291	0	0.7241627	22.85772	-359.2721	-3.216662	-286.4683	1.8	-275.7295	
972.4063	COLLISION_NONE	NOT_SWITCH	NOT_RESET	NOT_WAYPOINT	-296.0192	1.8	-279.519	0	0.6959221	0	0.7181173	22.83845	-359.2806	-3.223521	-286.4683	1.8	-275.7295	
972.4263	COLLISION_NONE	NOT_SWITCH	NOT_RESET	NOT_WAYPOINT	-295.8031	1.8	-279.4778	0	0.7021622	0	0.7120171	22.83251	-359.2445	-3.224636	-286.4683	1.8	-275.7295	
972.4464	COLLISION_NONE	NOT_SWITCH	NOT_RESET	NOT_WAYPOINT	-295.6093	1.8	-279.439	0	0.7083489	0	0.7058625	22.81695	-359.2429	-3.219895	-286.4683	1.8	-275.7295	
972.4664	COLLISION_NONE	NOT_SWITCH	NOT_RESET	NOT_WAYPOINT	-295.4377	1.8	-279.4026	0	0.7144817	0	0.6996543	22.81543	-359.2106	-3.215018	-286.4683	1.8	-275.7295	
972.4864	COLLISION_NONE	NOT_SWITCH	NOT_RESET	NOT_WAYPOINT	-295.2883	1.8	-279.3686	0	0.7265834	0	0.6870782	22.83685	-359.1602	-3.199521	-286.4683	1.8	-275.7295	
972.5064	COLLISION_NONE	NOT_SWITCH	NOT_RESET	NOT_WAYPOINT	-295.1835	1.8	-279.3389	0	0.7325516	0	0.6807115	22.84566	-359.1402	-3.184281	-286.4683	1.8	-275.7295	
972.5264	COLLISION_NONE	NOT_SWITCH	NOT_RESET	NOT_WAYPOINT	-295.1009	1.8	-279.3114	0	0.738464	0	0.674293	22.84566	-359.1402	-3.184281	-286.4683	1.8	-275.7295	
972.5464	COLLISION_NONE	NOT_SWITCH	NOT_RESET	NOT_WAYPOINT	-295.0405	1.8	-279.2859	0	0.7443201	0	0.6678231	22.80409	-359.1302	-3.229353	-286.4683	1.8	-275.7295	
972.5665	COLLISION_NONE	NOT_SWITCH	NOT_RESET	NOT_WAYPOINT	-294.9825	1.8	-279.2614	0	0.7501195	0	0.6613023	22.81828	-359.0988	-3.247923	-286.4683	1.8	-275.7295	
972.5865	COLLISION_NONE	NOT_SWITCH	NOT_RESET	NOT_WAYPOINT	-294.9286	1.8	-279.2379	0	0.7615466	0	0.6481102	22.81604	-359.0818	-3.264261	-286.4683	1.8	-275.7295	
972.6065	COLLISION_NONE	NOT_SWITCH	NOT_RESET	NOT_WAYPOINT	-294.8933	1.8	-279.2168	0	0.7671733	0	0.6414399	22.8323	-359.0444	-3.26508	-286.4683	1.8	-275.7295	
972.6265	COLLISION_NONE	NOT_SWITCH	NOT_RESET	NOT_WAYPOINT	-294.8844	1.8	-279.1966	0	0.7727417	0	0.6347207	22.85909	-358.9849	-3.288177	-286.4683	1.8	-275.7295	
972.6465	COLLISION_NONE	NOT_SWITCH	NOT_RESET	NOT_WAYPOINT	-294.9183	1.8	-279.1728	0	0.7782512	0	0.6279532	22.83923	-359.0063	-3.311463	-286.4683	1.8	-275.7295	
972.6666	COLLISION_NONE	NOT_SWITCH	NOT_RESET	NOT_WAYPOINT	-294.9757	1.8	-279.1447	0	0.7837014	0	0.6211379	22.85468	-359.0099	-3.313149	-286.4683	1.8	-275.7295	
972.6866	COLLISION_NONE	NOT_SWITCH	NOT_RESET	NOT_WAYPOINT	-295.0336	1.8	-279.1158	0	0.7944223	0	0.6073658	22.87549	-359.0591	-3.317367	-286.4683	1.8	-275.7295	
972.7066	COLLISION_NONE	NOT_SWITCH	NOT_RESET	NOT_WAYPOINT	-295.0895	1.8	-279.0858	0	0.7996923	0	0.6004101	22.86712	-359.0679	-3.30539	-286.4683	1.8	-275.7295	
972.7266	COLLISION_NONE	NOT_SWITCH	NOT_RESET	NOT_WAYPOINT	-295.1458	1.8	-279.0552	0	0.8049013	0	0.5934087	22.87032	-359.0665	-3.289584	-286.4683	1.8	-275.7295	
972.7466	COLLISION_NONE	NOT_SWITCH	NOT_RESET	NOT_WAYPOINT	-295.125	1.8	-279.0933	0	0.8100491	0	0.5863621	22.84023	-359.1299	-3.287122	-286.4683	1.8	-275.7295	
972.7667	COLLISION_NONE	NOT_SWITCH	NOT_RESET	NOT_WAYPOINT	-295.0149	1.8	-279.2078	0	0.8151351	0	0.5792708	22.84268	-359.0833	-3.276659	-286.4683	1.8	-275.7295	
972.7867	COLLISION_NONE	NOT_SWITCH	NOT_RESET	NOT_WAYPOINT	-294.8077	1.8	-279.3886	0	0.8251207	0	0.5649565	22.75387	-359.1045	-3.298829	-286.4683	1.8	-275.7295	
972.8067	COLLISION_NONE	NOT_SWITCH	NOT_RESET	NOT_WAYPOINT	-294.4636	1.8	-279.6262	0	0.8300194	0	0.5577346	22.72414	-359.1023	-3.305244	-286.4683	1.8	-275.7295	
972.8267	COLLISION_NONE	NOT_SWITCH	NOT_RESET	NOT_WAYPOINT	-294.1257	1.8	-279.843	0	0.8348548	0	0.5504702	22.71963	-359.0994	-3.292517	-286.4683	1.8	-275.7295	
972.8467	COLLISION_NONE	NOT_SWITCH	NOT_RESET	NOT_WAYPOINT	-293.7943	1.8	-280.039	0	0.8396267	0	0.5431638	22.70833	-359.1066	-3.318076	-286.4683	1.8	-275.7295	
972.8668	COLLISION_NONE	NOT_SWITCH	NOT_RESET	NOT_WAYPOINT	-293.47	1.8	-280.2145	0	0.8443347	0	0.5358162	22.72872	-359.0777	-3.314756	-286.4683	1.8	-275.7295	
972.8868	COLLISION_NONE	NOT_SWITCH	NOT_RESET	NOT_WAYPOINT	-293.1459	1.8	-280.3808	0	0.8535574	0	0.5209989	22.73607	-359.0854	-3.302621	-286.4683	1.8	-275.7295	
972.9068	COLLISION_NONE	NOT_SWITCH	NOT_RESET	NOT_WAYPOINT	-292.8241	1.8	-280.5373	0	0.8580714	0	0.5135304	22.73372	-359.07	-3.308115	-286.4683	1.8	-275.7295	
972.9268	COLLISION_NONE	NOT_SWITCH	NOT_RESET	NOT_WAYPOINT	-292.5037	1.8	-280.6905	0	0.86252	0	0.5060229	22.75323	-359.0561	-3.291527	-286.4683	1.8	-275.7295	
972.9468	COLLISION_NONE	NOT_SWITCH	NOT_RESET	NOT_WAYPOINT	-292.1837	1.8	-280.8377	0	0.8669031	0	0.4984768	22.73583	-359.0907	-3.312308	-286.4683	1.8	-275.7295	
972.9669	COLLISION_NONE	NOT_SWITCH	NOT_RESET	NOT_WAYPOINT	-291.8629	1.8	-280.9766	0	0.8735033	0	0.4868182	22.72668	-359.0288	-3.299505	-286.4683	1.8	-275.7295	
972.9869	COLLISION_NONE	NOT_SWITCH	NOT_RESET	NOT_WAYPOINT	-291.5352	1.8	-281.09	0	0.8753187	0	0.4835464	22.74032	-358.9491	-3.310814	-286.4683	1.8	-275.7295	
973.0069	COLLISION_NONE	NOT_SWITCH	NOT_RESET	NOT_WAYPOINT	-291.2	1.8	-281.1867	0	0.876766	0	0.4809172	22.71753	-358.8824	-3.341808	-286.4683	1.8	-275.7295	
973.0269	COLLISION_NONE	NOT_SWITCH	NOT_RESET	NOT_WAYPOINT	-290.8573	1.8	-281.2695	0	0.8780286	0	0.4786083	22.72391	-358.8497	-3.33691	-286.4683	1.8	-275.7295	
973.0469	COLLISION_NONE	NOT_SWITCH	NOT_RESET	NOT_WAYPOINT	-290.5081	1.8	-281.3424	0	0.8791964	0	0.4764594	22.73172	-358.7971	-3.370018	-286.4683	1.8	-275.7295	
973.067	COLLISION_NONE	NOT_SWITCH	NOT_RESET	NOT_WAYPOINT	-290.1539	1.8	-281.41	0	0.8814068	0	0.472358	22.70624	-358.7856	-3.433842	-286.4683	1.8	-275.7295	
973.087	COLLISION_NONE	NOT_SWITCH	NOT_RESET	NOT_WAYPOINT	-289.795	1.8	-281.479	0	0.8824826	0	0.470345	22.69858	-358.8108	-3.458876	-286.4683	1.8	-275.7295	
973.107	COLLISION_NONE	NOT_SWITCH	NOT_RESET	NOT_WAYPOINT	-289.4386	1.8	-281.5477	0	0.8835484	0	0.4683399	22.69875	-358.8671	-3.480651	-286.4683	1.8	-275.7295	
973.127	COLLISION_NONE	NOT_SWITCH	NOT_RESET	NOT_WAYPOINT	-289.0835	1.8	-281.6181	0	0.8846067	0	0.4663379	22.68904	-358.8982	-3.462074	-286.4683	1.8	-275.7295	
973.147	COLLISION_NONE	NOT_SWITCH	NOT_RESET	NOT_WAYPOINT	-288.7288	1.8	-281.691	0	0.8856588	0	0.4643366	22.67253	-358.9687	-3.447166	-286.4683	1.8	-275.7295	
973.1671	COLLISION_NONE	NOT_SWITCH	NOT_RESET	NOT_WAYPOINT	-288.3743	1.8	-281.766	0	0.8877468	0	0.4603322	22.63666	-359.0741	-3.426599	-286.4683	1.8	-275.7295	
973.1871	COLLISION_NONE	NOT_SWITCH	NOT_RESET	NOT_WAYPOINT	-288.0209	1.8	-281.845	0	0.8887827	0	0.4583287	22.62667	-359.1113	-3.398914	-286.4683	1.8	-275.7295	
973.2071	COLLISION_NONE	NOT_SWITCH	NOT_RESET	NOT_WAYPOINT	-287.6699	1.8	-281.9241	0	0.8898137	0	0.456324	22.61032	-359.1817	-3.38392	-286.4683	1.8	-275.7295	
973.2271	COLLISION_NONE	NOT_SWITCH	NOT_RESET	NOT_WAYPOINT	-287.321	1.8	-282.0058	0	0.8908403	0	0.4543166	22.63198	-359.186	-3.340125	-286.4683	1.8	-275.7295	
973.2471	COLLISION_NONE	NOT_SWITCH	NOT_RESET	NOT_WAYPOINT	-286.973	1.8	-282.0912	0	0.891863	0	0.4523055	22.66073	-359.2053	-3.317448	-286.4683	1.8	-275.7295	
973.2672	COLLISION_NONE	NOT_SWITCH	NOT_RESET	NOT_WAYPOINT	-286.6284	1.8	-282.1784	0	0.893898	0	0.4482706	22.71387	-359.208	-3.307882	-286.4683	1.8	-275.7295	
973.2872	COLLISION_NONE	NOT_SWITCH	NOT_RESET	NOT_WAYPOINT	-286.3077	1.8	-282.2943	0	0.89491	0	0.4462467	22.76835	-359.1851	-3.292206	-286.4683	1.8	-275.7295	
973.3072	COLLISION_NONE	NOT_SWITCH	NOT_RESET	NOT_WAYPOINT	-285.9909	1.8	-282.4124	0	0.8959188	0	0.444218	22.7869	-359.1895	-3.275102	-286.4683	1.8	-275.7295	
973.3272	COLLISION_NONE	NOT_SWITCH	NOT_RESET	NOT_WAYPOINT	-285.6766	1.8	-282.5301	0	0.896924	0	0.4421848	22.7869	-359.1895	-3.275102	-286.4683	1.8	-275.7295	
973.3472	COLLISION_NONE	NOT_SWITCH	NOT_RESET	NOT_WAYPOINT	-285.3654	1.8	-282.6487	0	0.897925	0	0.4401485	22.80173	-359.2041	-3.269606	-286.4683	1.8	-275.7295	
973.3672	COLLISION_NONE	NOT_SWITCH	NOT_RESET	NOT_WAYPOINT	-285.0652	1.8	-282.7803	0	0.8999134	0	0.4360688	22.78165	-359.2019	-3.283576	-286.4683	1.8	-275.7295	
973.3873	COLLISION_NONE	NOT_SWITCH	NOT_RESET	NOT_WAYPOINT	-284.792	1.8	-282.9467	0	0.9009006	0	0.4340256	22.79723	-359.2024	-3.272597	-286.4683	1.8	-275.7295	
973.4073	COLLISION_NONE	NOT_SWITCH	NOT_RESET	NOT_WAYPOINT	-284.5356	1.8	-283.1374	0	0.9018832	0	0.43198	22.79565	-359.2316	-3.264835	-286.4683	1.8	-275.7295	
973.4273	COLLISION_NONE	NOT_SWITCH	NOT_RESET	NOT_WAYPOINT	-284.2956	1.8	-283.3528	0	0.9028616	0	0.4299315	22.81182	-359.2211	-3.261068	-286.4683	1.8	-275.7295	
973.4473	COLLISION_NONE	NOT_SWITCH	NOT_RESET	NOT_WAYPOINT	-284.0698	1.8	-283.5904	0	0.9039872	0	0.4275596	22.82015	-359.2106	-3.249496	-286.4683	1.8	-275.7295	
973.4673	COLLISION_NONE	NOT_SWITCH	NOT_RESET	NOT_WAYPOINT	-283.8551	1.8	-283.8457	0	0.9069243	0	0.4212937	22.82282	-359.1587	-3.229357	-286.4683	1.8	-275.7295	
973.4874	COLLISION_NONE	NOT_SWITCH	NOT_RESET	NOT_WAYPOINT	-283.657	1.8	-284.1262	0	0.9086961	0	0.4174582	22.82227	-359.142	-3.218914	-286.4683	1.8	-275.7295	
973.5074	COLLISION_NONE	NOT_SWITCH	NOT_RESET	NOT_WAYPOINT	-283.4616	1.8	-284.4107	0	0.9106312	0	0.4132201	22.82287	-359.1311	-3.226121	-286.4683	1.8	-275.7295	
973.5274	COLLISION_NONE	NOT_SWITCH	NOT_RESET	NOT_WAYPOINT	-283.2689	1.8	-284.6975	0	0.9127561	0	0.4085049	22.80799	-359.1447	-3.242723	-286.4683	1.8	-275.7295	
973.5474	COLLISION_NONE	NOT_SWITCH	NOT_RESET	NOT_WAYPOINT	-283.0788	1.8	-284.9861	0	0.9151136	0	0.4031963	22.80749	-359.1553	-3.262098	-286.4683	1.8	-275.7295	
973.5674	COLLISION_NONE	NOT_SWITCH	NOT_RESET	NOT_WAYPOINT	-282.8847	1.8	-285.267	0	0.9203123	0	0.3911843	22.77016	-359.0919	-3.29805	-286.4683	1.8	-275.7295	
973.5875	COLLISION_NONE	NOT_SWITCH	NOT_RESET	NOT_WAYPOINT	-282.6878	1.8	-285.5386	0	0.9230766	0	0.3846162	22.77254	-359.0498	-3.316044	-286.4683	1.8	-275.7295	
973.6075	COLLISION_NONE	NOT_SWITCH	NOT_RESET	NOT_WAYPOINT	-282.4907	1.8	-285.8069	0	0.9258729	0	0.3778353	22.74715	-359.0871	-3.333889	-286.4683	1.8	-275.7295	
973.6275	COLLISION_NONE	NOT_SWITCH	NOT_RESET	NOT_WAYPOINT	-282.2913	1.8	-286.0704	0	0.9286579	0	0.3709371	22.75316	-359.0623	-3.343514	-286.4683	1.8	-275.7295	
973.6475	COLLISION_NONE	NOT_SWITCH	NOT_RESET	NOT_WAYPOINT	-282.0873	1.8	-286.328	0	0.9341206	0	0.3569576	22.7592	-359.0388	-3.368841	-286.4683	1.8	-275.7295	
973.6675	COLLISION_NONE	NOT_SWITCH	NOT_RESET	NOT_WAYPOINT	-281.8705	1.8	-286.5735	0	0.9367675	0	0.3499526	22.77408	-358.9952	-3.378919	-286.4683	1.8	-275.7295	
973.6876	COLLISION_NONE	NOT_SWITCH	NOT_RESET	NOT_WAYPOINT	-281.6452	1.8	-286.817	0	0.9392987	0	0.3431005	22.7696	-358.994	-3.389779	-286.4683	1.8	-275.7295	
973.7076	COLLISION_NONE	NOT_SWITCH	NOT_RESET	NOT_WAYPOINT	-281.4073	1.8	-287.0485	0	0.9417064	0	0.3364358	22.78583	-358.9847	-3.401677	-286.4683	1.8	-275.7295	
973.7276	COLLISION_NONE	NOT_SWITCH	NOT_RESET	NOT_WAYPOINT	-281.1548	1.8	-287.2681	0	0.9439053	0	0.3302164	22.7595	-359.037	-3.406291	-286.4683	1.8	-275.7295	
973.7476	COLLISION_NONE	NOT_SWITCH	NOT_RESET	NOT_WAYPOINT	-280.8823	1.8	-287.4728	0	0.9476618	0	0.3192759	22.75054	-359.0834	-3.409029	-286.4683	1.8	-275.7295	
973.7676	COLLISION_NONE	NOT_SWITCH	NOT_RESET	NOT_WAYPOINT	-280.5515	1.8	-287.6378	0	0.9492285	0	0.3145876	22.74118	-359.1122	-3.420057	-286.4683	1.8	-275.7295	
973.7877	COLLISION_NONE	NOT_SWITCH	NOT_RESET	NOT_WAYPOINT	-280.1946	1.8	-287.7865	0	0.950533	0	0.3106236	22.75224	-359.1108	-3.412039	-286.4683	1.8	-275.7295	
973.8077	COLLISION_NONE	NOT_SWITCH	NOT_RESET	TRIGGER_WAYPOINT	-279.8055	1.8	-287.9146	0	0.951638	0	0.3072217	22.7599	-359.1717	-3.409042	-268.8347	1.8	-300	
973.8277	COLLISION_NONE	NOT_SWITCH	NOT_RESET	NOT_WAYPOINT	-279.3921	1.8	-288.0281	0	0.9525316	0	0.3044397	22.77098	-359.1703	-3.401042	-268.8347	1.8	-300	
973.8477	COLLISION_NONE	NOT_SWITCH	NOT_RESET	NOT_WAYPOINT	-278.9588	1.8	-288.1299	0	0.9540507	0	0.2996452	22.83195	-359.1719	-3.383527	-268.8347	1.8	-300	
973.8677	COLLISION_NONE	NOT_SWITCH	NOT_RESET	NOT_WAYPOINT	-278.5134	1.8	-288.2316	0	0.9547533	0	0.2973992	22.83993	-359.1682	-3.370775	-268.8347	1.8	-300	
973.8878	COLLISION_NONE	NOT_SWITCH	NOT_RESET	NOT_WAYPOINT	-278.0728	1.8	-288.3349	0	0.9554386	0	0.2951903	22.82997	-359.2067	-3.358893	-268.8347	1.8	-300	
973.9078	COLLISION_NONE	NOT_SWITCH	NOT_RESET	NOT_WAYPOINT	-277.6345	1.8	-288.4387	0	0.9561129	0	0.2929989	22.83584	-359.2422	-3.349926	-268.8347	1.8	-300	
973.9278	COLLISION_NONE	NOT_SWITCH	NOT_RESET	NOT_WAYPOINT	-277.1975	1.8	-288.545	0	0.9567789	0	0.2908163	22.81519	-359.2765	-3.362926	-268.8347	1.8	-300	
973.9478	COLLISION_NONE	NOT_SWITCH	NOT_RESET	NOT_WAYPOINT	-276.7611	1.8	-288.6541	0	0.9580923	0	0.2864599	22.80264	-359.3381	-3.352197	-268.8347	1.8	-300	
973.9678	COLLISION_NONE	NOT_SWITCH	NOT_RESET	NOT_WAYPOINT	-276.3262	1.8	-288.7687	0	0.9587407	0	0.2842821	22.80949	-359.2959	-3.343624	-268.8347	1.8	-300	
973.9879	COLLISION_NONE	NOT_SWITCH	NOT_RESET	NOT_WAYPOINT	-275.8907	1.8	-288.8853	0	0.9593836	0	0.2821049	22.77971	-359.2681	-3.343722	-268.8347	1.8	-300	
974.0079	COLLISION_NONE	NOT_SWITCH	NOT_RESET	NOT_WAYPOINT	-275.456	1.8	-289.0035	0	0.9600218	0	0.2799256	22.82062	-359.207	-3.324402	-268.8347	1.8	-300	
974.0279	COLLISION_NONE	NOT_SWITCH	NOT_RESET	NOT_WAYPOINT	-275.0218	1.8	-289.1236	0	0.9608238	0	0.2771602	22.83951	-359.1465	-3.324043	-268.8347	1.8	-300	
974.0479	COLLISION_NONE	NOT_SWITCH	NOT_RESET	NOT_WAYPOINT	-274.5884	1.8	-289.2457	0	0.9635711	0	0.2674524	22.8756	-359.057	-3.320382	-268.8347	1.8	-300	
974.0679	COLLISION_NONE	NOT_SWITCH	NOT_RESET	NOT_WAYPOINT	-274.1911	1.8	-289.3909	0	0.9654726	0	0.2605043	22.89367	-359.0743	-3.354058	-268.8347	1.8	-300	
974.088	COLLISION_NONE	NOT_SWITCH	NOT_RESET	NOT_WAYPOINT	-273.8123	1.8	-289.5466	0	0.967517	0	0.2528061	22.87628	-359.1334	-3.365449	-268.8347	1.8	-300	
974.108	COLLISION_NONE	NOT_SWITCH	NOT_RESET	NOT_WAYPOINT	-273.4525	1.8	-289.7123	0	0.9695931	0	0.2447226	22.88734	-359.1333	-3.37316	-268.8347	1.8	-300	
974.128	COLLISION_NONE	NOT_SWITCH	NOT_RESET	NOT_WAYPOINT	-273.1115	1.8	-289.8879	0	0.9716468	0	0.2364371	22.86902	-359.183	-3.380752	-268.8347	1.8	-300	
974.148	COLLISION_NONE	NOT_SWITCH	NOT_RESET	NOT_WAYPOINT	-272.7891	1.8	-290.0735	0	0.9755939	0	0.2195828	22.84229	-359.1818	-3.341743	-268.8347	1.8	-300	
974.168	COLLISION_NONE	NOT_SWITCH	NOT_RESET	NOT_WAYPOINT	-272.4996	1.8	-290.2741	0	0.9774679	0	0.2110842	22.84913	-359.1996	-3.341154	-268.8347	1.8	-300	
974.188	COLLISION_NONE	NOT_SWITCH	NOT_RESET	NOT_WAYPOINT	-272.2194	1.8	-290.4775	0	0.9792703	0	0.2025579	22.81195	-359.2499	-3.341039	-268.8347	1.8	-300	
974.2081	COLLISION_NONE	NOT_SWITCH	NOT_RESET	NOT_WAYPOINT	-271.9532	1.8	-290.6867	0	0.9809995	0	0.1940103	22.8287	-359.2012	-3.314661	-268.8347	1.8	-300	
974.2281	COLLISION_NONE	NOT_SWITCH	NOT_RESET	NOT_WAYPOINT	-271.7031	1.8	-290.8804	0	0.9842352	0	0.1768644	22.85019	-359.1513	-3.307003	-268.8347	1.8	-300	
974.2481	COLLISION_NONE	NOT_SWITCH	NOT_RESET	NOT_WAYPOINT	-271.4852	1.8	-291.043	0	0.9857411	0	0.1682694	22.84982	-359.157	-3.290107	-268.8347	1.8	-300	
974.2681	COLLISION_NONE	NOT_SWITCH	NOT_RESET	NOT_WAYPOINT	-271.2834	1.8	-291.1899	0	0.9870637	0	0.1603286	22.8691	-359.1478	-3.275361	-268.8347	1.8	-300	
974.2881	COLLISION_NONE	NOT_SWITCH	NOT_RESET	NOT_WAYPOINT	-271.0974	1.8	-291.3212	0	0.9881674	0	0.1533792	22.84749	-359.2009	-3.295733	-268.8347	1.8	-300	
974.3082	COLLISION_NONE	NOT_SWITCH	NOT_RESET	NOT_WAYPOINT	-270.9274	1.8	-291.4367	0	0.9889671	0	0.1481355	22.84056	-359.2119	-3.315277	-268.8347	1.8	-300	
974.3282	COLLISION_NONE	NOT_SWITCH	NOT_RESET	NOT_WAYPOINT	-270.7733	1.8	-291.5366	0	0.9899538	0	0.1413915	22.8022	-359.1988	-3.320942	-268.8347	1.8	-300	
974.3482	COLLISION_NONE	NOT_SWITCH	NOT_RESET	NOT_WAYPOINT	-270.6511	1.8	-291.6053	0	0.9903247	0	0.1387695	22.77447	-359.2188	-3.320655	-268.8347	1.8	-300	
974.3682	COLLISION_NONE	NOT_SWITCH	NOT_RESET	NOT_WAYPOINT	-270.5447	1.8	-291.6583	0	0.9906629	0	0.1363346	22.79218	-359.0931	-3.302577	-268.8347	1.8	-300	
974.3882	COLLISION_NONE	NOT_SWITCH	NOT_RESET	NOT_WAYPOINT	-270.4543	1.8	-291.6958	0	0.9909822	0	0.1339937	22.77352	-359.0903	-3.308828	-268.8347	1.8	-300	
974.4083	COLLISION_NONE	NOT_SWITCH	NOT_RESET	NOT_WAYPOINT	-270.3795	1.8	-291.7178	0	0.9912898	0	0.1316991	22.78483	-359.0255	-3.306735	-268.8347	1.8	-300	
974.4283	COLLISION_NONE	NOT_SWITCH	NOT_RESET	NOT_WAYPOINT	-270.3152	1.8	-291.7302	0	0.9918815	0	0.1271657	22.80371	-358.9694	-3.334789	-268.8347	1.8	-300	
974.4483	COLLISION_NONE	NOT_SWITCH	NOT_RESET	NOT_WAYPOINT	-270.2563	1.8	-291.7408	0	0.9921682	0	0.1249091	22.80699	-358.9958	-3.356657	-268.8347	1.8	-300	
974.4683	COLLISION_NONE	NOT_SWITCH	NOT_RESET	NOT_WAYPOINT	-270.2036	1.8	-291.7463	0	0.9924495	0	0.1226541	22.81785	-359.0259	-3.372413	-268.8347	1.8	-300	
974.4883	COLLISION_NONE	NOT_SWITCH	NOT_RESET	NOT_WAYPOINT	-270.1606	1.8	-291.7422	0	0.9927254	0	0.1204	22.80584	-359.0773	-3.376793	-268.8347	1.8	-300	
974.5084	COLLISION_NONE	NOT_SWITCH	NOT_RESET	NOT_WAYPOINT	-270.1013	1.8	-291.6798	0	0.9929964	0	0.1181449	22.83003	-359.0891	-3.374319	-268.8347	1.8	-300	
974.5284	COLLISION_NONE	NOT_SWITCH	NOT_RESET	NOT_WAYPOINT	-269.9322	1.8	-291.5753	0	0.9935228	0	0.1136331	22.83134	-359.1211	-3.344752	-268.8347	1.8	-300	
974.5484	COLLISION_NONE	NOT_SWITCH	NOT_RESET	NOT_WAYPOINT	-269.6287	1.8	-291.2795	0	0.9934197	0	0.1145311	22.81614	-359.1721	-3.341361	-268.8347	1.8	-300	
974.5684	COLLISION_NONE	NOT_SWITCH	NOT_RESET	NOT_WAYPOINT	-269.3452	1.8	-290.9776	0	0.9929772	0	0.1183065	22.81937	-359.1707	-3.325562	-268.8347	1.8	-300	
974.5884	COLLISION_NONE	NOT_SWITCH	NOT_RESET	NOT_WAYPOINT	-269.0749	1.8	-290.6719	0	0.9922691	0	0.1241049	22.81291	-359.2031	-3.296052	-268.8347	1.8	-300	
974.6085	COLLISION_NONE	NOT_SWITCH	NOT_RESET	NOT_WAYPOINT	-268.8122	1.8	-290.3645	0	0.9913388	0	0.1313293	22.81976	-359.2215	-3.303304	-268.8347	1.8	-300	
974.6285	COLLISION_NONE	NOT_SWITCH	NOT_RESET	NOT_WAYPOINT	-268.5536	1.8	-290.0572	0	0.9890561	0	0.1475406	22.83869	-359.2162	-3.248111	-268.8347	1.8	-300	
974.6485	COLLISION_NONE	NOT_SWITCH	NOT_RESET	NOT_WAYPOINT	-268.2988	1.8	-289.7532	0	0.987759	0	0.1559879	22.82854	-359.2612	-3.261632	-268.8347	1.8	-300	
974.6685	COLLISION_NONE	NOT_SWITCH	NOT_RESET	NOT_WAYPOINT	-268.049	1.8	-289.4482	0	0.986375	0	0.1645127	22.81444	-359.2915	-3.22733	-268.8347	1.8	-300	
974.6885	COLLISION_NONE	NOT_SWITCH	NOT_RESET	NOT_WAYPOINT	-267.8058	1.8	-289.1405	0	0.9849096	0	0.1730697	22.79437	-359.3766	-3.218049	-268.8347	1.8	-300	
974.7086	COLLISION_NONE	NOT_SWITCH	NOT_RESET	NOT_WAYPOINT	-267.5707	1.8	-288.8288	0	0.9833659	0	0.1816358	22.79651	-359.3347	-3.209438	-268.8347	1.8	-300	
974.7286	COLLISION_NONE	NOT_SWITCH	NOT_RESET	NOT_WAYPOINT	-267.345	1.8	-288.5117	0	0.9800495	0	0.1987537	22.83187	-359.3193	-3.245991	-268.8347	1.8	-300	
974.7486	COLLISION_NONE	NOT_SWITCH	NOT_RESET	NOT_WAYPOINT	-267.1396	1.8	-288.1826	0	0.9782783	0	0.2072959	22.81843	-359.3039	-3.243722	-268.8347	1.8	-300	
974.7686	COLLISION_NONE	NOT_SWITCH	NOT_RESET	NOT_WAYPOINT	-266.9448	1.8	-287.8463	0	0.9764324	0	0.2158236	22.8477	-359.2548	-3.251764	-268.8347	1.8	-300	
974.7886	COLLISION_NONE	NOT_SWITCH	NOT_RESET	NOT_WAYPOINT	-266.7602	1.8	-287.5034	0	0.974512	0	0.2243356	22.85864	-359.2556	-3.240757	-268.8347	1.8	-300	
974.8087	COLLISION_NONE	NOT_SWITCH	NOT_RESET	NOT_WAYPOINT	-266.5851	1.8	-287.1544	0	0.9725173	0	0.2328308	22.8878	-359.209	-3.253604	-268.8347	1.8	-300	
974.8287	COLLISION_NONE	NOT_SWITCH	NOT_RESET	NOT_WAYPOINT	-266.4187	1.8	-286.8002	0	0.9683058	0	0.2497679	22.91007	-359.1728	-3.27811	-268.8347	1.8	-300	
974.8487	COLLISION_NONE	NOT_SWITCH	NOT_RESET	NOT_WAYPOINT	-266.2692	1.8	-286.4376	0	0.9660893	0	0.2582083	22.90772	-359.2174	-3.291625	-268.8347	1.8	-300	
974.8687	COLLISION_NONE	NOT_SWITCH	NOT_RESET	NOT_WAYPOINT	-266.1271	1.8	-286.0711	0	0.9637992	0	0.2666291	22.91519	-359.2254	-3.313962	-268.8347	1.8	-300	
974.8887	COLLISION_NONE	NOT_SWITCH	NOT_RESET	NOT_WAYPOINT	-265.992	1.8	-285.7016	0	0.9614358	0	0.2750295	22.92354	-359.2149	-3.302377	-268.8347	1.8	-300	
974.9088	COLLISION_NONE	NOT_SWITCH	NOT_RESET	NOT_WAYPOINT	-265.8637	1.8	-285.3294	0	0.9564894	0	0.291767	22.90218	-359.2622	-3.305215	-268.8347	1.8	-300	
974.9288	COLLISION_NONE	NOT_SWITCH	NOT_RESET	NOT_WAYPOINT	-265.7489	1.8	-284.9531	0	0.9539069	0	0.3001028	22.87587	-359.3154	-3.291102	-268.8347	1.8	-300	
974.9488	COLLISION_NONE	NOT_SWITCH	NOT_RESET	NOT_WAYPOINT	-265.6478	1.8	-284.5803	0	0.9512517	0	0.3084157	22.83932	-359.3268	-3.260485	-268.8347	1.8	-300	
974.9688	COLLISION_NONE	NOT_SWITCH	NOT_RESET	NOT_WAYPOINT	-265.5668	1.8	-284.2142	0	0.9485241	0	0.3167051	22.83216	-359.3413	-3.266136	-268.8347	1.8	-300	
974.9888	COLLISION_NONE	NOT_SWITCH	NOT_RESET	TRIGGER_WAYPOINT	-265.5005	1.8	-283.8532	0	0.9457242	0	0.3249703	22.8411	-359.3199	-3.261776	-251.2012	1.8	-275.7295	
975.0089	COLLISION_NONE	NOT_SWITCH	NOT_RESET	NOT_WAYPOINT	-265.4412	1.8	-283.495	0	0.9399087	0	0.341426	22.83566	-359.2743	-3.259219	-251.2012	1.8	-275.7295	
975.0289	COLLISION_NONE	NOT_SWITCH	NOT_RESET	NOT_WAYPOINT	-265.3881	1.8	-283.1414	0	0.9368934	0	0.3496151	22.82448	-359.2776	-3.264203	-251.2012	1.8	-275.7295	
975.0489	COLLISION_NONE	NOT_SWITCH	NOT_RESET	NOT_WAYPOINT	-265.338	1.8	-282.7896	0	0.9338068	0	0.3577777	22.83602	-359.2681	-3.268259	-251.2012	1.8	-275.7295	
975.0689	COLLISION_NONE	NOT_SWITCH	NOT_RESET	NOT_WAYPOINT	-265.2932	1.8	-282.4392	0	0.9306491	0	0.3659129	22.80802	-359.2952	-3.301211	-251.2012	1.8	-275.7295	
975.0889	COLLISION_NONE	NOT_SWITCH	NOT_RESET	NOT_WAYPOINT	-265.2556	1.8	-282.0897	0	0.9274205	0	0.3740203	22.8015	-359.2706	-3.302986	-251.2012	1.8	-275.7295	
975.1089	COLLISION_NONE	NOT_SWITCH	NOT_RESET	NOT_WAYPOINT	-265.2267	1.8	-281.7403	0	0.9207517	0	0.3901491	22.76123	-359.3207	-3.329477	-251.2012	1.8	-275.7295	
975.129	COLLISION_NONE	NOT_SWITCH	NOT_RESET	NOT_WAYPOINT	-265.2169	1.8	-281.391	0	0.917312	0	0.3981692	22.73315	-359.3474	-3.327949	-251.2012	1.8	-275.7295	
975.149	COLLISION_NONE	NOT_SWITCH	NOT_RESET	NOT_WAYPOINT	-265.2176	1.8	-281.0408	0	0.9138024	0	0.406159	22.71087	-359.3526	-3.348749	-251.2012	1.8	-275.7295	
975.169	COLLISION_NONE	NOT_SWITCH	NOT_RESET	NOT_WAYPOINT	-265.2279	1.8	-280.69	0	0.9102233	0	0.4141179	22.71605	-359.3153	-3.341928	-251.2012	1.8	-275.7295	
975.189	COLLISION_NONE	NOT_SWITCH	NOT_RESET	NOT_WAYPOINT	-265.2471	1.8	-280.3389	0	0.9065748	0	0.4220452	22.74443	-359.3094	-3.347858	-251.2012	1.8	-275.7295	
975.209	COLLISION_NONE	NOT_SWITCH	NOT_RESET	NOT_WAYPOINT	-265.2745	1.8	-279.9877	0	0.899071	0	0.4378029	22.7787	-359.2277	-3.350932	-251.2012	1.8	-275.7295	
975.2291	COLLISION_NONE	NOT_SWITCH	NOT_RESET	NOT_WAYPOINT	-265.3171	1.8	-279.6376	0	0.8952163	0	0.445632	22.79424	-359.2317	-3.387089	-251.2012	1.8	-275.7295	
975.2491	COLLISION_NONE	NOT_SWITCH	NOT_RESET	NOT_WAYPOINT	-265.3667	1.8	-279.2879	0	0.8912933	0	0.4534271	22.81639	-359.2558	-3.393061	-251.2012	1.8	-275.7295	
975.2691	COLLISION_NONE	NOT_SWITCH	NOT_RESET	NOT_WAYPOINT	-265.4229	1.8	-278.9388	0	0.8873026	0	0.4611878	22.80094	-359.3388	-3.42128	-251.2012	1.8	-275.7295	
975.2891	COLLISION_NONE	NOT_SWITCH	NOT_RESET	NOT_WAYPOINT	-265.4852	1.8	-278.5906	0	0.8832442	0	0.4689133	22.80091	-359.34	-3.436992	-251.2012	1.8	-275.7295	
975.3091	COLLISION_NONE	NOT_SWITCH	NOT_RESET	NOT_WAYPOINT	-265.5536	1.8	-278.2435	0	0.8791186	0	0.4766031	22.8014	-359.416	-3.447578	-251.2012	1.8	-275.7295	
975.3292	COLLISION_NONE	NOT_SWITCH	NOT_RESET	NOT_WAYPOINT	-265.628	1.8	-277.8976	0	0.8706668	0	0.4918732	22.7834	-359.4598	-3.437521	-251.2012	1.8	-275.7295	
975.3492	COLLISION_NONE	NOT_SWITCH	NOT_RESET	NOT_WAYPOINT	-265.7143	1.8	-277.5551	0	0.8663414	0	0.4994524	22.78112	-359.4758	-3.405425	-251.2012	1.8	-275.7295	
975.3692	COLLISION_NONE	NOT_SWITCH	NOT_RESET	NOT_WAYPOINT	-265.807	1.8	-277.2138	0	0.8619499	0	0.5069936	22.77695	-359.4675	-3.382992	-251.2012	1.8	-275.7295	
975.3892	COLLISION_NONE	NOT_SWITCH	NOT_RESET	NOT_WAYPOINT	-265.9057	1.8	-276.8741	0	0.8574927	0	0.5144961	22.77862	-359.4354	-3.351474	-251.2012	1.8	-275.7295	
975.4092	COLLISION_NONE	NOT_SWITCH	NOT_RESET	NOT_WAYPOINT	-266.0103	1.8	-276.536	0	0.8483829	0	0.5293831	22.77094	-359.4326	-3.338809	-251.2012	1.8	-275.7295	
975.4293	COLLISION_NONE	NOT_SWITCH	NOT_RESET	NOT_WAYPOINT	-266.1263	1.8	-276.2024	0	0.843731	0	0.5367664	22.75892	-359.4515	-3.338368	-251.2012	1.8	-275.7295	
975.4493	COLLISION_NONE	NOT_SWITCH	NOT_RESET	NOT_WAYPOINT	-266.2485	1.8	-275.8705	0	0.8390148	0	0.5441087	22.75768	-359.4751	-3.347498	-251.2012	1.8	-275.7295	
975.4693	COLLISION_NONE	NOT_SWITCH	NOT_RESET	NOT_WAYPOINT	-266.3766	1.8	-275.5406	0	0.8342347	0	0.5514097	22.74308	-359.5165	-3.340347	-251.2012	1.8	-275.7295	
975.4893	COLLISION_NONE	NOT_SWITCH	NOT_RESET	TRIGGER_WAYPOINT	-266.5103	1.8	-275.213	0	0.829391	0	0.5586687	22.7438	-359.503	-3.342731	-279.7329	1.8	-266.459	
975.5093	COLLISION_NONE	NOT_SWITCH	NOT_RESET	NOT_WAYPOINT	-266.6495	1.8	-274.8877	0	0.8195145	0	0.5730584	22.72769	-359.4507	-3.33365	-279.7329	1.8	-266.459	
975.5294	COLLISION_NONE	NOT_SWITCH	NOT_RESET	NOT_WAYPOINT	-266.7997	1.8	-274.5679	0	0.8144825	0	0.5801882	22.69123	-359.428	-3.335689	-279.7329	1.8	-266.459	
975.5494	COLLISION_NONE	NOT_SWITCH	NOT_RESET	NOT_WAYPOINT	-266.9558	1.8	-274.2506	0	0.8093885	0	0.5872737	22.69967	-359.416	-3.335025	-279.7329	1.8	-266.459	
975.5694	COLLISION_NONE	NOT_SWITCH	NOT_RESET	NOT_WAYPOINT	-267.1176	1.8	-273.936	0	0.8042328	0	0.5943145	22.71754	-359.3739	-3.33425	-279.7329	1.8	-266.459	
975.5894	COLLISION_NONE	NOT_SWITCH	NOT_RESET	NOT_WAYPOINT	-267.2848	1.8	-273.6241	0	0.7937381	0	0.6082598	22.74077	-359.351	-3.32187	-279.7329	1.8	-266.459	
975.6094	COLLISION_NONE	NOT_SWITCH	NOT_RESET	NOT_WAYPOINT	-267.4623	1.8	-273.3187	0	0.7883998	0	0.6151632	22.75106	-359.3651	-3.335093	-279.7329	1.8	-266.459	
975.6295	COLLISION_NONE	NOT_SWITCH	NOT_RESET	NOT_WAYPOINT	-267.6457	1.8	-273.0162	0	0.7830015	0	0.6220198	22.73033	-359.4013	-3.345005	-279.7329	1.8	-266.459	
975.6495	COLLISION_NONE	NOT_SWITCH	NOT_RESET	NOT_WAYPOINT	-267.8343	1.8	-272.7169	0	0.7775437	0	0.6288289	22.73407	-359.4178	-3.355361	-279.7329	1.8	-266.459	
975.6695	COLLISION_NONE	NOT_SWITCH	NOT_RESET	NOT_WAYPOINT	-268.0281	1.8	-272.4207	0	0.7720265	0	0.6355903	22.71873	-359.4995	-3.367763	-279.7329	1.8	-266.459	
975.6895	COLLISION_NONE	NOT_SWITCH	NOT_RESET	NOT_WAYPOINT	-268.2268	1.8	-272.128	0	0.7608165	0	0.6489672	22.6977	-359.5145	-3.338789	-279.7329	1.8	-266.459	
975.7095	COLLISION_NONE	NOT_SWITCH	NOT_RESET	NOT_WAYPOINT	-268.4265	1.8	-271.842	0	0.7551243	0	0.6555818	22.71704	-359.5048	-3.316296	-279.7329	1.8	-266.459	
975.7296	COLLISION_NONE	NOT_SWITCH	NOT_RESET	NOT_WAYPOINT	-268.6268	1.8	-271.5598	0	0.7493746	0	0.6621464	22.69155	0.4558716	-3.304355	-279.7329	1.8	-266.459	
975.7496	COLLISION_NONE	NOT_SWITCH	NOT_RESET	NOT_WAYPOINT	-268.8314	1.8	-271.2862	0	0.7435677	0	0.6686606	22.67023	-359.5031	-3.288039	-279.7329	1.8	-266.459	
975.7696	COLLISION_NONE	NOT_SWITCH	NOT_RESET	NOT_WAYPOINT	-269.0401	1.8	-271.0213	0	0.7377043	0	0.675124	22.65617	-359.4998	-3.29424	-279.7329	1.8	-266.459	
975.7896	COLLISION_NONE	NOT_SWITCH	NOT_RESET	NOT_WAYPOINT	-269.2546	1.8	-270.7689	0	0.7258095	0	0.6878959	22.65285	-359.4751	-3.295971	-279.7329	1.8	-266.459	
975.8096	COLLISION_NONE	NOT_SWITCH	NOT_RESET	NOT_WAYPOINT	-269.4837	1.8	-270.5542	0	0.7197788	0	0.6942035	22.64855	-359.4962	-3.300309	-279.7329	1.8	-266.459	
975.8297	COLLISION_NONE	NOT_SWITCH	NOT_RESET	NOT_WAYPOINT	-269.7174	1.8	-270.3557	0	0.7136934	0	0.7004582	22.61979	0.4631958	-3.304121	-279.7329	1.8	-266.459	
975.8497	COLLISION_NONE	NOT_SWITCH	NOT_RESET	NOT_WAYPOINT	-269.9555	1.8	-270.1776	0	0.7075537	0	0.7066596	22.60975	-359.5178	-3.315678	-279.7329	1.8	-266.459	
975.8697	COLLISION_NONE	NOT_SWITCH	NOT_RESET	NOT_WAYPOINT	-270.1968	1.8	-270.0194	0	0.70136	0	0.7128072	22.5934	0.4686584	-3.332059	-279.7329	1.8	-266.459	
975.8897	COLLISION_NONE	NOT_SWITCH	NOT_RESET	NOT_WAYPOINT	-270.4389	1.8	-269.8821	0	0.688813	0	0.724939	22.52868	0.4610596	-3.352979	-279.7329	1.8	-266.459	
975.9097	COLLISION_NONE	NOT_SWITCH	NOT_RESET	NOT_WAYPOINT	-270.6813	1.8	-269.7769	0	0.6824606	0	0.7309224	22.55374	-359.5079	-3.352905	-279.7329	1.8	-266.459	
975.9297	COLLISION_NONE	NOT_SWITCH	NOT_RESET	NOT_WAYPOINT	-270.9217	1.8	-269.6739	0	0.6760562	0	0.7368501	22.52648	0.4805298	-3.364515	-279.7329	1.8	-266.459	
975.9498	COLLISION_NONE	NOT_SWITCH	NOT_RESET	NOT_WAYPOINT	-271.1608	1.8	-269.5883	0	0.6696003	0	0.7427216	22.53055	-359.5032	-3.362042	-279.7329	1.8	-266.459	
975.9698	COLLISION_NONE	NOT_SWITCH	NOT_RESET	NOT_WAYPOINT	-271.3992	1.8	-269.5275	0	0.6630934	0	0.7485366	22.57368	-359.4872	-3.364256	-279.7329	1.8	-266.459	
975.9898	COLLISION_NONE	NOT_SWITCH	NOT_RESET	NOT_WAYPOINT	-271.6371	1.8	-269.4992	0	0.6499287	0	0.7599952	22.5937	0.4744568	-3.375548	-279.7329	1.8	-266.459	
976.0098	COLLISION_NONE	NOT_SWITCH	NOT_RESET	NOT_WAYPOINT	-271.8743	1.8	-269.5496	0	0.6432718	0	0.7656379	22.59797	0.4679871	-3.374385	-279.7329	1.8	-266.459	
976.0298	COLLISION_NONE	NOT_SWITCH	NOT_RESET	NOT_WAYPOINT	-272.11	1.8	-269.6426	0	0.636566	0	0.7712223	22.6093	0.3868103	-3.402236	-279.7329	1.8	-266.459	
976.0499	COLLISION_NONE	NOT_SWITCH	NOT_RESET	NOT_WAYPOINT	-272.3434	1.8	-269.7699	0	0.6298116	0	0.7767479	22.62153	0.40979	-3.408762	-279.7329	1.8	-266.459	
976.0699	COLLISION_NONE	NOT_SWITCH	NOT_RESET	NOT_WAYPOINT	-272.5728	1.8	-269.9249	0	0.6230093	0	0.7822144	22.61197	0.3500061	-3.408981	-279.7329	1.8	-266.459	
976.0899	COLLISION_NONE	NOT_SWITCH	NOT_RESET	NOT_WAYPOINT	-272.7953	1.8	-270.1101	0	0.6092629	0	0.7929683	22.59192	0.3535767	-3.407131	-279.7329	1.8	-266.459	
976.1099	COLLISION_NONE	NOT_SWITCH	NOT_RESET	NOT_WAYPOINT	-272.992	1.8	-270.3849	0	0.6023199	0	0.7982549	22.60407	0.348114	-3.398123	-279.7329	1.8	-266.459	
976.1299	COLLISION_NONE	NOT_SWITCH	NOT_RESET	NOT_WAYPOINT	-273.1746	1.8	-270.6984	0	0.595331	0	0.8034807	22.5903	0.3216248	-3.377523	-279.7329	1.8	-266.459	
976.15	COLLISION_NONE	NOT_SWITCH	NOT_RESET	NOT_WAYPOINT	-273.3442	1.8	-271.0412	0	0.5882967	0	0.8086452	22.57895	0.3157043	-3.387264	-279.7329	1.8	-266.459	
976.17	COLLISION_NONE	NOT_SWITCH	NOT_RESET	NOT_WAYPOINT	-273.5063	1.8	-271.3939	0	0.5812176	0	0.8137482	22.56743	0.3323975	-3.369069	-279.7329	1.8	-266.459	
976.19	COLLISION_NONE	NOT_SWITCH	NOT_RESET	NOT_WAYPOINT	-273.6625	1.8	-271.751	0	0.5669272	0	0.8237679	22.58903	0.35849	-3.37091	-279.7329	1.8	-266.459	
976.21	COLLISION_NONE	NOT_SWITCH	NOT_RESET	NOT_WAYPOINT	-273.8075	1.8	-272.1126	0	0.5597169	0	0.8286839	22.59333	0.3795471	-3.366601	-279.7329	1.8	-266.459	
976.23	COLLISION_NONE	NOT_SWITCH	NOT_RESET	NOT_WAYPOINT	-273.9467	1.8	-272.4767	0	0.5524641	0	0.8335367	22.59246	0.3636169	-3.395619	-279.7329	1.8	-266.459	
976.2501	COLLISION_NONE	NOT_SWITCH	NOT_RESET	NOT_WAYPOINT	-274.0804	1.8	-272.8429	0	0.5451692	0	0.8383261	22.59066	0.3904419	-3.400512	-279.7329	1.8	-266.459	
976.2701	COLLISION_NONE	NOT_SWITCH	NOT_RESET	NOT_WAYPOINT	-274.2082	1.8	-273.211	0	0.5304554	0	0.8477129	22.55112	0.3553467	-3.413435	-279.7329	1.8	-266.459	
976.2901	COLLISION_NONE	NOT_SWITCH	NOT_RESET	NOT_WAYPOINT	-274.3237	1.8	-273.5822	0	0.5230376	0	0.8523097	22.52425	0.2892151	-3.396527	-279.7329	1.8	-266.459	
976.3101	COLLISION_NONE	NOT_SWITCH	NOT_RESET	NOT_WAYPOINT	-274.4327	1.8	-273.9558	0	0.5155799	0	0.8568416	22.53441	0.2730713	-3.406716	-279.7329	1.8	-266.459	
976.3301	COLLISION_NONE	NOT_SWITCH	NOT_RESET	NOT_WAYPOINT	-274.5353	1.8	-274.3313	0	0.508083	0	0.8613082	22.54721	0.2805176	-3.40797	-279.7329	1.8	-266.459	
976.3502	COLLISION_NONE	NOT_SWITCH	NOT_RESET	NOT_WAYPOINT	-274.6314	1.8	-274.7085	0	0.5005474	0	0.8657091	22.56645	0.2882996	-3.409122	-279.7329	1.8	-266.459	
976.3702	COLLISION_NONE	NOT_SWITCH	NOT_RESET	NOT_WAYPOINT	-274.7212	1.8	-275.0873	0	0.4853625	0	0.874313	22.61205	0.3773193	-3.379229	-279.7329	1.8	-266.459	
976.3902	COLLISION_NONE	NOT_SWITCH	NOT_RESET	NOT_WAYPOINT	-274.7978	1.8	-275.4684	0	0.4777143	0	0.8785152	22.59952	0.3482361	-3.363602	-279.7329	1.8	-266.459	
976.4102	COLLISION_NONE	NOT_SWITCH	NOT_RESET	NOT_WAYPOINT	-274.8674	1.8	-275.8511	0	0.4700298	0	0.8826506	22.61544	0.3537903	-3.361781	-279.7329	1.8	-266.459	
976.4302	COLLISION_NONE	NOT_SWITCH	NOT_RESET	NOT_WAYPOINT	-274.9303	1.8	-276.2351	0	0.4623094	0	0.8867188	22.60157	0.3002014	-3.397555	-279.7329	1.8	-266.459	
976.4503	COLLISION_NONE	NOT_SWITCH	NOT_RESET	NOT_WAYPOINT	-274.9867	1.8	-276.6202	0	0.4545538	0	0.8907194	22.62789	0.294342	-3.404107	-279.7329	1.8	-266.459	
976.4703	COLLISION_NONE	NOT_SWITCH	NOT_RESET	NOT_WAYPOINT	-275.0364	1.8	-277.0063	0	0.4389394	0	0.8985168	22.59031	0.1732483	-3.412084	-279.7329	1.8	-266.459	
976.4903	COLLISION_NONE	NOT_SWITCH	NOT_RESET	NOT_WAYPOINT	-275.0727	1.8	-277.3932	0	0.4310817	0	0.9023129	22.55778	0.1202698	-3.397695	-279.7329	1.8	-266.459	
976.5103	COLLISION_NONE	NOT_SWITCH	NOT_RESET	NOT_WAYPOINT	-275.102	1.8	-277.7811	0	0.4231912	0	0.9060404	22.56326	0.1009521	-3.386098	-279.7329	1.8	-266.459	
976.5303	COLLISION_NONE	NOT_SWITCH	NOT_RESET	NOT_WAYPOINT	-275.1245	1.8	-278.1696	0	0.4152685	0	0.9096989	22.58628	0.1142578	-3.316519	-279.7329	1.8	-266.459	
976.5504	COLLISION_NONE	NOT_SWITCH	NOT_RESET	NOT_WAYPOINT	-275.1402	1.8	-278.5586	0	0.4073142	0	0.9132881	22.58637	0.141571	-3.286786	-279.7329	1.8	-266.459	
976.5704	COLLISION_NONE	NOT_SWITCH	NOT_RESET	NOT_WAYPOINT	-275.1494	1.8	-278.9477	0	0.391313	0	0.9202576	22.60292	0.1568604	-3.246894	-279.7329	1.8	-266.459	
976.5904	COLLISION_NONE	NOT_SWITCH	NOT_RESET	NOT_WAYPOINT	-275.1451	1.8	-279.3363	0	0.3832675	0	0.9236374	22.57376	0.1069946	-3.254199	-279.7329	1.8	-266.459	
976.6104	COLLISION_NONE	NOT_SWITCH	NOT_RESET	NOT_WAYPOINT	-275.1336	1.8	-279.7251	0	0.3751927	0	0.9269468	22.58331	0.1417542	-3.252394	-279.7329	1.8	-266.459	
976.6304	COLLISION_NONE	NOT_SWITCH	NOT_RESET	NOT_WAYPOINT	-275.1153	1.8	-280.1139	0	0.3670894	0	0.9301857	22.54673	0.1026306	-3.293495	-279.7329	1.8	-266.459	
976.6505	COLLISION_NONE	NOT_SWITCH	NOT_RESET	NOT_WAYPOINT	-275.0904	1.8	-280.5023	0	0.3589582	0	0.9333537	22.52859	0.1172485	-3.29895	-279.7329	1.8	-266.459	
976.6705	COLLISION_NONE	NOT_SWITCH	NOT_RESET	NOT_WAYPOINT	-275.0587	1.8	-280.8902	0	0.3426142	0	0.9394762	22.47983	0.1176758	-3.320788	-279.7329	1.8	-266.459	
976.6905	COLLISION_NONE	NOT_SWITCH	NOT_RESET	NOT_WAYPOINT	-275.0138	1.8	-281.2763	0	0.3344028	0	0.9424303	22.45595	0.1091309	-3.3274	-279.7329	1.8	-266.459	
976.7105	COLLISION_NONE	NOT_SWITCH	NOT_RESET	TRIGGER_WAYPOINT	-274.9618	1.8	-281.6618	0	0.3261659	0	0.9453126	22.46572	0.1470947	-3.312948	-279.7329	1.8	-296.459	
976.7305	COLLISION_NONE	NOT_SWITCH	NOT_RESET	NOT_WAYPOINT	-274.903	1.8	-282.0465	0	0.3179041	0	0.9481229	22.48182	0.1566772	-3.317214	-279.7329	1.8	-296.459	
976.7505	COLLISION_NONE	NOT_SWITCH	NOT_RESET	NOT_WAYPOINT	-274.8376	1.8	-282.4302	0	0.3096182	0	0.950861	22.49481	0.1956787	-3.321414	-279.7329	1.8	-296.459	
976.7706	COLLISION_NONE	NOT_SWITCH	NOT_RESET	NOT_WAYPOINT	-274.7656	1.8	-282.8127	0	0.2929762	0	0.9561197	22.49308	0.2259827	-3.340214	-279.7329	1.8	-296.459	
976.7906	COLLISION_NONE	NOT_SWITCH	NOT_RESET	NOT_WAYPOINT	-274.7246	1.8	-283.1646	0	0.2846214	0	0.95864	22.463	0.1607971	-3.368637	-279.7329	1.8	-296.459	
976.8106	COLLISION_NONE	NOT_SWITCH	NOT_RESET	NOT_WAYPOINT	-274.7002	1.8	-283.5025	0	0.276245	0	0.9610873	22.45851	0.1357422	-3.366838	-279.7329	1.8	-296.459	
976.8306	COLLISION_NONE	NOT_SWITCH	NOT_RESET	NOT_WAYPOINT	-274.6922	1.8	-283.8266	0	0.2678475	0	0.9634613	22.43554	0.1453552	-3.374065	-279.7329	1.8	-296.459	
976.8506	COLLISION_NONE	NOT_SWITCH	NOT_RESET	NOT_WAYPOINT	-274.7007	1.8	-284.137	0	0.250992	0	0.9679891	22.41696	0.1258545	-3.408033	-279.7329	1.8	-296.459	
976.8707	COLLISION_NONE	NOT_SWITCH	NOT_RESET	NOT_WAYPOINT	-274.7417	1.8	-284.4204	0	0.2425353	0	0.9701426	22.43054	0.1748047	-3.400815	-279.7329	1.8	-296.459	
976.8907	COLLISION_NONE	NOT_SWITCH	NOT_RESET	NOT_WAYPOINT	-274.7993	1.8	-284.691	0	0.2340601	0	0.9722221	22.42885	0.1425476	-3.405603	-279.7329	1.8	-296.459	
976.9107	COLLISION_NONE	NOT_SWITCH	NOT_RESET	NOT_WAYPOINT	-274.8682	1.8	-284.9525	0	0.225567	0	0.9742277	22.42095	0.14151	-3.413459	-279.7329	1.8	-296.459	
976.9307	COLLISION_NONE	NOT_SWITCH	NOT_RESET	NOT_WAYPOINT	-274.9427	1.8	-285.2082	0	0.2170568	0	0.976159	22.41268	0.1931763	-3.385799	-279.7329	1.8	-296.459	
976.9507	COLLISION_NONE	NOT_SWITCH	NOT_RESET	NOT_WAYPOINT	-275.0196	1.8	-285.4602	0	0.1999874	0	0.9797985	22.41064	0.1550293	-3.408085	-279.7329	1.8	-296.459	
976.9708	COLLISION_NONE	NOT_SWITCH	NOT_RESET	NOT_WAYPOINT	-275.0958	1.8	-285.7073	0	0.1914296	0	0.9815063	22.4193	0.1723633	-3.424444	-279.7329	1.8	-296.459	
976.9908	COLLISION_NONE	NOT_SWITCH	NOT_RESET	NOT_WAYPOINT	-275.1756	1.8	-285.9511	0	0.1828572	0	0.9831395	22.41058	0.1544189	-3.415927	-279.7329	1.8	-296.459	
977.0108	COLLISION_NONE	NOT_SWITCH	NOT_RESET	NOT_WAYPOINT	-275.2611	1.8	-286.1917	0	0.1742708	0	0.9846978	22.40698	0.1482849	-3.433529	-279.7329	1.8	-296.459	
977.0308	COLLISION_NONE	NOT_SWITCH	NOT_RESET	NOT_WAYPOINT	-275.3535	1.8	-286.4305	0	0.1656712	0	0.9861811	22.40698	0.1482849	-3.433529	-279.7329	1.8	-296.459	
977.0508	COLLISION_NONE	NOT_SWITCH	NOT_RESET	NOT_WAYPOINT	-275.4507	1.8	-286.6711	0	0.1484347	0	0.9889222	22.37307	0.0954895	-3.418863	-279.7329	1.8	-296.459	
977.0709	COLLISION_NONE	NOT_SWITCH	NOT_RESET	NOT_WAYPOINT	-275.5422	1.8	-286.9129	0	0.1397992	0	0.9901799	22.38084	0.09527588	-3.426735	-279.7329	1.8	-296.459	
977.0909	COLLISION_NONE	NOT_SWITCH	NOT_RESET	NOT_WAYPOINT	-275.6708	1.8	-287.1433	0	0.131153	0	0.9913622	22.3963	0.09060669	-3.409818	-279.7329	1.8	-296.459	
977.1109	COLLISION_NONE	NOT_SWITCH	NOT_RESET	NOT_WAYPOINT	-275.8917	1.8	-287.3505	0	0.1224969	0	0.9924689	22.40528	0.0776062	-3.407235	-279.7329	1.8	-296.459	
977.1309	COLLISION_NONE	NOT_SWITCH	NOT_RESET	NOT_WAYPOINT	-276.2071	1.8	-287.538	0	0.1138314	0	0.9935001	22.4125	0.06515503	-3.39696	-279.7329	1.8	-296.459	
977.1509	COLLISION_NONE	NOT_SWITCH	NOT_RESET	NOT_WAYPOINT	-276.5547	1.8	-287.7242	0	0.0964751	0	0.9953354	22.45168	0.002532959	-3.380012	-279.7329	1.8	-296.459	
977.171	COLLISION_NONE	NOT_SWITCH	NOT_RESET	NOT_WAYPOINT	-276.9016	1.8	-287.921	0	0.0877856	0	0.9961394	22.44227	-0.02947998	-3.376909	-279.7329	1.8	-296.459	
977.191	COLLISION_NONE	NOT_SWITCH	NOT_RESET	NOT_WAYPOINT	-277.2458	1.8	-288.1189	0	0.07908941	0	0.9968675	22.45321	-0.03530884	-3.34124	-279.7329	1.8	-296.459	
977.211	COLLISION_NONE	NOT_SWITCH	NOT_RESET	NOT_WAYPOINT	-277.5869	1.8	-288.3196	0	0.07038721	0	0.9975198	22.4374	-0.03726196	-3.356878	-279.7329	1.8	-296.459	
977.231	COLLISION_NONE	NOT_SWITCH	NOT_RESET	NOT_WAYPOINT	-277.9248	1.8	-288.5243	0	0.06167964	0	0.998096	22.41613	-0.02075195	-3.365392	-279.7329	1.8	-296.459	
977.251	COLLISION_NONE	NOT_SWITCH	NOT_RESET	NOT_WAYPOINT	-278.2592	1.8	-288.7336	0	0.04425106	0	0.9990205	22.41865	-0.0151062	-3.2945	-279.7329	1.8	-296.459	
977.2711	COLLISION_NONE	NOT_SWITCH	NOT_RESET	NOT_WAYPOINT	-278.5856	1.8	-288.9531	0	0.03553139	0	0.9993686	22.42343	-0.009399414	-3.311528	-279.7329	1.8	-296.459	
977.2911	COLLISION_NONE	NOT_SWITCH	NOT_RESET	NOT_WAYPOINT	-278.9082	1.8	-289.1788	0	0.02680901	0	0.9996406	22.44166	-0.02053833	-3.319972	-279.7329	1.8	-296.459	
977.3111	COLLISION_NONE	NOT_SWITCH	NOT_RESET	NOT_WAYPOINT	-279.2268	1.8	-289.4103	0	0.01808459	0	0.9998365	22.45635	-0.03717041	-3.338146	-279.7329	1.8	-296.459	
977.3311	COLLISION_NONE	NOT_SWITCH	NOT_RESET	NOT_WAYPOINT	-279.5414	1.8	-289.6474	0	0.009358797	0	0.9999563	22.45948	-0.0637207	-3.359961	-279.7329	1.8	-296.459	
977.3511	COLLISION_NONE	NOT_SWITCH	NOT_RESET	NOT_WAYPOINT	-279.8518	1.8	-289.8899	0	-0.008094271	0	0.9999673	22.4872	-0.1074829	-3.354501	-279.7329	1.8	-296.459	
977.3712	COLLISION_NONE	NOT_SWITCH	NOT_RESET	NOT_WAYPOINT	-280.1531	1.8	-290.1428	0	-0.01682021	0	0.9998586	22.45449	-0.1654663	-3.349563	-279.7329	1.8	-296.459	
977.3912	COLLISION_NONE	NOT_SWITCH	NOT_RESET	NOT_WAYPOINT	-280.45	1.8	-290.4014	0	-0.02554487	0	0.9996737	22.44629	-0.1774902	-3.323544	-279.7329	1.8	-296.459	
977.4112	COLLISION_NONE	NOT_SWITCH	NOT_RESET	NOT_WAYPOINT	-280.7425	1.8	-290.6654	0	-0.03426759	0	0.9994127	22.42443	-0.213501	-3.306382	-279.7329	1.8	-296.459	
977.4312	COLLISION_NONE	NOT_SWITCH	NOT_RESET	NOT_WAYPOINT	-281.0303	1.8	-290.9344	0	-0.0429877	0	0.9990757	22.38157	-0.2233276	-3.32067	-279.7329	1.8	-296.459	
977.4512	COLLISION_NONE	NOT_SWITCH	NOT_RESET	NOT_WAYPOINT	-281.3136	1.8	-291.2083	0	-0.06041742	0	0.9981732	22.37489	-0.2283325	-3.322562	-279.7329	1.8	-296.459	
977.4713	COLLISION_NONE	NOT_SWITCH	NOT_RESET	NOT_WAYPOINT	-281.5868	1.8	-291.4914	0	-0.06912572	0	0.997608	22.3473	-0.2476501	-3.321808	-279.7329	1.8	-296.459	
977.4913	COLLISION_NONE	NOT_SWITCH	NOT_RESET	NOT_WAYPOINT	-281.8549	1.8	-291.7797	0	-0.07782875	0	0.9969668	22.35415	-0.2660828	-3.329063	-279.7329	1.8	-296.459	
977.5113	COLLISION_NONE	NOT_SWITCH	NOT_RESET	NOT_WAYPOINT	-282.1182	1.8	-292.0728	0	-0.08652585	0	0.9962496	22.35383	-0.2727966	-3.327819	-279.7329	1.8	-296.459	
977.5313	COLLISION_NONE	NOT_SWITCH	NOT_RESET	NOT_WAYPOINT	-282.3763	1.8	-292.3705	0	-0.1038996	0	0.9945878	22.34002	-0.3269348	-3.344602	-279.7329	1.8	-296.459	
977.5513	COLLISION_NONE	NOT_SWITCH	NOT_RESET	NOT_WAYPOINT	-282.6237	1.8	-292.6765	0	-0.112575	0	0.9936433	22.33475	-0.3391724	-3.352937	-279.7329	1.8	-296.459	
977.5714	COLLISION_NONE	NOT_SWITCH	NOT_RESET	NOT_WAYPOINT	-282.8657	1.8	-292.9872	0	-0.1212418	0	0.992623	22.30576	-0.384552	-3.365961	-279.7329	1.8	-296.459	
977.5914	COLLISION_NONE	NOT_SWITCH	NOT_RESET	NOT_WAYPOINT	-283.1023	1.8	-293.3022	0	-0.1298993	0	0.9915272	22.28776	-0.434906	-3.362041	-279.7329	1.8	-296.459	
977.6114	COLLISION_NONE	NOT_SWITCH	NOT_RESET	NOT_WAYPOINT	-283.3335	1.8	-293.6213	0	-0.138547	0	0.9903559	22.27367	-0.4970703	-3.366608	-279.7329	1.8	-296.459	
977.6314	COLLISION_NONE	NOT_SWITCH	NOT_RESET	NOT_WAYPOINT	-283.5592	1.8	-293.9442	0	-0.15581	0	0.9877871	22.26364	-0.5429993	-3.368777	-279.7329	1.8	-296.459	
977.6514	COLLISION_NONE	NOT_SWITCH	NOT_RESET	NOT_WAYPOINT	-283.7733	1.8	-294.2743	0	-0.164424	0	0.9863898	22.26707	-0.56427	-3.380926	-279.7329	1.8	-296.459	
977.6714	COLLISION_NONE	NOT_SWITCH	NOT_RESET	NOT_WAYPOINT	-283.9816	1.8	-294.6085	0	-0.1730255	0	0.9849173	22.25566	-0.6376953	-3.386005	-279.7329	1.8	-296.459	
977.6915	COLLISION_NONE	NOT_SWITCH	NOT_RESET	NOT_WAYPOINT	-284.184	1.8	-294.9465	0	-0.1816138	0	0.9833699	22.27921	-0.6348267	-3.389322	-279.7329	1.8	-296.459	
977.7115	COLLISION_NONE	NOT_SWITCH	NOT_RESET	NOT_WAYPOINT	-284.3806	1.8	-295.2879	0	-0.1901883	0	0.9817476	22.30204	-0.6439819	-3.401046	-279.7329	1.8	-296.459	
977.7315	COLLISION_NONE	NOT_SWITCH	NOT_RESET	NOT_WAYPOINT	-284.5714	1.8	-295.6327	0	-0.2072932	0	0.9782789	22.29352	-0.7261047	-3.401889	-279.7329	1.8	-296.459	
977.7515	COLLISION_NONE	NOT_SWITCH	NOT_RESET	NOT_WAYPOINT	-284.7499	1.8	-295.9833	0	-0.2158223	0	0.9764327	22.30319	-0.7828064	-3.404956	-279.7329	1.8	-296.459	
977.7715	COLLISION_NONE	NOT_SWITCH	NOT_RESET	NOT_WAYPOINT	-284.9221	1.8	-296.3375	0	-0.224335	0	0.9745121	22.28477	-0.8424377	-3.404541	-279.7329	1.8	-296.459	
977.7916	COLLISION_NONE	NOT_SWITCH	NOT_RESET	NOT_WAYPOINT	-285.0881	1.8	-296.6947	0	-0.2328305	0	0.9725173	22.29689	-0.824707	-3.386557	-279.7329	1.8	-296.459	
977.8116	COLLISION_NONE	NOT_SWITCH	NOT_RESET	NOT_WAYPOINT	-285.2479	1.8	-297.0549	0	-0.2413084	0	0.9704485	22.27805	-0.8916931	-3.392759	-279.7329	1.8	-296.459	
977.8316	COLLISION_NONE	NOT_SWITCH	NOT_RESET	NOT_WAYPOINT	-285.4016	1.8	-297.4177	0	-0.2582083	0	0.9660893	22.26125	-0.92453	-3.37063	-279.7329	1.8	-296.459	
977.8516	COLLISION_NONE	NOT_SWITCH	NOT_RESET	NOT_WAYPOINT	-285.5424	1.8	-297.7851	0	-0.266629	0	0.9637992	22.25345	-0.9543457	-3.370577	-279.7329	1.8	-296.459	
977.8716	COLLISION_NONE	NOT_SWITCH	NOT_RESET	NOT_WAYPOINT	-285.6767	1.8	-298.1553	0	-0.2750295	0	0.9614358	22.27148	-0.9718933	-3.370125	-279.7329	1.8	-296.459	
977.8917	COLLISION_NONE	NOT_SWITCH	NOT_RESET	NOT_WAYPOINT	-285.8044	1.8	-298.5279	0	-0.2834091	0	0.9589992	22.2783	-0.9979858	-3.357494	-279.7329	1.8	-296.459	
977.9117	COLLISION_NONE	NOT_SWITCH	NOT_RESET	NOT_WAYPOINT	-285.9258	1.8	-298.9028	0	-0.291767	0	0.9564894	22.26966	-0.9922485	-3.33969	-279.7329	1.8	-296.459	
977.9317	COLLISION_NONE	NOT_SWITCH	NOT_RESET	NOT_WAYPOINT	-286.0406	1.8	-299.2797	0	-0.3084157	0	0.9512517	22.26787	-1.06076	-3.343233	-279.7329	1.8	-296.459	
977.9517	COLLISION_NONE	NOT_SWITCH	NOT_RESET	NOT_WAYPOINT	-286.1423	1.8	-299.6598	0	-0.316705	0	0.9485241	22.25902	-1.059723	-3.32724	-279.7329	1.8	-296.459	
977.9717	COLLISION_NONE	NOT_SWITCH	NOT_RESET	NOT_WAYPOINT	-286.2371	1.8	-300.042	0	-0.3249703	0	0.9457242	22.23862	-1.116516	-3.348643	-279.7329	1.8	-296.459	
977.9918	COLLISION_NONE	NOT_SWITCH	NOT_RESET	NOT_WAYPOINT	-286.3252	1.8	-300.4259	0	-0.3332108	0	0.9428524	22.2315	-1.104675	-3.34009	-279.7329	1.8	-296.459	
978.0118	COLLISION_NONE	NOT_SWITCH	NOT_RESET	NOT_WAYPOINT	-286.4067	1.8	-300.8114	0	-0.3496151	0	0.9368935	22.21883	-1.206177	-3.355863	-279.7329	1.8	-296.459	
978.0318	COLLISION_NONE	NOT_SWITCH	NOT_RESET	NOT_WAYPOINT	-286.4747	1.8	-301.199	0	-0.3577777	0	0.9338068	22.20054	-1.26767	-3.352283	-279.7329	1.8	-296.459	
978.0518	COLLISION_NONE	NOT_SWITCH	NOT_RESET	NOT_WAYPOINT	-286.5357	1.8	-301.588	0	-0.3659129	0	0.9306491	22.21625	-1.2612	-3.361683	-279.7329	1.8	-296.459	
978.0718	COLLISION_NONE	NOT_SWITCH	NOT_RESET	NOT_WAYPOINT	-286.5899	1.8	-301.9783	0	-0.3740203	0	0.9274205	22.23143	-1.279755	-3.342572	-279.7329	1.8	-296.459	
978.0919	COLLISION_NONE	NOT_SWITCH	NOT_RESET	NOT_WAYPOINT	-286.6375	1.8	-302.3694	0	-0.3820993	0	0.9241213	22.24686	-1.257965	-3.33073	-279.7329	1.8	-296.459	
978.1119	COLLISION_NONE	NOT_SWITCH	NOT_RESET	NOT_WAYPOINT	-286.6783	1.8	-302.7613	0	-0.3981692	0	0.917312	22.28299	-1.228394	-3.312734	-279.7329	1.8	-296.459	
978.1319	COLLISION_NONE	NOT_SWITCH	NOT_RESET	NOT_WAYPOINT	-286.7056	1.8	-303.1538	0	-0.406159	0	0.9138024	22.30464	-1.266846	-3.316715	-279.7329	1.8	-296.459	
978.1519	COLLISION_NONE	NOT_SWITCH	NOT_RESET	NOT_WAYPOINT	-286.7257	1.8	-303.5471	0	-0.4141179	0	0.9102233	22.30664	-1.290222	-3.325707	-279.7329	1.8	-296.459	
978.1719	COLLISION_NONE	NOT_SWITCH	NOT_RESET	NOT_WAYPOINT	-286.7389	1.8	-303.9408	0	-0.4220452	0	0.9065748	22.30669	-1.386871	-3.340064	-279.7329	1.8	-296.459	
978.192	COLLISION_NONE	NOT_SWITCH	NOT_RESET	NOT_WAYPOINT	-286.7453	1.8	-304.3348	0	-0.4299404	0	0.9028573	22.31715	-1.402161	-3.334774	-279.7329	1.8	-296.459	
978.212	COLLISION_NONE	NOT_SWITCH	NOT_RESET	NOT_WAYPOINT	-286.745	1.8	-304.7288	0	-0.4456319	0	0.8952163	22.32849	-1.493958	-3.34756	-279.7329	1.8	-296.459	
978.232	COLLISION_NONE	NOT_SWITCH	NOT_RESET	NOT_WAYPOINT	-286.7311	1.8	-305.122	0	-0.4534271	0	0.8912933	22.33649	-1.493225	-3.3399	-279.7329	1.8	-296.459	
978.252	COLLISION_NONE	NOT_SWITCH	NOT_RESET	NOT_WAYPOINT	-286.71	1.8	-305.5152	0	-0.4611877	0	0.8873026	22.32602	-1.566864	-3.318353	-279.7329	1.8	-296.459	
978.272	COLLISION_NONE	NOT_SWITCH	NOT_RESET	NOT_WAYPOINT	-286.6863	1.8	-305.9064	0	-0.4689132	0	0.8832442	22.34353	-1.60437	-3.306595	-279.7329	1.8	-296.459	
978.2921	COLLISION_NONE	NOT_SWITCH	NOT_RESET	NOT_WAYPOINT	-286.6786	1.8	-306.2832	0	-0.4766031	0	0.8791186	22.35476	-1.605591	-3.295921	-279.7329	1.8	-296.459	
978.3121	COLLISION_NONE	NOT_SWITCH	NOT_RESET	NOT_WAYPOINT	-286.697	1.8	-306.6399	0	-0.4918732	0	0.8706669	22.34473	-1.582886	-3.294544	-279.7329	1.8	-296.459	
978.3321	COLLISION_NONE	NOT_SWITCH	NOT_RESET	NOT_WAYPOINT	-286.8748	1.8	-306.8884	0	-0.4994524	0	0.8663414	22.34136	-1.557404	-3.288394	-279.7329	1.8	-296.459	
978.3521	COLLISION_NONE	NOT_SWITCH	NOT_RESET	NOT_WAYPOINT	-287.1543	1.8	-307.0751	0	-0.5069935	0	0.8619499	22.30174	-1.597656	-3.29896	-279.7329	1.8	-296.459	
978.3721	COLLISION_NONE	NOT_SWITCH	NOT_RESET	NOT_WAYPOINT	-287.5355	1.8	-307.2064	0	-0.514496	0	0.8574927	22.30174	-1.597656	-3.29896	-279.7329	1.8	-296.459	
978.3922	COLLISION_NONE	NOT_SWITCH	NOT_RESET	NOT_WAYPOINT	-287.9615	1.8	-307.3192	0	-0.5219594	0	0.8529704	22.27296	-1.630188	-3.329701	-279.7329	1.8	-296.459	
978.4122	COLLISION_NONE	NOT_SWITCH	NOT_RESET	NOT_WAYPOINT	-288.3976	1.8	-307.435	0	-0.5367663	0	0.843731	22.22452	-1.624268	-3.329891	-279.7329	1.8	-296.459	
978.4322	COLLISION_NONE	NOT_SWITCH	NOT_RESET	NOT_WAYPOINT	-288.8287	1.8	-307.5544	0	-0.5441087	0	0.8390148	22.21696	-1.61969	-3.327899	-279.7329	1.8	-296.459	
978.4522	COLLISION_NONE	NOT_SWITCH	NOT_RESET	NOT_WAYPOINT	-289.2578	1.8	-307.6793	0	-0.5514097	0	0.8342347	22.22696	-1.577362	-3.311951	-279.7329	1.8	-296.459	
978.4722	COLLISION_NONE	NOT_SWITCH	NOT_RESET	NOT_WAYPOINT	-289.6845	1.8	-307.8102	0	-0.5586686	0	0.829391	22.26687	-1.528351	-3.305664	-279.7329	1.8	-296.459	
978.4922	COLLISION_NONE	NOT_SWITCH	NOT_RESET	NOT_WAYPOINT	-290.109	1.8	-307.9476	0	-0.5658851	0	0.8244842	22.27489	-1.505798	-3.339171	-279.7329	1.8	-296.459	
978.5123	COLLISION_NONE	NOT_SWITCH	NOT_RESET	NOT_WAYPOINT	-290.5309	1.8	-308.0916	0	-0.5801881	0	0.8144826	22.27195	-1.497101	-3.343404	-279.7329	1.8	-296.459	
978.5323	COLLISION_NONE	NOT_SWITCH	NOT_RESET	NOT_WAYPOINT	-290.9471	1.8	-308.2494	0	-0.5872736	0	0.8093885	22.27459	-1.494812	-3.373044	-279.7329	1.8	-296.459	
978.5523	COLLISION_NONE	NOT_SWITCH	NOT_RESET	NOT_WAYPOINT	-291.3606	1.8	-308.4147	0	-0.5943144	0	0.8042328	22.26167	-1.524445	-3.399348	-279.7329	1.8	-296.459	
978.5723	COLLISION_NONE	NOT_SWITCH	NOT_RESET	NOT_WAYPOINT	-291.7712	1.8	-308.5873	0	-0.60131	0	0.7990159	22.27208	-1.483124	-3.425803	-279.7329	1.8	-296.459	
978.5923	COLLISION_NONE	NOT_SWITCH	NOT_RESET	NOT_WAYPOINT	-292.1789	1.8	-308.7671	0	-0.6123279	0	0.790604	22.25021	-1.44931	-3.423565	-279.7329	1.8	-296.459	
978.6124	COLLISION_NONE	NOT_SWITCH	NOT_RESET	NOT_WAYPOINT	-292.5799	1.8	-308.9608	0	-0.6159306	0	0.7878004	22.23663	-1.406006	-3.417956	-279.7329	1.8	-296.459	
978.6324	COLLISION_NONE	NOT_SWITCH	NOT_RESET	NOT_WAYPOINT	-292.9786	1.8	-309.1616	0	-0.6168497	0	0.787081	22.2404	-1.392456	-3.420428	-279.7329	1.8	-296.459	
