#Walking Trial Path#
#TimeStamp#	#Collision Event#	#Mode Switch Event#	#Reset Event#	#Waypoint Event#	#PositionX#	#PositionY#	#PositionZ#	#OrientationX#	#OrientationY#	#OrientationZ#	#OrientationW#	#HeadOrientationX#	#HeadOrientationY#	#HeadOrientationZ#	#WayPointX#	#WayPointY#	#WayPointZ#	
953.4678	COLLISION_NONE	CORRECT_SWITCH	NOT_RESET	NOT_WAYPOINT	-295.728	1.764353	-313.3337	0	0	0	1	25.18661	-358.1309	-1.731836	-294.652	2.623011	-315	
953.4879	COLLISION_NONE	NOT_SWITCH	NOT_RESET	NOT_WAYPOINT	-296.4896	1.792871	-313.3127	0	0	0	1	25.20682	-358.1066	-1.752855	-294.652	2.623011	-315	
953.5079	COLLISION_NONE	NOT_SWITCH	NOT_RESET	NOT_WAYPOINT	-297.0619	1.798574	-313.3179	0	0	0	1	25.21027	-358.1571	-1.81187	-294.652	2.623011	-315	
953.5279	COLLISION_NONE	NOT_SWITCH	NOT_RESET	NOT_WAYPOINT	-297.5354	1.799715	-313.336	0	0	0	1	25.22317	-358.1104	-1.80452	-294.652	2.623011	-315	
953.5479	COLLISION_NONE	NOT_SWITCH	NOT_RESET	NOT_WAYPOINT	-297.9078	1.799943	-313.366	0	0	0	1	25.20523	-358.0929	-1.812771	-294.652	2.623011	-315	
953.5679	COLLISION_NONE	NOT_SWITCH	NOT_RESET	NOT_WAYPOINT	-298.1783	1.799989	-313.4044	0	0	0	1	25.20632	-358.0718	-1.823476	-294.652	2.623011	-315	
953.588	COLLISION_NONE	NOT_SWITCH	NOT_RESET	NOT_WAYPOINT	-298.6431	1.799998	-313.423	0	0	0	1	25.24256	-358.0643	-1.820669	-294.652	2.623011	-315	
953.608	COLLISION_NONE	NOT_SWITCH	NOT_RESET	NOT_WAYPOINT	-299.0059	1.799999	-313.4507	0	0	0	1	25.27038	-358.0303	-1.803155	-294.652	2.623011	-315	
953.628	COLLISION_NONE	NOT_SWITCH	NOT_RESET	NOT_WAYPOINT	-299.2666	1.8	-313.4857	0	0	0	1	25.30528	-358.0206	-1.803212	-294.652	2.623011	-315	
953.648	COLLISION_NONE	NOT_SWITCH	NOT_RESET	NOT_WAYPOINT	-299.6246	1.8	-313.5118	0	0	0	1	25.30835	-358.0201	-1.795234	-294.652	2.623011	-315	
953.668	COLLISION_NONE	NOT_SWITCH	NOT_RESET	NOT_WAYPOINT	-299.8804	1.8	-313.5448	0	0	0	1	25.32037	-358.114	-1.821892	-294.652	2.623011	-315	
953.688	COLLISION_NONE	NOT_SWITCH	NOT_RESET	NOT_WAYPOINT	-300.3308	1.8	-313.5611	0	0	0	1	25.31015	-358.0872	-1.799463	-294.652	2.623011	-315	
953.7081	COLLISION_NONE	NOT_SWITCH	NOT_RESET	NOT_WAYPOINT	-300.679	1.8	-313.5852	0	0	0	1	25.26923	-358.1229	-1.782892	-294.652	2.623011	-315	
953.7281	COLLISION_NONE	NOT_SWITCH	NOT_RESET	NOT_WAYPOINT	-300.9252	1.8	-313.6158	0	0	0	1	25.27201	-358.1268	-1.769064	-294.652	2.623011	-315	
953.7481	COLLISION_NONE	NOT_SWITCH	NOT_RESET	NOT_WAYPOINT	-301.2686	1.8	-313.638	0	0	0	1	25.22846	-358.1562	-1.769215	-294.652	2.623011	-315	
953.7681	COLLISION_NONE	NOT_SWITCH	NOT_RESET	NOT_WAYPOINT	-301.5099	1.8	-313.6672	0	0	0	1	25.21977	-358.1786	-1.774398	-294.652	2.623011	-315	
953.7881	COLLISION_NONE	NOT_SWITCH	NOT_RESET	NOT_WAYPOINT	-301.9456	1.8	-313.6785	0	0	0	1	25.21814	-358.1456	-1.784171	-294.652	2.623011	-315	
953.8082	COLLISION_NONE	NOT_SWITCH	NOT_RESET	NOT_WAYPOINT	-302.2792	1.8	-313.6983	0	0	0	1	25.27312	-358.1031	-1.774829	-294.652	2.623011	-315	
953.8282	COLLISION_NONE	NOT_SWITCH	NOT_RESET	NOT_WAYPOINT	-302.5108	1.8	-313.7257	0	0	0	1	25.28612	-358.0458	-1.747748	-294.652	2.623011	-315	
953.8482	COLLISION_NONE	NOT_SWITCH	NOT_RESET	NOT_WAYPOINT	-302.8395	1.8	-313.7427	0	0	0	1	25.27402	-358.0759	-1.759978	-294.652	2.623011	-315	
953.8682	COLLISION_NONE	NOT_SWITCH	NOT_RESET	NOT_WAYPOINT	-303.0663	1.8	-313.7689	0	0	0	1	25.29847	-358.0471	-1.744562	-294.652	2.623011	-315	
953.8882	COLLISION_NONE	NOT_SWITCH	NOT_RESET	NOT_WAYPOINT	-303.4864	1.8	-313.7686	0	0	0	1	25.32582	-358.0887	-1.804014	-294.652	2.623011	-315	
953.9083	COLLISION_NONE	NOT_SWITCH	NOT_RESET	NOT_WAYPOINT	-303.8051	1.8	-313.7813	0	0	0	1	25.31159	-358.1417	-1.836935	-294.652	2.623011	-315	
953.9283	COLLISION_NONE	NOT_SWITCH	NOT_RESET	NOT_WAYPOINT	-304.0221	1.8	-313.8059	0	0	0	1	25.32773	-358.1337	-1.845366	-294.652	2.623011	-315	
953.9483	COLLISION_NONE	NOT_SWITCH	NOT_RESET	NOT_WAYPOINT	-304.3323	1.8	-313.8014	0	0	0	1	25.32445	-358.1418	-1.860247	-294.652	2.623011	-315	
953.9683	COLLISION_NONE	NOT_SWITCH	NOT_RESET	NOT_WAYPOINT	-304.5442	1.8	-313.8249	0	0	0	1	25.30979	-358.1742	-1.811611	-294.652	2.623011	-315	
953.9883	COLLISION_NONE	NOT_SWITCH	NOT_RESET	NOT_WAYPOINT	-304.5544	1.8	-313.8491	0	0	0	1	25.31509	-358.1595	-1.813427	-294.652	2.623011	-315	
954.0084	COLLISION_NONE	NOT_SWITCH	NOT_RESET	NOT_WAYPOINT	-304.6621	1.8	-313.8723	0	0	0	1	25.26943	-358.1154	-1.775991	-294.652	2.623011	-315	
954.0284	COLLISION_NONE	NOT_SWITCH	NOT_RESET	NOT_WAYPOINT	-304.8676	1.8	-313.8945	0	0	0	1	25.2488	-358.1213	-1.770558	-294.652	2.623011	-315	
954.0484	COLLISION_NONE	NOT_SWITCH	NOT_RESET	NOT_WAYPOINT	-304.9708	1.8	-313.9099	0	0	0	1	25.1964	-358.0957	-1.759969	-294.652	2.623011	-315	
954.0684	COLLISION_NONE	NOT_SWITCH	NOT_RESET	NOT_WAYPOINT	-305.1714	1.8	-313.9316	0	0	0	1	25.12727	-358.1089	-1.784263	-294.652	2.623011	-315	
954.0884	COLLISION_NONE	NOT_SWITCH	NOT_RESET	NOT_WAYPOINT	-305.1714	1.8	-313.932	0	0	0	1	25.10076	-358.0673	-1.774942	-294.652	2.623011	-315	
954.1085	COLLISION_NONE	NOT_SWITCH	NOT_RESET	NOT_WAYPOINT	-305.2685	1.8	-313.9427	0	0	0	1	25.03102	-358.0948	-1.797297	-294.652	2.623011	-315	
954.1285	COLLISION_NONE	NOT_SWITCH	NOT_RESET	NOT_WAYPOINT	-305.4626	1.8	-313.9638	0	0	0	1	25.01372	-358.0631	-1.807552	-294.652	2.623011	-315	
954.1485	COLLISION_NONE	NOT_SWITCH	NOT_RESET	NOT_WAYPOINT	-305.5548	1.8	-313.974	0	0	0	1	24.99179	-358.0624	-1.811102	-294.652	2.623011	-315	
954.1685	COLLISION_NONE	NOT_SWITCH	NOT_RESET	NOT_WAYPOINT	-305.7442	1.8	-313.9945	0	0	0	1	24.86359	-357.9916	-1.828084	-294.652	2.623011	-315	
954.1885	COLLISION_NONE	NOT_SWITCH	NOT_RESET	NOT_WAYPOINT	-305.7394	1.8	-313.9941	0	0	0	1	24.79532	-357.9123	-1.849759	-294.652	2.623011	-315	
954.2086	COLLISION_NONE	NOT_SWITCH	NOT_RESET	NOT_WAYPOINT	-305.8317	1.8	-314.0042	0	0	0	1	24.69974	-357.8578	-1.892895	-294.652	2.623011	-315	
954.2286	COLLISION_NONE	NOT_SWITCH	NOT_RESET	NOT_WAYPOINT	-306.0211	1.8	-314.0247	0	0	0	1	24.58425	-357.793	-1.927917	-294.652	2.623011	-315	
954.2486	COLLISION_NONE	NOT_SWITCH	NOT_RESET	NOT_WAYPOINT	-306.1086	1.8	-314.0342	0	0	0	1	24.19547	-357.6943	-2.013949	-294.652	2.623011	-315	
954.2686	COLLISION_NONE	NOT_SWITCH	NOT_RESET	NOT_WAYPOINT	-306.3902	1.8	-314.0648	0	0	0	1	23.99644	-357.6563	-2.086471	-294.652	2.623011	-315	
954.2886	COLLISION_NONE	NOT_SWITCH	NOT_RESET	NOT_WAYPOINT	-306.5699	1.8	-314.0843	0	0	0	1	23.82613	-357.5636	-2.129728	-294.652	2.623011	-315	
954.3087	COLLISION_NONE	NOT_SWITCH	NOT_RESET	NOT_WAYPOINT	-306.6479	1.8	-314.0928	0	0	0	1	23.61141	-357.5146	-2.171112	-294.652	2.623011	-315	
954.3287	COLLISION_NONE	NOT_SWITCH	NOT_RESET	NOT_WAYPOINT	-306.8229	1.8	-314.1118	0	0	0	1	23.39552	-357.4685	-2.244442	-294.652	2.623011	-315	
954.3487	COLLISION_NONE	NOT_SWITCH	NOT_RESET	NOT_WAYPOINT	-306.8961	1.8	-314.1198	0	0	0	1	22.99525	-357.3503	-2.323538	-294.652	2.623011	-315	
954.3687	COLLISION_NONE	NOT_SWITCH	NOT_RESET	NOT_WAYPOINT	-307.1634	1.8	-314.1488	0	0	0	1	22.79817	-357.3272	-2.363789	-294.652	2.623011	-315	
954.3887	COLLISION_NONE	NOT_SWITCH	NOT_RESET	NOT_WAYPOINT	-307.3289	1.8	-314.1668	0	0	0	1	22.71218	-357.3	-2.38356	-294.652	2.623011	-315	
954.4088	COLLISION_NONE	NOT_SWITCH	NOT_RESET	NOT_WAYPOINT	-307.3925	1.8	-314.1737	0	0	0	1	22.415	-357.227	-2.473216	-294.652	2.623011	-315	
954.4288	COLLISION_NONE	NOT_SWITCH	NOT_RESET	NOT_WAYPOINT	-307.5533	1.8	-314.1912	0	0	0	1	22.29603	-357.2352	-2.499015	-294.652	2.623011	-315	
954.4488	COLLISION_NONE	NOT_SWITCH	NOT_RESET	NOT_WAYPOINT	-307.6122	1.8	-314.1976	0	0	0	1	21.77556	-357.2621	-2.664703	-294.652	2.623011	-315	
954.4688	COLLISION_NONE	NOT_SWITCH	NOT_RESET	NOT_WAYPOINT	-307.8651	1.8	-314.225	0	0	0	1	21.58329	-357.2601	-2.701727	-294.652	2.623011	-315	
954.4888	COLLISION_NONE	NOT_SWITCH	NOT_RESET	NOT_WAYPOINT	-308.0163	1.8	-314.2415	0	0	0	1	21.37767	-357.2807	-2.750901	-294.652	2.623011	-315	
954.5089	COLLISION_NONE	NOT_SWITCH	NOT_RESET	NOT_WAYPOINT	-308.0656	1.8	-314.2468	0	0	0	1	21.18274	-357.2656	-2.782862	-294.652	2.623011	-315	
954.5289	COLLISION_NONE	NOT_SWITCH	NOT_RESET	NOT_WAYPOINT	-308.212	1.8	-314.2627	0	0	0	1	20.92091	-357.2962	-2.816826	-294.652	2.623011	-315	
954.5489	COLLISION_NONE	NOT_SWITCH	NOT_RESET	NOT_WAYPOINT	-308.2566	1.8	-314.2676	0	0	0	1	20.67211	-357.2698	-2.859398	-294.652	2.623011	-315	
954.5689	COLLISION_NONE	NOT_SWITCH	NOT_RESET	NOT_WAYPOINT	-308.4952	1.8	-314.2935	0	0	0	1	20.56087	-357.2423	-2.879271	-294.652	2.623011	-315	
954.5889	COLLISION_NONE	NOT_SWITCH	NOT_RESET	NOT_WAYPOINT	-308.6321	1.8	-314.3083	0	0	0	1	20.44762	-357.2049	-2.925734	-294.652	2.623011	-315	
954.6089	COLLISION_NONE	NOT_SWITCH	NOT_RESET	NOT_WAYPOINT	-308.6671	1.8	-314.3122	0	0	0	1	20.36521	-357.1757	-2.97162	-294.652	2.623011	-315	
954.629	COLLISION_NONE	NOT_SWITCH	NOT_RESET	NOT_WAYPOINT	-308.7992	1.8	-314.3265	0	0	0	1	20.26966	-357.1738	-2.974473	-294.652	2.623011	-315	
954.649	COLLISION_NONE	NOT_SWITCH	NOT_RESET	NOT_WAYPOINT	-308.8295	1.8	-314.3298	0	0	0	1	20.11762	-357.164	-3.038702	-294.652	2.623011	-315	
954.669	COLLISION_NONE	NOT_SWITCH	NOT_RESET	NOT_WAYPOINT	-309.0538	1.8	-314.3542	0	0	0	1	20.07409	-357.1589	-3.055758	-294.652	2.623011	-315	
954.689	COLLISION_NONE	NOT_SWITCH	NOT_RESET	NOT_WAYPOINT	-309.1763	1.8	-314.3675	0	0	0	1	20.0139	-357.24	-3.096976	-294.652	2.623011	-315	
954.709	COLLISION_NONE	NOT_SWITCH	NOT_RESET	NOT_WAYPOINT	-309.1971	1.8	-314.3697	0	0	0	1	19.98913	-357.2755	-3.12505	-294.652	2.623011	-315	
954.7291	COLLISION_NONE	NOT_SWITCH	NOT_RESET	NOT_WAYPOINT	-309.3148	1.8	-314.3825	0	0	0	1	19.95759	-357.363	-3.130855	-294.652	2.623011	-315	
954.7491	COLLISION_NONE	NOT_SWITCH	NOT_RESET	NOT_WAYPOINT	-309.3307	1.8	-314.3842	0	0	0	1	19.96082	-357.6116	-3.116792	-294.652	2.623011	-315	
954.7691	COLLISION_NONE	NOT_SWITCH	NOT_RESET	NOT_WAYPOINT	-309.5408	1.8	-314.407	0	0	0	1	19.98519	-357.7017	-3.089746	-294.652	2.623011	-315	
954.7891	COLLISION_NONE	NOT_SWITCH	NOT_RESET	NOT_WAYPOINT	-309.649	1.8	-314.4188	0	0	0	1	19.99251	-357.8159	-3.052648	-294.652	2.623011	-315	
954.8091	COLLISION_NONE	NOT_SWITCH	NOT_RESET	NOT_WAYPOINT	-309.6554	1.8	-314.4195	0	0	0	1	20.02007	-357.9167	-3.04463	-294.652	2.623011	-315	
954.8292	COLLISION_NONE	NOT_SWITCH	NOT_RESET	NOT_WAYPOINT	-309.7588	1.8	-314.4307	0	0	0	1	20.02196	-358.0543	-3.015981	-294.652	2.623011	-315	
954.8492	COLLISION_NONE	NOT_SWITCH	NOT_RESET	NOT_WAYPOINT	-309.9593	1.8	-314.4525	0	0	0	1	20.07801	-358.3213	-2.956323	-294.652	2.623011	-315	
954.8692	COLLISION_NONE	NOT_SWITCH	NOT_RESET	NOT_WAYPOINT	-309.9593	1.8	-314.4525	0	0	0	1	20.1364	-358.4054	-2.927334	-294.652	2.623011	-315	
954.8892	COLLISION_NONE	WAIT_SWITCH	NOT_RESET	NOT_WAYPOINT	-315	1.8	-315	0	0	0	1	20.16302	-358.5213	-2.868375	-294.652	2.623011	-315	
954.9092	COLLISION_NONE	NOT_SWITCH	NOT_RESET	NOT_WAYPOINT	-315.097	1.8	-315.0105	0	0	0	1	20.21386	-358.6293	-2.82944	-294.652	2.623011	-315	
954.9293	COLLISION_NONE	NOT_SWITCH	NOT_RESET	NOT_WAYPOINT	-315.097	1.8	-315.0105	0	0	0	1	20.3111	-358.8227	-2.754414	-294.652	2.623011	-315	
954.9493	COLLISION_NONE	NOT_SWITCH	NOT_RESET	NOT_WAYPOINT	-315.097	1.8	-315.0105	0	0	0	1	20.38628	-358.8924	-2.731835	-294.652	2.623011	-315	
954.9693	COLLISION_NONE	NOT_SWITCH	NOT_RESET	NOT_WAYPOINT	-315.097	1.8	-315.0105	0	0	0	1	20.41213	-358.9058	-2.706865	-294.652	2.623011	-315	
954.9893	COLLISION_NONE	NOT_SWITCH	NOT_RESET	NOT_WAYPOINT	-315.097	1.8	-315.0105	0	0	0	1	20.51164	-359.0236	-2.649536	-294.652	2.623011	-315	
955.0093	COLLISION_NONE	NOT_SWITCH	NOT_RESET	NOT_WAYPOINT	-315.097	1.8	-315.0105	0	0	0	1	20.56241	-359.0468	-2.624613	-294.652	2.623011	-315	
955.0294	COLLISION_NONE	NOT_SWITCH	NOT_RESET	NOT_WAYPOINT	-315.097	1.8	-315.0105	0	0	0	1	20.61279	-359.1806	-2.584187	-294.652	2.623011	-315	
955.0494	COLLISION_NONE	NOT_SWITCH	NOT_RESET	NOT_WAYPOINT	-315.097	1.8	-315.0105	0	0	0	1	20.63481	-359.2535	-2.554758	-294.652	2.623011	-315	
955.0694	COLLISION_NONE	NOT_SWITCH	NOT_RESET	NOT_WAYPOINT	-315.097	1.8	-315.0105	0	0	0	1	20.66343	-359.3121	-2.539181	-294.652	2.623011	-315	
955.0894	COLLISION_NONE	NOT_SWITCH	NOT_RESET	NOT_WAYPOINT	-315.097	1.8	-315.0105	0	0	0	1	20.69354	-359.381	-2.515963	-294.652	2.623011	-315	
955.1094	COLLISION_NONE	NOT_SWITCH	NOT_RESET	NOT_WAYPOINT	-315.097	1.8	-315.0105	0	0	0	1	20.71079	-359.4182	-2.49978	-294.652	2.623011	-315	
955.1295	COLLISION_NONE	NOT_SWITCH	NOT_RESET	NOT_WAYPOINT	-315.097	1.8	-315.0105	0	0	0	1	20.81019	0.4422913	-2.43956	-294.652	2.623011	-315	
955.1495	COLLISION_NONE	NOT_SWITCH	NOT_RESET	NOT_WAYPOINT	-315.097	1.8	-315.0105	0	0	0	1	20.86428	0.3819885	-2.402213	-294.652	2.623011	-315	
955.1695	COLLISION_NONE	NOT_SWITCH	NOT_RESET	NOT_WAYPOINT	-315.097	1.8	-315.0105	0	0	0	1	20.92296	0.355835	-2.401382	-294.652	2.623011	-315	
955.1895	COLLISION_NONE	NOT_SWITCH	NOT_RESET	NOT_WAYPOINT	-315.097	1.8	-315.0105	0	0	0	1	20.96295	0.2972717	-2.359519	-294.652	2.623011	-315	
955.2095	COLLISION_NONE	NOT_SWITCH	NOT_RESET	NOT_WAYPOINT	-315.097	1.8	-315.0105	0	0	0	1	20.98396	0.2701416	-2.350989	-294.652	2.623011	-315	
955.2296	COLLISION_NONE	NOT_SWITCH	NOT_RESET	NOT_WAYPOINT	-315.097	1.8	-315.0105	0	0	0	1	20.99922	0.2104492	-2.30906	-294.652	2.623011	-315	
955.2496	COLLISION_NONE	NOT_SWITCH	NOT_RESET	NOT_WAYPOINT	-315.097	1.8	-315.0105	0	0	0	1	20.97229	0.1664734	-2.294915	-294.652	2.623011	-315	
955.2696	COLLISION_NONE	NOT_SWITCH	NOT_RESET	NOT_WAYPOINT	-315.097	1.8	-315.0105	0	0	0	1	20.98297	0.1564941	-2.287417	-294.652	2.623011	-315	
955.2896	COLLISION_NONE	NOT_SWITCH	NOT_RESET	NOT_WAYPOINT	-315.097	1.8	-315.0105	0	0	0	1	20.95836	0.1260986	-2.294617	-294.652	2.623011	-315	
955.3096	COLLISION_NONE	NOT_SWITCH	NOT_RESET	NOT_WAYPOINT	-315.097	1.8	-315.0105	0	0	0	1	20.95488	0.1170959	-2.271452	-294.652	2.623011	-315	
955.3297	COLLISION_NONE	NOT_SWITCH	NOT_RESET	NOT_WAYPOINT	-315.097	1.8	-315.0105	0	0	0	1	20.97399	0.1254883	-2.283741	-294.652	2.623011	-315	
955.3497	COLLISION_NONE	NOT_SWITCH	NOT_RESET	NOT_WAYPOINT	-315.097	1.8	-315.0105	0	0	0	1	21.00207	0.1637268	-2.288773	-294.652	2.623011	-315	
955.3697	COLLISION_NONE	NOT_SWITCH	NOT_RESET	NOT_WAYPOINT	-315.097	1.8	-315.0105	0	0	0	1	21.02737	0.2130127	-2.293435	-294.652	2.623011	-315	
955.3897	COLLISION_NONE	NOT_SWITCH	NOT_RESET	NOT_WAYPOINT	-315.097	1.8	-315.0105	0	0	0	1	21.04287	0.2467041	-2.318859	-294.652	2.623011	-315	
955.4097	COLLISION_NONE	NOT_SWITCH	NOT_RESET	NOT_WAYPOINT	-315.097	1.8	-315.0105	0	0	0	1	21.08542	0.3388062	-2.372135	-294.652	2.623011	-315	
955.4297	COLLISION_NONE	NOT_SWITCH	NOT_RESET	NOT_WAYPOINT	-315.097	1.8	-315.0105	0	0	0	1	21.09571	0.4011536	-2.398144	-294.652	2.623011	-315	
955.4498	COLLISION_NONE	NOT_SWITCH	NOT_RESET	NOT_WAYPOINT	-315.097	1.8	-315.0105	0	0	0	1	21.07849	0.4085693	-2.429363	-294.652	2.623011	-315	
955.4698	COLLISION_NONE	NOT_SWITCH	NOT_RESET	NOT_WAYPOINT	-315.097	1.8	-315.0105	0	0	0	1	21.08702	0.4263306	-2.456945	-294.652	2.623011	-315	
955.4898	COLLISION_NONE	NOT_SWITCH	NOT_RESET	NOT_WAYPOINT	-315.097	1.8	-315.0105	0	0	0	1	21.06757	0.4121704	-2.480956	-294.652	2.623011	-315	
955.5098	COLLISION_NONE	NOT_SWITCH	NOT_RESET	NOT_WAYPOINT	-315.097	1.8	-315.0105	0	0	0	1	21.10399	0.4596863	-2.53566	-294.652	2.623011	-315	
955.5298	COLLISION_NONE	NOT_SWITCH	NOT_RESET	NOT_WAYPOINT	-315.097	1.8	-315.0105	0	0	0	1	21.10924	0.475647	-2.533589	-294.652	2.623011	-315	
955.5499	COLLISION_NONE	CORRECT_SWITCH	NOT_RESET	NOT_WAYPOINT	-315.097	1.8	-315.0105	0	0.001062599	0	0.9999995	21.09968	-359.4898	-2.562193	-294.652	2.623011	-315	
955.5699	COLLISION_NONE	NOT_SWITCH	NOT_RESET	NOT_WAYPOINT	-315.1087	1.8	-315.07	0	0.002656822	0	0.9999965	21.09361	-359.4495	-2.554504	-294.652	2.623011	-315	
955.5899	COLLISION_NONE	NOT_SWITCH	NOT_RESET	NOT_WAYPOINT	-315.1206	1.8	-315.1294	0	0.004515699	0	0.9999899	21.08304	-359.4394	-2.607479	-294.652	2.623011	-315	
955.6099	COLLISION_NONE	NOT_SWITCH	NOT_RESET	NOT_WAYPOINT	-315.1327	1.8	-315.1888	0	0.008560847	0	0.9999633	21.03399	-359.4484	-2.678486	-294.652	2.623011	-315	
955.6299	COLLISION_NONE	NOT_SWITCH	NOT_RESET	NOT_WAYPOINT	-315.1462	1.8	-315.2462	0	0.0106483	0	0.9999433	21.04725	-359.429	-2.690381	-294.652	2.623011	-315	
955.65	COLLISION_NONE	NOT_SWITCH	NOT_RESET	NOT_WAYPOINT	-315.1598	1.8	-315.3046	0	0.01275042	0	0.9999187	21.00312	-359.4713	-2.716989	-294.652	2.623011	-315	
955.67	COLLISION_NONE	NOT_SWITCH	NOT_RESET	NOT_WAYPOINT	-315.1729	1.8	-315.3633	0	0.01486033	0	0.9998896	21.02015	-359.4401	-2.747244	-294.652	2.623011	-315	
955.69	COLLISION_NONE	NOT_SWITCH	NOT_RESET	NOT_WAYPOINT	-315.1862	1.8	-315.4219	0	0.01697312	0	0.999856	20.99838	-359.4345	-2.79418	-294.652	2.623011	-315	
955.71	COLLISION_NONE	NOT_SWITCH	NOT_RESET	NOT_WAYPOINT	-315.2	1.8	-315.48	0	0.02120483	0	0.9997752	21.04038	-359.3031	-2.85545	-294.652	2.623011	-315	
955.73	COLLISION_NONE	NOT_SWITCH	NOT_RESET	NOT_WAYPOINT	-315.2157	1.8	-315.5378	0	0.02332268	0	0.999728	21.05196	-359.2244	-2.871492	-294.652	2.623011	-315	
955.7501	COLLISION_NONE	NOT_SWITCH	NOT_RESET	NOT_WAYPOINT	-315.2316	1.8	-315.5957	0	0.02544203	0	0.9996763	21.07744	-359.1819	-2.882457	-294.652	2.623011	-315	
955.7701	COLLISION_NONE	NOT_SWITCH	NOT_RESET	NOT_WAYPOINT	-315.2482	1.8	-315.6535	0	0.02756288	0	0.9996201	21.09643	-359.1819	-2.916777	-294.652	2.623011	-315	
955.7901	COLLISION_NONE	NOT_SWITCH	NOT_RESET	NOT_WAYPOINT	-315.2654	1.8	-315.7112	0	0.02968377	0	0.9995593	21.0797	-359.2362	-2.967414	-294.652	2.623011	-315	
955.8101	COLLISION_NONE	NOT_SWITCH	NOT_RESET	NOT_WAYPOINT	-315.2757	1.8	-315.6515	0	0.03392721	0	0.9994243	21.09298	-359.2877	-3.028701	-294.652	2.623011	-315	
955.8301	COLLISION_NONE	NOT_SWITCH	NOT_RESET	NOT_WAYPOINT	-315.4436	1.8	-315.4171	0	0.03605031	0	0.99935	21.10798	-359.3006	-3.033809	-294.652	2.623011	-315	
955.8502	COLLISION_NONE	NOT_SWITCH	NOT_RESET	NOT_WAYPOINT	-315.6898	1.8	-315.095	0	0.03817315	0	0.9992712	21.10413	-359.3149	-3.065704	-294.652	2.623011	-315	
955.8702	COLLISION_NONE	NOT_SWITCH	NOT_RESET	NOT_WAYPOINT	-315.965	1.8	-314.7375	0	0.04029642	0	0.9991878	21.11896	-359.3319	-3.091337	-294.652	2.623011	-315	
955.8902	COLLISION_NONE	NOT_SWITCH	NOT_RESET	NOT_WAYPOINT	-316.2386	1.8	-314.3794	0	0.04242114	0	0.9990999	21.12967	-359.4038	-3.084357	-294.652	2.623011	-315	
955.9102	COLLISION_NONE	NOT_SWITCH	NOT_RESET	NOT_WAYPOINT	-316.5107	1.8	-314.0203	0	0.0466748	0	0.9989102	21.18387	-359.4511	-3.076423	-294.652	2.623011	-315	
955.9302	COLLISION_NONE	NOT_SWITCH	NOT_RESET	NOT_WAYPOINT	-316.779	1.8	-313.6592	0	0.04880451	0	0.9988084	21.2139	-359.4759	-3.097666	-294.652	2.623011	-315	
955.9503	COLLISION_NONE	NOT_SWITCH	NOT_RESET	NOT_WAYPOINT	-317.0464	1.8	-313.2963	0	0.05093627	0	0.9987019	21.23881	-359.5113	-3.111434	-294.652	2.623011	-315	
955.9703	COLLISION_NONE	NOT_SWITCH	NOT_RESET	NOT_WAYPOINT	-317.2968	1.8	-312.935	0	0.05306993	0	0.9985908	21.26168	0.4775391	-3.100884	-294.652	2.623011	-315	
955.9903	COLLISION_NONE	NOT_SWITCH	NOT_RESET	NOT_WAYPOINT	-317.5372	1.8	-312.5746	0	0.05520359	0	0.9984752	21.23739	0.3660278	-3.116029	-294.652	2.623011	-315	
956.0103	COLLISION_NONE	NOT_SWITCH	NOT_RESET	NOT_WAYPOINT	-317.761	1.8	-312.2152	0	0.05947354	0	0.9982299	21.25941	0.2977905	-3.096513	-294.652	2.623011	-315	
956.0303	COLLISION_NONE	NOT_SWITCH	NOT_RESET	NOT_WAYPOINT	-317.9531	1.8	-311.8582	0	0.0616095	0	0.9981004	21.27761	0.2831421	-3.071983	-294.652	2.623011	-315	
956.0504	COLLISION_NONE	NOT_SWITCH	NOT_RESET	NOT_WAYPOINT	-318.1331	1.8	-311.5023	0	0.06374539	0	0.9979663	21.26928	0.2705688	-3.034834	-294.652	2.623011	-315	
956.0704	COLLISION_NONE	NOT_SWITCH	NOT_RESET	NOT_WAYPOINT	-318.3077	1.8	-311.1476	0	0.06588191	0	0.9978274	21.2883	0.2723999	-3.000309	-294.652	2.623011	-315	
956.0904	COLLISION_NONE	NOT_SWITCH	NOT_RESET	NOT_WAYPOINT	-318.4768	1.8	-310.7939	0	0.0701603	0	0.9975358	21.38477	0.2497253	-2.957247	-294.652	2.623011	-315	
956.1104	COLLISION_NONE	NOT_SWITCH	NOT_RESET	NOT_WAYPOINT	-318.6415	1.8	-310.4437	0	0.07230548	0	0.9973826	21.44729	0.2791748	-2.935782	-294.652	2.623011	-315	
956.1304	COLLISION_NONE	NOT_SWITCH	NOT_RESET	NOT_WAYPOINT	-318.8021	1.8	-310.0936	0	0.07445419	0	0.9972245	21.47854	0.3083801	-2.925196	-294.652	2.623011	-315	
956.1505	COLLISION_NONE	NOT_SWITCH	NOT_RESET	NOT_WAYPOINT	-318.9449	1.8	-309.7444	0	0.07660548	0	0.9970615	21.49987	0.2923279	-2.916374	-294.652	2.623011	-315	
956.1705	COLLISION_NONE	NOT_SWITCH	NOT_RESET	NOT_WAYPOINT	-319.067	1.8	-309.3973	0	0.07876	0	0.9968936	21.55031	0.3284912	-2.888234	-294.652	2.623011	-315	
956.1905	COLLISION_NONE	NOT_SWITCH	NOT_RESET	NOT_WAYPOINT	-319.1685	1.8	-309.054	0	0.08307487	0	0.9965434	21.57641	0.3165588	-2.885599	-294.652	2.623011	-315	
956.2105	COLLISION_NONE	NOT_SWITCH	NOT_RESET	NOT_WAYPOINT	-319.2481	1.8	-308.7178	0	0.0852349	0	0.9963609	21.60984	0.3637695	-2.875872	-294.652	2.623011	-315	
956.2305	COLLISION_NONE	NOT_SWITCH	NOT_RESET	NOT_WAYPOINT	-319.2513	1.8	-308.3932	0	0.08739596	0	0.9961737	21.61943	0.33255	-2.880239	-294.652	2.623011	-315	
956.2505	COLLISION_NONE	NOT_SWITCH	NOT_RESET	NOT_WAYPOINT	-319.1362	1.8	-308.0858	0	0.08955829	0	0.9959816	21.64304	0.3363342	-2.875439	-294.652	2.623011	-315	
956.2706	COLLISION_NONE	NOT_SWITCH	NOT_RESET	NOT_WAYPOINT	-318.9035	1.8	-307.7945	0	0.09171974	0	0.9957849	21.61009	0.2996826	-2.89256	-294.652	2.623011	-315	
956.2906	COLLISION_NONE	NOT_SWITCH	NOT_RESET	NOT_WAYPOINT	-318.5966	1.8	-307.5135	0	0.09603714	0	0.9953778	21.57167	0.2839661	-2.897931	-294.652	2.623011	-315	
956.3106	COLLISION_NONE	NOT_SWITCH	NOT_RESET	NOT_WAYPOINT	-318.2277	1.8	-307.2433	0	0.0981952	0	0.9951672	21.59829	0.2832642	-2.894835	-294.652	2.623011	-315	
956.3306	COLLISION_NONE	NOT_SWITCH	NOT_RESET	NOT_WAYPOINT	-317.8802	1.8	-306.9706	0	0.1003543	0	0.9949518	21.6388	0.244873	-2.894937	-294.652	2.623011	-315	
956.3506	COLLISION_NONE	NOT_SWITCH	NOT_RESET	NOT_WAYPOINT	-317.5541	1.8	-306.6954	0	0.1025168	0	0.9947313	21.69813	0.2085266	-2.93257	-294.652	2.623011	-315	
956.3707	COLLISION_NONE	NOT_SWITCH	NOT_RESET	NOT_WAYPOINT	-317.2494	1.8	-306.4174	0	0.1046811	0	0.9945059	21.73712	0.1368713	-2.926336	-294.652	2.623011	-315	
956.3907	COLLISION_NONE	NOT_SWITCH	NOT_RESET	NOT_WAYPOINT	-316.9658	1.8	-306.1369	0	0.1090228	0	0.9940393	21.83108	0.02963257	-2.915628	-294.652	2.623011	-315	
956.4107	COLLISION_NONE	NOT_SWITCH	NOT_RESET	NOT_WAYPOINT	-316.7244	1.8	-305.851	0	0.1111987	0	0.9937983	21.85668	0.03475952	-2.895003	-294.652	2.623011	-315	
956.4307	COLLISION_NONE	NOT_SWITCH	NOT_RESET	NOT_WAYPOINT	-316.5037	1.8	-305.5621	0	0.1133771	0	0.9935521	21.89018	0.00958252	-2.863402	-294.652	2.623011	-315	
956.4507	COLLISION_NONE	NOT_SWITCH	NOT_RESET	NOT_WAYPOINT	-316.2998	1.8	-305.2711	0	0.1155588	0	0.9933006	21.94651	0.005340576	-2.862167	-294.652	2.623011	-315	
956.4708	COLLISION_NONE	NOT_SWITCH	NOT_RESET	NOT_WAYPOINT	-316.1029	1.8	-304.9806	0	0.1177435	0	0.9930441	21.98096	0.00479126	-2.859215	-294.652	2.623011	-315	
956.4908	COLLISION_NONE	NOT_SWITCH	NOT_RESET	NOT_WAYPOINT	-315.9078	1.8	-304.692	0	0.1221223	0	0.9925151	22.0769	0.01620483	-2.87944	-294.652	2.623011	-315	
956.5108	COLLISION_NONE	NOT_SWITCH	NOT_RESET	NOT_WAYPOINT	-315.7268	1.8	-304.404	0	0.1243162	0	0.9922427	22.10893	0.03494263	-2.888119	-294.652	2.623011	-315	
956.5308	COLLISION_NONE	NOT_SWITCH	NOT_RESET	NOT_WAYPOINT	-315.5663	1.8	-304.1119	0	0.1265125	0	0.9919651	22.14443	0.05990601	-2.90585	-294.652	2.623011	-315	
956.5508	COLLISION_NONE	NOT_SWITCH	NOT_RESET	NOT_WAYPOINT	-315.4372	1.8	-303.812	0	0.1287112	0	0.9916822	22.18011	0.08898926	-2.929595	-294.652	2.623011	-315	
956.5709	COLLISION_NONE	NOT_SWITCH	NOT_RESET	NOT_WAYPOINT	-315.3632	1.8	-303.4964	0	0.1309113	0	0.9913942	22.19137	0.06689453	-2.957384	-294.652	2.623011	-315	
956.5909	COLLISION_NONE	NOT_SWITCH	NOT_RESET	NOT_WAYPOINT	-315.3665	1.8	-303.1572	0	0.1353179	0	0.9908022	22.25508	0.05508423	-2.970663	-294.652	2.623011	-315	
956.6109	COLLISION_NONE	NOT_SWITCH	NOT_RESET	NOT_WAYPOINT	-315.5543	1.8	-302.7585	0	0.1375235	0	0.9904985	22.27903	0.06829834	-2.98892	-294.652	2.623011	-315	
956.6309	COLLISION_NONE	NOT_SWITCH	NOT_RESET	NOT_WAYPOINT	-315.7515	1.8	-302.3546	0	0.139729	0	0.9901898	22.26863	0.01437378	-3.005633	-294.652	2.623011	-315	
956.6509	COLLISION_NONE	NOT_SWITCH	NOT_RESET	NOT_WAYPOINT	-315.9485	1.8	-301.9488	0	0.1419349	0	0.989876	22.28528	0.03723145	-3.012424	-294.652	2.623011	-315	
956.671	COLLISION_NONE	NOT_SWITCH	NOT_RESET	NOT_WAYPOINT	-316.1438	1.8	-301.5427	0	0.1441404	0	0.9895573	22.2751	-0.01199341	-3.027327	-294.652	2.623011	-315	
956.691	COLLISION_NONE	NOT_SWITCH	NOT_RESET	NOT_WAYPOINT	-316.3374	1.8	-301.136	0	0.148552	0	0.9889046	22.31632	-0.03219604	-3.047344	-294.652	2.623011	-315	
956.711	COLLISION_NONE	NOT_SWITCH	NOT_RESET	NOT_WAYPOINT	-316.5266	1.8	-300.7279	0	0.1507597	0	0.9885705	22.35069	-0.03329468	-3.052231	-294.652	2.623011	-315	
956.731	COLLISION_NONE	NOT_SWITCH	NOT_RESET	TRIGGER_WAYPOINT	-316.7146	1.8	-300.3182	0	0.1529675	0	0.9882312	22.34418	-0.07446289	-3.052644	-315	1.8	-285	
956.751	COLLISION_NONE	NOT_SWITCH	NOT_RESET	NOT_WAYPOINT	-316.9008	1.8	-299.908	0	0.1551758	0	0.9878869	22.34894	-0.07022095	-3.058801	-315	1.8	-285	
956.7711	COLLISION_NONE	NOT_SWITCH	NOT_RESET	NOT_WAYPOINT	-317.0853	1.8	-299.497	0	0.1597499	0	0.9871575	22.34389	-0.1762695	-3.076666	-315	1.8	-285	
956.7911	COLLISION_NONE	NOT_SWITCH	NOT_RESET	NOT_WAYPOINT	-317.2653	1.8	-299.0848	0	0.1625703	0	0.986697	22.31339	-0.1923828	-3.06327	-315	1.8	-285	
956.8111	COLLISION_NONE	NOT_SWITCH	NOT_RESET	NOT_WAYPOINT	-317.4435	1.8	-298.6711	0	0.1660333	0	0.9861202	22.28744	-0.1493225	-3.049908	-315	1.8	-285	
956.8311	COLLISION_NONE	NOT_SWITCH	NOT_RESET	NOT_WAYPOINT	-317.6194	1.8	-298.2569	0	0.1701074	0	0.9854255	22.27341	-0.1452026	-3.048108	-315	1.8	-285	
956.8511	COLLISION_NONE	NOT_SWITCH	NOT_RESET	NOT_WAYPOINT	-317.7924	1.8	-297.8418	0	0.1750674	0	0.9845565	22.2707	-0.1044617	-3.047569	-315	1.8	-285	
956.8712	COLLISION_NONE	NOT_SWITCH	NOT_RESET	NOT_WAYPOINT	-317.9622	1.8	-297.4259	0	0.1875768	0	0.98225	22.31901	-0.07293701	-3.047895	-315	1.8	-285	
956.8912	COLLISION_NONE	NOT_SWITCH	NOT_RESET	NOT_WAYPOINT	-318.124	1.8	-297.0086	0	0.1949534	0	0.9808125	22.32714	-0.03637695	-3.049118	-315	1.8	-285	
956.9112	COLLISION_NONE	NOT_SWITCH	NOT_RESET	NOT_WAYPOINT	-318.2805	1.8	-296.5893	0	0.2029121	0	0.979197	22.34395	-0.009429932	-3.061964	-315	1.8	-285	
956.9312	COLLISION_NONE	NOT_SWITCH	NOT_RESET	NOT_WAYPOINT	-318.4318	1.8	-296.1683	0	0.2111534	0	0.977453	22.35108	-0.04983521	-3.089211	-315	1.8	-285	
956.9512	COLLISION_NONE	NOT_SWITCH	NOT_RESET	NOT_WAYPOINT	-318.5774	1.8	-295.7457	0	0.2195274	0	0.9756064	22.35684	-0.06359863	-3.094511	-315	1.8	-285	
956.9713	COLLISION_NONE	NOT_SWITCH	NOT_RESET	NOT_WAYPOINT	-318.7169	1.8	-295.3214	0	0.2364103	0	0.9716534	22.31776	-0.1194763	-3.119228	-315	1.8	-285	
956.9913	COLLISION_NONE	NOT_SWITCH	NOT_RESET	NOT_WAYPOINT	-318.8435	1.8	-294.8941	0	0.2448621	0	0.9695579	22.27646	-0.1667786	-3.121281	-315	1.8	-285	
957.0113	COLLISION_NONE	NOT_SWITCH	NOT_RESET	NOT_WAYPOINT	-318.9628	1.8	-294.4647	0	0.2533045	0	0.9673867	22.27265	-0.1522522	-3.107932	-315	1.8	-285	
957.0313	COLLISION_NONE	NOT_SWITCH	NOT_RESET	NOT_WAYPOINT	-319.0749	1.8	-294.0333	0	0.2617323	0	0.9651406	22.27666	-0.1669312	-3.094694	-315	1.8	-285	
957.0513	COLLISION_NONE	NOT_SWITCH	NOT_RESET	NOT_WAYPOINT	-319.1797	1.8	-293.6001	0	0.2701423	0	0.9628205	22.2858	-0.1390991	-3.091798	-315	1.8	-285	
957.0714	COLLISION_NONE	NOT_SWITCH	NOT_RESET	NOT_WAYPOINT	-319.2811	1.8	-293.1682	0	0.2869031	0	0.9579597	22.30802	-0.1326599	-3.108734	-315	1.8	-285	
957.0914	COLLISION_NONE	NOT_SWITCH	NOT_RESET	NOT_WAYPOINT	-319.344	1.8	-292.7547	0	0.2952515	0	0.9554196	22.33097	-0.1445007	-3.098561	-315	1.8	-285	
957.1114	COLLISION_NONE	NOT_SWITCH	NOT_RESET	NOT_WAYPOINT	-319.3887	1.8	-292.3521	0	0.3035776	0	0.9528067	22.33903	-0.1394653	-3.096787	-315	1.8	-285	
957.1314	COLLISION_NONE	NOT_SWITCH	NOT_RESET	NOT_WAYPOINT	-319.4154	1.8	-291.9612	0	0.3118807	0	0.9501213	22.33817	-0.1562195	-3.107034	-315	1.8	-285	
957.1514	COLLISION_NONE	NOT_SWITCH	NOT_RESET	NOT_WAYPOINT	-319.4244	1.8	-291.5818	0	0.3201601	0	0.9473635	22.34676	-0.1383667	-3.115597	-315	1.8	-285	
957.1714	COLLISION_NONE	NOT_SWITCH	NOT_RESET	NOT_WAYPOINT	-319.429	1.8	-291.2075	0	0.3366451	0	0.9416316	22.35882	-0.1184998	-3.100526	-315	1.8	-285	
957.1915	COLLISION_NONE	NOT_SWITCH	NOT_RESET	NOT_WAYPOINT	-319.3523	1.8	-290.8925	0	0.3448494	0	0.938658	22.34145	-0.1526184	-3.120905	-315	1.8	-285	
957.2115	COLLISION_NONE	NOT_SWITCH	NOT_RESET	NOT_WAYPOINT	-319.1777	1.8	-290.647	0	0.3530276	0	0.935613	22.35027	-0.1315002	-3.116782	-315	1.8	-285	
957.2315	COLLISION_NONE	NOT_SWITCH	NOT_RESET	NOT_WAYPOINT	-318.9066	1.8	-290.4713	0	0.3611788	0	0.9324966	22.36004	-0.09014893	-3.116297	-315	1.8	-285	
957.2515	COLLISION_NONE	NOT_SWITCH	NOT_RESET	NOT_WAYPOINT	-318.5404	1.8	-290.3663	0	0.3693025	0	0.9293092	22.40434	-0.04586792	-3.126802	-315	1.8	-285	
957.2715	COLLISION_NONE	NOT_SWITCH	NOT_RESET	NOT_WAYPOINT	-318.1227	1.8	-290.3037	0	0.3854649	0	0.9227225	22.47069	0.06396484	-3.127632	-315	1.8	-285	
957.2916	COLLISION_NONE	NOT_SWITCH	NOT_RESET	NOT_WAYPOINT	-317.6729	1.8	-290.2805	0	0.3935024	0	0.9193236	22.47069	0.06396484	-3.127632	-315	1.8	-285	
957.3116	COLLISION_NONE	NOT_SWITCH	NOT_RESET	NOT_WAYPOINT	-317.2257	1.8	-290.2586	0	0.4015099	0	0.9158547	22.5132	0.1373596	-3.145907	-315	1.8	-285	
957.3316	COLLISION_NONE	NOT_SWITCH	NOT_RESET	NOT_WAYPOINT	-316.7807	1.8	-290.2382	0	0.4094868	0	0.912316	22.52277	0.1091003	-3.164581	-315	1.8	-285	
957.3516	COLLISION_NONE	NOT_SWITCH	NOT_RESET	NOT_WAYPOINT	-316.3371	1.8	-290.2216	0	0.4253466	0	0.9050305	22.52453	0.05145264	-3.17551	-315	1.8	-285	
957.3716	COLLISION_NONE	NOT_SWITCH	NOT_RESET	NOT_WAYPOINT	-315.896	1.8	-290.2157	0	0.4332282	0	0.9012843	22.53847	0.04534912	-3.174252	-315	1.8	-285	
957.3917	COLLISION_NONE	NOT_SWITCH	NOT_RESET	NOT_WAYPOINT	-315.4551	1.8	-290.2176	0	0.4410768	0	0.8974694	22.50741	0.01959229	-3.164596	-315	1.8	-285	
957.4117	COLLISION_NONE	NOT_SWITCH	NOT_RESET	NOT_WAYPOINT	-315.0143	1.8	-290.2275	0	0.4488918	0	0.8935862	22.52278	0.01501465	-3.174311	-315	1.8	-285	
957.4317	COLLISION_NONE	NOT_SWITCH	NOT_RESET	NOT_WAYPOINT	-314.5738	1.8	-290.2454	0	0.4566726	0	0.8896348	22.5081	-0.03137207	-3.17662	-315	1.8	-285	
957.4517	COLLISION_NONE	NOT_SWITCH	NOT_RESET	NOT_WAYPOINT	-314.1449	1.8	-290.2666	0	0.4721294	0	0.8815293	22.53471	-0.03796387	-3.130123	-315	1.8	-285	
957.4717	COLLISION_NONE	NOT_SWITCH	NOT_RESET	NOT_WAYPOINT	-313.7476	1.8	-290.259	0	0.4798041	0	0.8773757	22.54121	-0.06524658	-3.133183	-315	1.8	-285	
957.4918	COLLISION_NONE	NOT_SWITCH	NOT_RESET	NOT_WAYPOINT	-313.3586	1.8	-290.2436	0	0.4874423	0	0.8731553	22.53251	-0.08380127	-3.132535	-315	1.8	-285	
957.5118	COLLISION_NONE	NOT_SWITCH	NOT_RESET	NOT_WAYPOINT	-312.9757	1.8	-290.2247	0	0.4950433	0	0.8688684	22.54497	-0.05508423	-3.121655	-315	1.8	-285	
957.5318	COLLISION_NONE	NOT_SWITCH	NOT_RESET	NOT_WAYPOINT	-312.6005	1.8	-290.1989	0	0.5026067	0	0.8645152	22.5571	-0.05838013	-3.142295	-315	1.8	-285	
957.5518	COLLISION_NONE	NOT_SWITCH	NOT_RESET	NOT_WAYPOINT	-312.238	1.8	-290.1562	0	0.5164969	0	0.856289	22.55813	-0.03607178	-3.148952	-315	1.8	-285	
957.5718	COLLISION_NONE	NOT_SWITCH	NOT_RESET	NOT_WAYPOINT	-311.8997	1.8	-290.0796	0	0.5219871	0	0.8529534	22.56675	-0.01953125	-3.146545	-315	1.8	-285	
957.5919	COLLISION_NONE	NOT_SWITCH	NOT_RESET	NOT_WAYPOINT	-311.5678	1.8	-289.9952	0	0.5261719	0	0.8503783	22.54732	-0.03039551	-3.158014	-315	1.8	-285	
957.6119	COLLISION_NONE	NOT_SWITCH	NOT_RESET	NOT_WAYPOINT	-311.243	1.8	-289.9017	0	0.529381	0	0.8483843	22.567	-0.01193237	-3.166494	-315	1.8	-285	
957.6319	COLLISION_NONE	NOT_SWITCH	NOT_RESET	NOT_WAYPOINT	-310.9309	1.8	-289.7864	0	0.5319383	0	0.8467832	22.59546	-0.0670166	-3.188415	-315	1.8	-285	
957.6519	COLLISION_NONE	NOT_SWITCH	NOT_RESET	NOT_WAYPOINT	-310.6389	1.8	-289.6316	0	0.5362381	0	0.8440667	22.62402	-0.09039307	-3.213228	-315	1.8	-285	
957.6719	COLLISION_NONE	NOT_SWITCH	NOT_RESET	NOT_WAYPOINT	-310.3988	1.8	-289.3661	0	0.5382238	0	0.842802	22.63889	-0.1073303	-3.204852	-315	1.8	-285	
957.692	COLLISION_NONE	NOT_SWITCH	NOT_RESET	NOT_WAYPOINT	-310.1762	1.8	-289.0575	0	0.5401677	0	0.8415574	22.66464	-0.1264954	-3.201349	-315	1.8	-285	
957.712	COLLISION_NONE	NOT_SWITCH	NOT_RESET	NOT_WAYPOINT	-309.9632	1.8	-288.7229	0	0.5420899	0	0.8403205	22.67473	-0.2145081	-3.193583	-315	1.8	-285	
957.732	COLLISION_NONE	NOT_SWITCH	NOT_RESET	NOT_WAYPOINT	-309.7527	1.8	-288.3773	0	0.5440001	0	0.8390851	22.67636	-0.28302	-3.163018	-315	1.8	-285	
957.752	COLLISION_NONE	NOT_SWITCH	NOT_RESET	NOT_WAYPOINT	-309.5437	1.8	-288.0247	0	0.5477999	0	0.8366094	22.65519	-0.4041443	-3.152212	-315	1.8	-285	
957.772	COLLISION_NONE	NOT_SWITCH	NOT_RESET	NOT_WAYPOINT	-309.3309	1.8	-287.6718	0	0.5496931	0	0.8353667	22.66088	-0.4251099	-3.129836	-315	1.8	-285	
957.7921	COLLISION_NONE	NOT_SWITCH	NOT_RESET	NOT_WAYPOINT	-309.1177	1.8	-287.3205	0	0.5515822	0	0.8341206	22.63923	-0.4873962	-3.126797	-315	1.8	-285	
957.8121	COLLISION_NONE	NOT_SWITCH	NOT_RESET	NOT_WAYPOINT	-308.9031	1.8	-286.9703	0	0.5534683	0	0.8328703	22.65085	-0.4804993	-3.101459	-315	1.8	-285	
957.8321	COLLISION_NONE	NOT_SWITCH	NOT_RESET	NOT_WAYPOINT	-308.687	1.8	-286.621	0	0.555352	0	0.8316154	22.66567	-0.4769897	-3.062181	-315	1.8	-285	
957.8521	COLLISION_NONE	NOT_SWITCH	NOT_RESET	NOT_WAYPOINT	-308.4692	1.8	-286.2727	0	0.5591125	0	0.8290918	22.68632	-0.4689331	-3.055784	-315	1.8	-285	
957.8721	COLLISION_NONE	NOT_SWITCH	NOT_RESET	NOT_WAYPOINT	-308.2504	1.8	-285.9281	0	0.5609899	0	0.8278227	22.70938	-0.4507446	-3.037732	-315	1.8	-285	
957.8922	COLLISION_NONE	NOT_SWITCH	NOT_RESET	NOT_WAYPOINT	-308.0316	1.8	-285.5861	0	0.5628654	0	0.8265486	22.72171	-0.4473572	-3.059655	-315	1.8	-285	
957.9122	COLLISION_NONE	NOT_SWITCH	NOT_RESET	NOT_WAYPOINT	-307.8104	1.8	-285.2468	0	0.5647385	0	0.82527	22.71774	-0.4318542	-3.064939	-315	1.8	-285	
957.9322	COLLISION_NONE	NOT_SWITCH	NOT_RESET	NOT_WAYPOINT	-307.5883	1.8	-284.9117	0	0.5666091	0	0.8239868	22.73072	-0.3880615	-3.067285	-315	1.8	-285	
957.9522	COLLISION_NONE	NOT_SWITCH	NOT_RESET	NOT_WAYPOINT	-307.3648	1.8	-284.5813	0	0.570341	0	0.8214081	22.694	-0.4606934	-3.10238	-315	1.8	-285	
957.9722	COLLISION_NONE	NOT_SWITCH	NOT_RESET	NOT_WAYPOINT	-307.1376	1.8	-284.2613	0	0.5722016	0	0.8201131	22.69565	-0.4241333	-3.103523	-315	1.8	-285	
957.9922	COLLISION_NONE	NOT_SWITCH	NOT_RESET	NOT_WAYPOINT	-306.9106	1.8	-283.9443	0	0.5740589	0	0.8188141	22.69599	-0.4187927	-3.093815	-315	1.8	-285	
958.0123	COLLISION_NONE	NOT_SWITCH	NOT_RESET	NOT_WAYPOINT	-306.6843	1.8	-283.6298	0	0.5759135	0	0.8175105	22.7074	-0.4095459	-3.098082	-315	1.8	-285	
958.0323	COLLISION_NONE	NOT_SWITCH	NOT_RESET	NOT_WAYPOINT	-306.4568	1.8	-283.3197	0	0.5801861	0	0.814484	22.73759	-0.4299316	-3.110503	-315	1.8	-285	
958.0523	COLLISION_NONE	NOT_SWITCH	NOT_RESET	NOT_WAYPOINT	-306.2124	1.8	-283.0435	0	0.5833026	0	0.812255	22.75613	-0.4431152	-3.081641	-315	1.8	-285	
958.0723	COLLISION_NONE	NOT_SWITCH	NOT_RESET	NOT_WAYPOINT	-305.9601	1.8	-282.7867	0	0.5875369	0	0.8091974	22.75519	-0.4620361	-3.088981	-315	1.8	-285	
958.0923	COLLISION_NONE	NOT_SWITCH	NOT_RESET	NOT_WAYPOINT	-305.7013	1.8	-282.5495	0	0.5926562	0	0.8054556	22.75752	-0.4822693	-3.085371	-315	1.8	-285	
958.1124	COLLISION_NONE	NOT_SWITCH	NOT_RESET	NOT_WAYPOINT	-305.4384	1.8	-282.3261	0	0.5986398	0	0.8010184	22.74404	-0.5340271	-3.097544	-315	1.8	-285	
958.1324	COLLISION_NONE	NOT_SWITCH	NOT_RESET	NOT_WAYPOINT	-305.1742	1.8	-282.1109	0	0.6117708	0	0.7910351	22.70645	-0.6057434	-3.090146	-315	1.8	-285	
958.1524	COLLISION_NONE	NOT_SWITCH	NOT_RESET	NOT_WAYPOINT	-304.9108	1.8	-281.9044	0	0.618525	0	0.7857651	22.6784	-0.6384888	-3.08694	-315	1.8	-285	
958.1724	COLLISION_NONE	NOT_SWITCH	NOT_RESET	NOT_WAYPOINT	-304.6479	1.8	-281.7019	0	0.6252962	0	0.7803875	22.68309	-0.6307068	-3.106994	-315	1.8	-285	
958.1924	COLLISION_NONE	NOT_SWITCH	NOT_RESET	NOT_WAYPOINT	-304.3843	1.8	-281.5059	0	0.6320515	0	0.7749264	22.68309	-0.6307068	-3.106994	-315	1.8	-285	
958.2125	COLLISION_NONE	NOT_SWITCH	NOT_RESET	NOT_WAYPOINT	-304.1182	1.8	-281.3192	0	0.6387745	0	0.769394	22.6904	-0.632782	-3.138495	-315	1.8	-285	
958.2325	COLLISION_NONE	NOT_SWITCH	NOT_RESET	NOT_WAYPOINT	-303.848	1.8	-281.1446	0	0.6520937	0	0.7581384	22.71476	-0.598938	-3.187035	-315	1.8	-285	
958.2525	COLLISION_NONE	NOT_SWITCH	NOT_RESET	NOT_WAYPOINT	-303.5663	1.8	-281	0	0.6586829	0	0.7524207	22.73409	-0.5888062	-3.183525	-315	1.8	-285	
958.2725	COLLISION_NONE	NOT_SWITCH	NOT_RESET	NOT_WAYPOINT	-303.2762	1.8	-280.8745	0	0.6652229	0	0.7466448	22.72945	-0.6172791	-3.194508	-315	1.8	-285	
958.2925	COLLISION_NONE	NOT_SWITCH	NOT_RESET	NOT_WAYPOINT	-302.959	1.8	-280.7201	0	0.6717128	0	0.7408117	22.74753	-0.629303	-3.211012	-315	1.8	-285	
958.3126	COLLISION_NONE	NOT_SWITCH	NOT_RESET	NOT_WAYPOINT	-302.6415	1.8	-280.5515	0	0.6781517	0	0.734922	22.72339	-0.6684265	-3.233314	-315	1.8	-285	
958.3326	COLLISION_NONE	NOT_SWITCH	NOT_RESET	NOT_WAYPOINT	-302.3244	1.8	-280.353	0	0.6908744	0	0.7229748	22.68753	-0.7945557	-3.250859	-315	1.8	-285	
958.3526	COLLISION_NONE	NOT_SWITCH	NOT_RESET	TRIGGER_WAYPOINT	-302.0026	1.8	-280.0661	0	0.6971571	0	0.7169184	22.69298	-0.8188171	-3.24121	-286.4683	1.8	-275.7295	
958.3726	COLLISION_NONE	NOT_SWITCH	NOT_RESET	NOT_WAYPOINT	-301.6767	1.8	-279.7592	0	0.7033868	0	0.7108073	22.69427	-0.8883362	-3.252979	-286.4683	1.8	-275.7295	
958.3926	COLLISION_NONE	NOT_SWITCH	NOT_RESET	NOT_WAYPOINT	-301.3466	1.8	-279.454	0	0.7095629	0	0.7046421	22.71992	-0.9218445	-3.220802	-286.4683	1.8	-275.7295	
958.4127	COLLISION_NONE	NOT_SWITCH	NOT_RESET	NOT_WAYPOINT	-301.0147	1.8	-279.1521	0	0.715685	0	0.6984233	22.7167	-0.9841919	-3.164617	-286.4683	1.8	-275.7295	
958.4327	COLLISION_NONE	NOT_SWITCH	NOT_RESET	NOT_WAYPOINT	-300.6802	1.8	-278.8542	0	0.7277651	0	0.6858264	22.67612	-1.042786	-3.106086	-286.4683	1.8	-275.7295	
958.4527	COLLISION_NONE	NOT_SWITCH	NOT_RESET	NOT_WAYPOINT	-300.34	1.8	-278.5657	0	0.7337223	0	0.6794494	22.6674	-1.069519	-3.093301	-286.4683	1.8	-275.7295	
958.4727	COLLISION_NONE	NOT_SWITCH	NOT_RESET	NOT_WAYPOINT	-299.9952	1.8	-278.2827	0	0.7396236	0	0.6730207	22.65515	-1.107269	-3.073287	-286.4683	1.8	-275.7295	
958.4927	COLLISION_NONE	NOT_SWITCH	NOT_RESET	NOT_WAYPOINT	-299.646	1.8	-278.0053	0	0.7454686	0	0.6665408	22.65716	-1.144623	-3.053401	-286.4683	1.8	-275.7295	
958.5128	COLLISION_NONE	NOT_SWITCH	NOT_RESET	NOT_WAYPOINT	-299.2924	1.8	-277.7337	0	0.7512568	0	0.66001	22.62847	-1.197418	-3.046399	-286.4683	1.8	-275.7295	
958.5328	COLLISION_NONE	NOT_SWITCH	NOT_RESET	NOT_WAYPOINT	-298.9345	1.8	-277.4681	0	0.7626612	0	0.6467983	22.60893	-1.211975	-3.051539	-286.4683	1.8	-275.7295	
958.5528	COLLISION_NONE	NOT_SWITCH	NOT_RESET	NOT_WAYPOINT	-298.5684	1.8	-277.215	0	0.7682764	0	0.6401182	22.62385	-1.19751	-3.04626	-286.4683	1.8	-275.7295	
958.5728	COLLISION_NONE	NOT_SWITCH	NOT_RESET	NOT_WAYPOINT	-298.1975	1.8	-276.9685	0	0.7738332	0	0.6333895	22.59671	-1.223358	-3.017399	-286.4683	1.8	-275.7295	
958.5928	COLLISION_NONE	NOT_SWITCH	NOT_RESET	NOT_WAYPOINT	-297.8222	1.8	-276.7285	0	0.779331	0	0.6266125	22.59661	-1.217804	-3.034338	-286.4683	1.8	-275.7295	
958.6129	COLLISION_NONE	NOT_SWITCH	NOT_RESET	NOT_WAYPOINT	-297.4428	1.8	-276.4949	0	0.7901482	0	0.6129159	22.62494	-1.178009	-3.031102	-286.4683	1.8	-275.7295	
958.6329	COLLISION_NONE	NOT_SWITCH	NOT_RESET	NOT_WAYPOINT	-297.056	1.8	-276.2748	0	0.7954667	0	0.6059973	22.61836	-1.178772	-3.038949	-286.4683	1.8	-275.7295	
958.6529	COLLISION_NONE	NOT_SWITCH	NOT_RESET	NOT_WAYPOINT	-296.6649	1.8	-276.0616	0	0.8007247	0	0.5990325	22.66375	-1.186066	-3.027643	-286.4683	1.8	-275.7295	
958.6729	COLLISION_NONE	NOT_SWITCH	NOT_RESET	NOT_WAYPOINT	-296.2701	1.8	-275.8553	0	0.8059217	0	0.5920222	22.65553	-1.191528	-3.037168	-286.4683	1.8	-275.7295	
958.6929	COLLISION_NONE	NOT_SWITCH	NOT_RESET	NOT_WAYPOINT	-295.8717	1.8	-275.6558	0	0.8110573	0	0.5849667	22.64374	-1.212128	-3.033421	-286.4683	1.8	-275.7295	
958.713	COLLISION_NONE	NOT_SWITCH	NOT_RESET	NOT_WAYPOINT	-295.47	1.8	-275.4631	0	0.8211429	0	0.5707228	22.62054	-1.30011	-3.070687	-286.4683	1.8	-275.7295	
958.733	COLLISION_NONE	NOT_SWITCH	NOT_RESET	NOT_WAYPOINT	-295.0623	1.8	-275.2846	0	0.826092	0	0.5635353	22.61159	-1.321747	-3.082609	-286.4683	1.8	-275.7295	
958.753	COLLISION_NONE	NOT_SWITCH	NOT_RESET	NOT_WAYPOINT	-294.6512	1.8	-275.1134	0	0.8309783	0	0.5563049	22.62919	-1.351166	-3.082993	-286.4683	1.8	-275.7295	
958.773	COLLISION_NONE	NOT_SWITCH	NOT_RESET	NOT_WAYPOINT	-294.2411	1.8	-274.9532	0	0.8358012	0	0.5490322	22.63162	-1.4039	-3.084427	-286.4683	1.8	-275.7295	
958.793	COLLISION_NONE	NOT_SWITCH	NOT_RESET	NOT_WAYPOINT	-293.834	1.8	-274.8137	0	0.8405606	0	0.5417176	22.63564	-1.377289	-3.097102	-286.4683	1.8	-275.7295	
958.813	COLLISION_NONE	NOT_SWITCH	NOT_RESET	NOT_WAYPOINT	-293.4329	1.8	-274.6945	0	0.8498868	0	0.5269653	22.66266	-1.377716	-3.078907	-286.4683	1.8	-275.7295	
958.8331	COLLISION_NONE	NOT_SWITCH	NOT_RESET	NOT_WAYPOINT	-293.0463	1.8	-274.6151	0	0.854453	0	0.5195287	22.67407	-1.376312	-3.063371	-286.4683	1.8	-275.7295	
958.8531	COLLISION_NONE	NOT_SWITCH	NOT_RESET	NOT_WAYPOINT	-292.6677	1.8	-274.5553	0	0.8589542	0	0.5120525	22.71768	-1.351379	-3.047254	-286.4683	1.8	-275.7295	
958.8731	COLLISION_NONE	NOT_SWITCH	NOT_RESET	NOT_WAYPOINT	-292.2983	1.8	-274.5145	0	0.8633899	0	0.5045373	22.71267	-1.385101	-3.067863	-286.4683	1.8	-275.7295	
958.8931	COLLISION_NONE	NOT_SWITCH	NOT_RESET	NOT_WAYPOINT	-291.938	1.8	-274.4927	0	0.8677599	0	0.4969837	22.72148	-1.357788	-3.072806	-286.4683	1.8	-275.7295	
958.9131	COLLISION_NONE	NOT_SWITCH	NOT_RESET	NOT_WAYPOINT	-291.5866	1.8	-274.4899	0	0.8763013	0	0.4817635	22.72103	-1.258881	-3.068765	-286.4683	1.8	-275.7295	
958.9332	COLLISION_NONE	NOT_SWITCH	NOT_RESET	NOT_WAYPOINT	-291.2446	1.8	-274.4968	0	0.8804721	0	0.4740981	22.70593	-1.24353	-3.073851	-286.4683	1.8	-275.7295	
958.9532	COLLISION_NONE	NOT_SWITCH	NOT_RESET	NOT_WAYPOINT	-290.9319	1.8	-274.5571	0	0.8845758	0	0.4663966	22.73025	-1.152496	-3.058383	-286.4683	1.8	-275.7295	
958.9732	COLLISION_NONE	NOT_SWITCH	NOT_RESET	NOT_WAYPOINT	-290.678	1.8	-274.7217	0	0.8886121	0	0.4586595	22.71696	-1.167511	-3.071434	-286.4683	1.8	-275.7295	
958.9932	COLLISION_NONE	NOT_SWITCH	NOT_RESET	NOT_WAYPOINT	-290.4837	1.8	-274.9894	0	0.8925807	0	0.4508876	22.76999	-1.089508	-3.088377	-286.4683	1.8	-275.7295	
959.0132	COLLISION_NONE	NOT_SWITCH	NOT_RESET	NOT_WAYPOINT	-290.3494	1.8	-275.3574	0	0.9003139	0	0.4352412	22.81995	-1.079102	-3.119998	-286.4683	1.8	-275.7295	
959.0333	COLLISION_NONE	NOT_SWITCH	NOT_RESET	NOT_WAYPOINT	-290.2809	1.8	-275.8155	0	0.9040778	0	0.427368	22.82813	-1.065857	-3.130352	-286.4683	1.8	-275.7295	
959.0533	COLLISION_NONE	NOT_SWITCH	NOT_RESET	NOT_WAYPOINT	-290.2092	1.8	-276.2578	0	0.9077728	0	0.4194623	22.84534	-1.028748	-3.131663	-286.4683	1.8	-275.7295	
959.0733	COLLISION_NONE	NOT_SWITCH	NOT_RESET	NOT_WAYPOINT	-290.1392	1.8	-276.6981	0	0.9113987	0	0.4115246	22.83942	-1.077332	-3.165716	-286.4683	1.8	-275.7295	
959.0933	COLLISION_NONE	NOT_SWITCH	NOT_RESET	NOT_WAYPOINT	-290.0727	1.8	-277.1373	0	0.9149552	0	0.4035556	22.82648	-1.021484	-3.151306	-286.4683	1.8	-275.7295	
959.1133	COLLISION_NONE	NOT_SWITCH	NOT_RESET	NOT_WAYPOINT	-290.0113	1.8	-277.5761	0	0.9218588	0	0.3875259	22.83447	-1.000092	-3.11257	-286.4683	1.8	-275.7295	
959.1334	COLLISION_NONE	NOT_SWITCH	NOT_RESET	NOT_WAYPOINT	-289.9619	1.8	-278.0145	0	0.9252055	0	0.3794666	22.82619	-1.009735	-3.11609	-286.4683	1.8	-275.7295	
959.1534	COLLISION_NONE	NOT_SWITCH	NOT_RESET	NOT_WAYPOINT	-289.9203	1.8	-278.4536	0	0.9284817	0	0.3713783	22.82372	-0.9858398	-3.133525	-286.4683	1.8	-275.7295	
959.1734	COLLISION_NONE	NOT_SWITCH	NOT_RESET	NOT_WAYPOINT	-289.8863	1.8	-278.8935	0	0.9316872	0	0.3632617	22.81602	-0.9797974	-3.14243	-286.4683	1.8	-275.7295	
959.1934	COLLISION_NONE	NOT_SWITCH	NOT_RESET	NOT_WAYPOINT	-289.8601	1.8	-279.3339	0	0.937885	0	0.3469462	22.82011	-0.9912415	-3.143219	-286.4683	1.8	-275.7295	
959.2134	COLLISION_NONE	NOT_SWITCH	NOT_RESET	NOT_WAYPOINT	-289.8494	1.8	-279.7744	0	0.940877	0	0.3387485	22.81908	-0.9880066	-3.130373	-286.4683	1.8	-275.7295	
959.2335	COLLISION_NONE	NOT_SWITCH	NOT_RESET	NOT_WAYPOINT	-289.8468	1.8	-280.2155	0	0.9437972	0	0.330525	22.81894	-1.022644	-3.132477	-286.4683	1.8	-275.7295	
959.2535	COLLISION_NONE	NOT_SWITCH	NOT_RESET	NOT_WAYPOINT	-289.8521	1.8	-280.6566	0	0.9466456	0	0.3222764	22.83262	-1.028107	-3.150117	-286.4683	1.8	-275.7295	
959.2735	COLLISION_NONE	NOT_SWITCH	NOT_RESET	NOT_WAYPOINT	-289.8651	1.8	-281.0977	0	0.9494219	0	0.3140031	22.82263	-1.031647	-3.16285	-286.4683	1.8	-275.7295	
959.2935	COLLISION_NONE	NOT_SWITCH	NOT_RESET	NOT_WAYPOINT	-289.8857	1.8	-281.5385	0	0.9547575	0	0.2973856	22.80012	-1.005585	-3.175035	-286.4683	1.8	-275.7295	
959.3135	COLLISION_NONE	NOT_SWITCH	NOT_RESET	NOT_WAYPOINT	-289.9215	1.8	-281.9778	0	0.9573163	0	0.2890426	22.82365	-1.000824	-3.181448	-286.4683	1.8	-275.7295	
959.3336	COLLISION_NONE	NOT_SWITCH	NOT_RESET	NOT_WAYPOINT	-289.9654	1.8	-282.4167	0	0.9598022	0	0.2806776	22.79627	-1.015717	-3.186544	-286.4683	1.8	-275.7295	
959.3536	COLLISION_NONE	NOT_SWITCH	NOT_RESET	NOT_WAYPOINT	-290.017	1.8	-282.855	0	0.9622149	0	0.2722911	22.82039	-0.9689636	-3.184217	-286.4683	1.8	-275.7295	
959.3736	COLLISION_NONE	NOT_SWITCH	NOT_RESET	NOT_WAYPOINT	-290.0761	1.8	-283.2923	0	0.9645544	0	0.2638839	22.82039	-0.9689636	-3.184217	-286.4683	1.8	-275.7295	
959.3936	COLLISION_NONE	NOT_SWITCH	NOT_RESET	NOT_WAYPOINT	-290.1428	1.8	-283.7286	0	0.969013	0	0.24701	22.88324	-0.9263611	-3.192125	-286.4683	1.8	-275.7295	
959.4136	COLLISION_NONE	NOT_SWITCH	NOT_RESET	NOT_WAYPOINT	-290.2244	1.8	-284.1618	0	0.9711316	0	0.2385444	22.88994	-0.9456787	-3.20746	-286.4683	1.8	-275.7295	
959.4337	COLLISION_NONE	NOT_SWITCH	NOT_RESET	NOT_WAYPOINT	-290.314	1.8	-284.5937	0	0.9731763	0	0.2300608	22.92859	-0.9597778	-3.194872	-286.4683	1.8	-275.7295	
959.4537	COLLISION_NONE	NOT_SWITCH	NOT_RESET	NOT_WAYPOINT	-290.4111	1.8	-285.0241	0	0.9751469	0	0.2215595	22.92659	-0.9940796	-3.223448	-286.4683	1.8	-275.7295	
959.4737	COLLISION_NONE	NOT_SWITCH	NOT_RESET	NOT_WAYPOINT	-290.5157	1.8	-285.4529	0	0.9770432	0	0.2130414	22.95402	-0.9770203	-3.221314	-286.4683	1.8	-275.7295	
959.4937	COLLISION_NONE	NOT_SWITCH	NOT_RESET	NOT_WAYPOINT	-290.6276	1.8	-285.8798	0	0.9806125	0	0.1959572	22.95165	-1.022308	-3.242685	-286.4683	1.8	-275.7295	
959.5137	COLLISION_NONE	NOT_SWITCH	NOT_RESET	NOT_WAYPOINT	-290.754	1.8	-286.302	0	0.9822851	0	0.1873924	22.95894	-1.033722	-3.243521	-286.4683	1.8	-275.7295	
959.5338	COLLISION_NONE	NOT_SWITCH	NOT_RESET	NOT_WAYPOINT	-290.8882	1.8	-286.7222	0	0.983883	0	0.1788133	22.99739	-1.042725	-3.255708	-286.4683	1.8	-275.7295	
959.5538	COLLISION_NONE	NOT_SWITCH	NOT_RESET	NOT_WAYPOINT	-291.0298	1.8	-287.1401	0	0.985406	0	0.1702206	23.01005	-1.084869	-3.23798	-286.4683	1.8	-275.7295	
959.5738	COLLISION_NONE	NOT_SWITCH	NOT_RESET	NOT_WAYPOINT	-291.1786	1.8	-287.5556	0	0.9868539	0	0.161615	23.01005	-1.084869	-3.23798	-286.4683	1.8	-275.7295	
959.5938	COLLISION_NONE	NOT_SWITCH	NOT_RESET	NOT_WAYPOINT	-291.3184	1.8	-287.9569	0	0.9895242	0	0.1443674	23.05586	-1.011017	-3.221838	-286.4683	1.8	-275.7295	
959.6138	COLLISION_NONE	NOT_SWITCH	NOT_RESET	NOT_WAYPOINT	-291.4336	1.8	-288.3405	0	0.9907463	0	0.1357268	23.09792	-1.014679	-3.224368	-286.4683	1.8	-275.7295	
959.6339	COLLISION_NONE	NOT_SWITCH	NOT_RESET	NOT_WAYPOINT	-291.5291	1.8	-288.716	0	0.991893	0	0.1270758	23.10141	-1.00769	-3.225496	-286.4683	1.8	-275.7295	
959.6539	COLLISION_NONE	NOT_SWITCH	NOT_RESET	NOT_WAYPOINT	-291.605	1.8	-289.0834	0	0.9929641	0	0.1184152	23.14199	-0.9702759	-3.234922	-286.4683	1.8	-275.7295	
959.6739	COLLISION_NONE	NOT_SWITCH	NOT_RESET	NOT_WAYPOINT	-291.6612	1.8	-289.4435	0	0.9939597	0	0.1097456	23.16965	-0.942627	-3.247749	-286.4683	1.8	-275.7295	
959.6939	COLLISION_NONE	NOT_SWITCH	NOT_RESET	NOT_WAYPOINT	-291.6976	1.8	-289.7966	0	0.9957237	0	0.09238187	23.19388	-0.9197693	-3.262391	-286.4683	1.8	-275.7295	
959.7139	COLLISION_NONE	NOT_SWITCH	NOT_RESET	NOT_WAYPOINT	-291.7039	1.8	-290.1387	0	0.996492	0	0.08368915	23.18545	-0.9221802	-3.293704	-286.4683	1.8	-275.7295	
959.7339	COLLISION_NONE	NOT_SWITCH	NOT_RESET	TRIGGER_WAYPOINT	-291.6516	1.8	-290.4686	0	0.9971843	0	0.07499003	23.20523	-0.8988953	-3.300372	-286.4683	1.8	-305.7295	
959.754	COLLISION_NONE	NOT_SWITCH	NOT_RESET	NOT_WAYPOINT	-291.5131	1.8	-290.7843	0	0.9977755	0	0.06666462	23.19203	-0.9642639	-3.337204	-286.4683	1.8	-305.7295	
959.774	COLLISION_NONE	NOT_SWITCH	NOT_RESET	NOT_WAYPOINT	-291.2678	1.8	-291.0868	0	0.9986693	0	0.05157221	23.24326	-0.9395447	-3.33652	-286.4683	1.8	-305.7295	
959.794	COLLISION_NONE	NOT_SWITCH	NOT_RESET	NOT_WAYPOINT	-290.8979	1.8	-291.3854	0	0.9989926	0	0.04487607	23.24354	-0.9083252	-3.320377	-286.4683	1.8	-305.7295	
959.814	COLLISION_NONE	NOT_SWITCH	NOT_RESET	NOT_WAYPOINT	-290.5493	1.8	-291.6877	0	0.999253	0	0.03864497	23.24671	-0.9346619	-3.334649	-286.4683	1.8	-305.7295	
959.834	COLLISION_NONE	NOT_SWITCH	NOT_RESET	NOT_WAYPOINT	-290.2094	1.8	-291.992	0	0.9994656	0	0.03268815	23.25324	-0.9603577	-3.341059	-286.4683	1.8	-305.7295	
959.8541	COLLISION_NONE	NOT_SWITCH	NOT_RESET	NOT_WAYPOINT	-289.8733	1.8	-292.2964	0	0.9996368	0	0.02695256	23.23196	-1.012207	-3.345513	-286.4683	1.8	-305.7295	
959.8741	COLLISION_NONE	NOT_SWITCH	NOT_RESET	NOT_WAYPOINT	-289.5391	1.8	-292.5993	0	0.9998782	0	0.01560911	23.19527	-1.061798	-3.344835	-286.4683	1.8	-305.7295	
959.8941	COLLISION_NONE	NOT_SWITCH	NOT_RESET	NOT_WAYPOINT	-289.2116	1.8	-292.9029	0	0.999952	0	0.009802041	23.17222	-1.057159	-3.334743	-286.4683	1.8	-305.7295	
959.9141	COLLISION_NONE	NOT_SWITCH	NOT_RESET	NOT_WAYPOINT	-288.8897	1.8	-293.2108	0	0.9999937	0	0.003549084	23.14352	-1.098022	-3.346142	-286.4683	1.8	-305.7295	
959.9341	COLLISION_NONE	NOT_SWITCH	NOT_RESET	NOT_WAYPOINT	-288.5737	1.8	-293.524	0	0.9999951	0	-0.003138038	23.1508	-1.109406	-3.346952	-286.4683	1.8	-305.7295	
959.9542	COLLISION_NONE	NOT_SWITCH	NOT_RESET	NOT_WAYPOINT	-288.2636	1.8	-293.8429	0	0.9999453	0	-0.0104645	23.1415	-1.146027	-3.338064	-286.4683	1.8	-305.7295	
959.9742	COLLISION_NONE	NOT_SWITCH	NOT_RESET	NOT_WAYPOINT	-287.9595	1.8	-294.1677	0	0.9996392	0	-0.02686475	23.12922	-1.180084	-3.324311	-286.4683	1.8	-305.7295	
959.9942	COLLISION_NONE	NOT_SWITCH	NOT_RESET	NOT_WAYPOINT	-287.6656	1.8	-294.4993	0	0.9993728	0	-0.03541222	23.12842	-1.174225	-3.306598	-286.4683	1.8	-305.7295	
960.0142	COLLISION_NONE	NOT_SWITCH	NOT_RESET	NOT_WAYPOINT	-287.3929	1.8	-294.8318	0	0.9990296	0	-0.04404452	23.10623	-1.183197	-3.294284	-286.4683	1.8	-305.7295	
960.0342	COLLISION_NONE	NOT_SWITCH	NOT_RESET	NOT_WAYPOINT	-287.1418	1.8	-295.1634	0	0.9986095	0	-0.05271722	23.11333	-1.185211	-3.325857	-286.4683	1.8	-305.7295	
960.0543	COLLISION_NONE	NOT_SWITCH	NOT_RESET	NOT_WAYPOINT	-286.9119	1.8	-295.4934	0	0.9981128	0	-0.06140778	23.09325	-1.199493	-3.357685	-286.4683	1.8	-305.7295	
960.0743	COLLISION_NONE	NOT_SWITCH	NOT_RESET	NOT_WAYPOINT	-286.7034	1.8	-295.8219	0	0.9968904	0	-0.07880154	23.06213	-1.223999	-3.366458	-286.4683	1.8	-305.7295	
960.0943	COLLISION_NONE	NOT_SWITCH	NOT_RESET	NOT_WAYPOINT	-286.5255	1.8	-296.145	0	0.9961649	0	-0.08749522	23.07678	-1.242615	-3.374127	-286.4683	1.8	-305.7295	
960.1143	COLLISION_NONE	NOT_SWITCH	NOT_RESET	NOT_WAYPOINT	-286.3977	1.8	-296.4624	0	0.9953636	0	-0.09618359	23.05507	-1.279388	-3.364846	-286.4683	1.8	-305.7295	
960.1343	COLLISION_NONE	NOT_SWITCH	NOT_RESET	NOT_WAYPOINT	-286.3768	1.8	-296.7679	0	0.9944865	0	-0.1048653	23.08973	-1.278076	-3.357659	-286.4683	1.8	-305.7295	
960.1544	COLLISION_NONE	NOT_SWITCH	NOT_RESET	NOT_WAYPOINT	-286.4746	1.8	-297.0594	0	0.9935335	0	-0.1135394	23.1163	-1.283752	-3.349123	-286.4683	1.8	-305.7295	
960.1744	COLLISION_NONE	NOT_SWITCH	NOT_RESET	NOT_WAYPOINT	-286.6901	1.8	-297.3357	0	0.9914007	0	-0.1308614	23.17283	-1.316772	-3.34449	-286.4683	1.8	-305.7295	
960.1944	COLLISION_NONE	NOT_SWITCH	NOT_RESET	NOT_WAYPOINT	-287.0924	1.8	-297.5804	0	0.990221	0	-0.1395079	23.19996	-1.308746	-3.338251	-286.4683	1.8	-305.7295	
960.2144	COLLISION_NONE	NOT_SWITCH	NOT_RESET	NOT_WAYPOINT	-287.4731	1.8	-297.8279	0	0.9889784	0	-0.1480602	23.20971	-1.346558	-3.318855	-286.4683	1.8	-305.7295	
960.2344	COLLISION_NONE	NOT_SWITCH	NOT_RESET	NOT_WAYPOINT	-287.8324	1.8	-298.0788	0	0.9877478	0	-0.156059	23.21968	-1.369568	-3.320446	-286.4683	1.8	-305.7295	
960.2545	COLLISION_NONE	NOT_SWITCH	NOT_RESET	NOT_WAYPOINT	-288.1706	1.8	-298.3336	0	0.9866768	0	-0.1626929	23.21419	-1.416718	-3.331112	-286.4683	1.8	-305.7295	
960.2745	COLLISION_NONE	NOT_SWITCH	NOT_RESET	NOT_WAYPOINT	-288.4915	1.8	-298.5741	0	0.985107	0	-0.1719425	23.18167	-1.459595	-3.304851	-286.4683	1.8	-305.7295	
960.2945	COLLISION_NONE	NOT_SWITCH	NOT_RESET	NOT_WAYPOINT	-288.7754	1.8	-298.7899	0	0.9845684	0	-0.1750004	23.18301	-1.427338	-3.307577	-286.4683	1.8	-305.7295	
960.3145	COLLISION_NONE	NOT_SWITCH	NOT_RESET	NOT_WAYPOINT	-289.0388	1.8	-298.9969	0	0.9840909	0	-0.1776659	23.1722	-1.424927	-3.302538	-286.4683	1.8	-305.7295	
960.3345	COLLISION_NONE	NOT_SWITCH	NOT_RESET	NOT_WAYPOINT	-289.2852	1.8	-299.1958	0	0.9836419	0	-0.1801352	23.18093	-1.373505	-3.297904	-286.4683	1.8	-305.7295	
960.3546	COLLISION_NONE	NOT_SWITCH	NOT_RESET	NOT_WAYPOINT	-289.4554	1.8	-299.3528	0	0.9827712	0	-0.1848266	23.17159	-1.330444	-3.307631	-286.4683	1.8	-305.7295	
960.3746	COLLISION_NONE	NOT_SWITCH	NOT_RESET	NOT_WAYPOINT	-289.4172	1.8	-299.3933	0	0.9823366	0	-0.1871224	23.19279	-1.300995	-3.323554	-286.4683	1.8	-305.7295	
960.3946	COLLISION_NONE	NOT_SWITCH	NOT_RESET	NOT_WAYPOINT	-289.2745	1.8	-299.3796	0	0.981899	0	-0.1894054	23.19568	-1.297729	-3.345246	-286.4683	1.8	-305.7295	
960.4146	COLLISION_NONE	NOT_SWITCH	NOT_RESET	NOT_WAYPOINT	-289.0266	1.8	-299.3131	0	0.9814574	0	-0.1916809	23.17719	-1.366852	-3.402418	-286.4683	1.8	-305.7295	
960.4346	COLLISION_NONE	NOT_SWITCH	NOT_RESET	NOT_WAYPOINT	-288.6726	1.8	-299.1958	0	0.9816902	0	-0.1904847	23.1574	-1.382111	-3.415504	-286.4683	1.8	-305.7295	
960.4547	COLLISION_NONE	NOT_SWITCH	NOT_RESET	NOT_WAYPOINT	-288.2957	1.8	-299.0665	0	0.9835584	0	-0.1805906	23.1024	-1.430359	-3.45967	-286.4683	1.8	-305.7295	
960.4747	COLLISION_NONE	NOT_SWITCH	NOT_RESET	NOT_WAYPOINT	-287.9224	1.8	-298.9336	0	0.98486	0	-0.1733516	23.07443	-1.438751	-3.439094	-286.4683	1.8	-305.7295	
960.4947	COLLISION_NONE	NOT_SWITCH	NOT_RESET	NOT_WAYPOINT	-287.5507	1.8	-298.7966	0	0.9862221	0	-0.165427	23.07466	-1.436127	-3.434267	-286.4683	1.8	-305.7295	
960.5147	COLLISION_NONE	NOT_SWITCH	NOT_RESET	NOT_WAYPOINT	-287.1809	1.8	-298.6555	0	0.9875743	0	-0.157153	23.02915	-1.433228	-3.378262	-286.4683	1.8	-305.7295	
960.5347	COLLISION_NONE	NOT_SWITCH	NOT_RESET	NOT_WAYPOINT	-286.8134	1.8	-298.5097	0	0.9888826	0	-0.1486984	23.04603	-1.40918	-3.369397	-286.4683	1.8	-305.7295	
960.5547	COLLISION_NONE	NOT_SWITCH	NOT_RESET	NOT_WAYPOINT	-286.4483	1.8	-298.3591	0	0.9913102	0	-0.1315448	23.01987	-1.400238	-3.365179	-286.4683	1.8	-305.7295	
960.5748	COLLISION_NONE	NOT_SWITCH	NOT_RESET	NOT_WAYPOINT	-286.0888	1.8	-298.1981	0	0.9924178	0	-0.1229104	22.98397	-1.439331	-3.352639	-286.4683	1.8	-305.7295	
960.5948	COLLISION_NONE	NOT_SWITCH	NOT_RESET	NOT_WAYPOINT	-285.7321	1.8	-298.0308	0	0.9934514	0	-0.1142559	22.96549	-1.426605	-3.362467	-286.4683	1.8	-305.7295	
960.6148	COLLISION_NONE	NOT_SWITCH	NOT_RESET	NOT_WAYPOINT	-285.3781	1.8	-297.8575	0	0.99441	0	-0.1055875	22.94651	-1.517029	-3.397199	-286.4683	1.8	-305.7295	
960.6348	COLLISION_NONE	NOT_SWITCH	NOT_RESET	NOT_WAYPOINT	-285.0271	1.8	-297.6783	0	0.9952934	0	-0.09690841	22.93236	-1.548309	-3.412703	-286.4683	1.8	-305.7295	
960.6548	COLLISION_NONE	NOT_SWITCH	NOT_RESET	NOT_WAYPOINT	-284.6792	1.8	-297.4931	0	0.9968329	0	-0.07952537	22.88478	-1.595459	-3.414407	-286.4683	1.8	-305.7295	
960.6749	COLLISION_NONE	NOT_SWITCH	NOT_RESET	NOT_WAYPOINT	-284.3383	1.8	-297.2965	0	0.9974889	0	-0.07082377	22.88033	-1.601196	-3.397343	-286.4683	1.8	-305.7295	
960.6949	COLLISION_NONE	NOT_SWITCH	NOT_RESET	NOT_WAYPOINT	-284.0009	1.8	-297.0936	0	0.9980689	0	-0.0621166	22.88065	-1.590179	-3.404528	-286.4683	1.8	-305.7295	
960.7149	COLLISION_NONE	NOT_SWITCH	NOT_RESET	NOT_WAYPOINT	-283.6669	1.8	-296.8846	0	0.9985729	0	-0.05340462	22.8736	-1.614441	-3.387109	-286.4683	1.8	-305.7295	
960.7349	COLLISION_NONE	NOT_SWITCH	NOT_RESET	NOT_WAYPOINT	-283.3359	1.8	-296.6753	0	0.999001	0	-0.04468854	22.89198	-1.61731	-3.400197	-286.4683	1.8	-305.7295	
960.7549	COLLISION_NONE	NOT_SWITCH	NOT_RESET	NOT_WAYPOINT	-283.0203	1.8	-296.4579	0	0.9996288	0	-0.02724678	22.88703	-1.552795	-3.397882	-286.4683	1.8	-305.7295	
960.775	COLLISION_NONE	NOT_SWITCH	NOT_RESET	NOT_WAYPOINT	-282.7411	1.8	-296.2244	0	0.9998285	0	-0.01852245	22.87407	-1.584656	-3.421378	-286.4683	1.8	-305.7295	
960.795	COLLISION_NONE	NOT_SWITCH	NOT_RESET	NOT_WAYPOINT	-282.4753	1.8	-295.9862	0	0.999952	0	-0.009796703	22.85975	-1.554993	-3.420877	-286.4683	1.8	-305.7295	
960.815	COLLISION_NONE	NOT_SWITCH	NOT_RESET	NOT_WAYPOINT	-282.2206	1.8	-295.7443	0	0.9999995	0	-0.001070214	22.8214	-1.57959	-3.463818	-286.4683	1.8	-305.7295	
960.835	COLLISION_NONE	NOT_SWITCH	NOT_RESET	NOT_WAYPOINT	-281.9759	1.8	-295.4993	0	0.9999707	0	0.007656358	22.80511	-1.567719	-3.454779	-286.4683	1.8	-305.7295	
960.855	COLLISION_NONE	NOT_SWITCH	NOT_RESET	NOT_WAYPOINT	-281.7408	1.8	-295.2516	0	0.9996848	0	0.02510709	22.77162	-1.56955	-3.469888	-286.4683	1.8	-305.7295	
960.8751	COLLISION_NONE	NOT_SWITCH	NOT_RESET	NOT_WAYPOINT	-281.5201	1.8	-295.0008	0	0.9994276	0	0.03382991	22.76985	-1.602661	-3.48268	-286.4683	1.8	-305.7295	
960.8951	COLLISION_NONE	NOT_SWITCH	NOT_RESET	NOT_WAYPOINT	-281.302	1.8	-294.7511	0	0.9990944	0	0.04255017	22.7897	-1.583374	-3.475761	-286.4683	1.8	-305.7295	
960.9151	COLLISION_NONE	NOT_SWITCH	NOT_RESET	NOT_WAYPOINT	-281.0864	1.8	-294.5025	0	0.998685	0	0.05126718	22.81159	-1.599579	-3.452085	-286.4683	1.8	-305.7295	
960.9351	COLLISION_NONE	NOT_SWITCH	NOT_RESET	NOT_WAYPOINT	-280.8752	1.8	-294.2533	0	0.9981996	0	0.05998029	22.80808	-1.608551	-3.44786	-286.4683	1.8	-305.7295	
960.9551	COLLISION_NONE	NOT_SWITCH	NOT_RESET	NOT_WAYPOINT	-280.67	1.8	-294.0018	0	0.9970008	0	0.07739213	22.83681	-1.639435	-3.437733	-286.4683	1.8	-305.7295	
960.9752	COLLISION_NONE	NOT_SWITCH	NOT_RESET	NOT_WAYPOINT	-280.4797	1.8	-293.7431	0	0.9962874	0	0.08608954	22.82795	-1.662659	-3.438832	-286.4683	1.8	-305.7295	
960.9952	COLLISION_NONE	NOT_SWITCH	NOT_RESET	NOT_WAYPOINT	-280.2989	1.8	-293.478	0	0.9954982	0	0.09478041	22.84072	-1.647339	-3.45244	-286.4683	1.8	-305.7295	
961.0152	COLLISION_NONE	NOT_SWITCH	NOT_RESET	NOT_WAYPOINT	-280.1275	1.8	-293.2064	0	0.9946332	0	0.1034641	22.80879	-1.651642	-3.472208	-286.4683	1.8	-305.7295	
961.0352	COLLISION_NONE	NOT_SWITCH	NOT_RESET	NOT_WAYPOINT	-279.9651	1.8	-292.9283	0	0.992676	0	0.120807	22.78157	-1.594482	-3.468371	-286.4683	1.8	-305.7295	
961.0552	COLLISION_NONE	NOT_SWITCH	NOT_RESET	NOT_WAYPOINT	-279.8201	1.8	-292.6391	0	0.991584	0	0.1294651	22.79764	-1.55481	-3.464813	-286.4683	1.8	-305.7295	
961.0753	COLLISION_NONE	NOT_SWITCH	NOT_RESET	NOT_WAYPOINT	-279.6822	1.8	-292.3451	0	0.9904165	0	0.1381132	22.80467	-1.568878	-3.4705	-286.4683	1.8	-305.7295	
961.0953	COLLISION_NONE	NOT_SWITCH	NOT_RESET	NOT_WAYPOINT	-279.5506	1.8	-292.0474	0	0.9891735	0	0.1467509	22.81224	-1.589417	-3.501741	-286.4683	1.8	-305.7295	
961.1153	COLLISION_NONE	NOT_SWITCH	NOT_RESET	NOT_WAYPOINT	-279.425	1.8	-291.7466	0	0.9878552	0	0.1553773	22.83346	-1.62326	-3.530818	-286.4683	1.8	-305.7295	
961.1353	COLLISION_NONE	NOT_SWITCH	NOT_RESET	NOT_WAYPOINT	-279.3051	1.8	-291.4432	0	0.984993	0	0.1725941	22.87451	-1.639893	-3.549986	-286.4683	1.8	-305.7295	
961.1553	COLLISION_NONE	NOT_SWITCH	NOT_RESET	NOT_WAYPOINT	-279.1966	1.8	-291.1358	0	0.9834494	0	0.1811831	22.88928	-1.662201	-3.543851	-286.4683	1.8	-305.7295	
961.1754	COLLISION_NONE	NOT_SWITCH	NOT_RESET	NOT_WAYPOINT	-279.0938	1.8	-290.826	0	0.9818308	0	0.1897583	22.87797	-1.740631	-3.543409	-286.4683	1.8	-305.7295	
961.1954	COLLISION_NONE	NOT_SWITCH	NOT_RESET	NOT_WAYPOINT	-278.9773	1.8	-290.4987	0	0.9801375	0	0.198319	22.89402	-1.743439	-3.522097	-286.4683	1.8	-305.7295	
961.2154	COLLISION_NONE	NOT_SWITCH	NOT_RESET	NOT_WAYPOINT	-278.8434	1.8	-290.1601	0	0.9783695	0	0.2068647	22.87572	-1.809875	-3.512953	-286.4683	1.8	-305.7295	
961.2354	COLLISION_NONE	NOT_SWITCH	NOT_RESET	NOT_WAYPOINT	-278.6795	1.8	-289.8033	0	0.9746103	0	0.2239081	22.87884	-1.826477	-3.488885	-286.4683	1.8	-305.7295	
961.2554	COLLISION_NONE	NOT_SWITCH	NOT_RESET	NOT_WAYPOINT	-278.5206	1.8	-289.4347	0	0.9726192	0	0.2324046	22.83368	-1.902069	-3.474796	-286.4683	1.8	-305.7295	
961.2755	COLLISION_NONE	NOT_SWITCH	NOT_RESET	NOT_WAYPOINT	-278.3628	1.8	-289.0681	0	0.9705541	0	0.2408833	22.7928	-1.956451	-3.456361	-286.4683	1.8	-305.7295	
961.2955	COLLISION_NONE	NOT_SWITCH	NOT_RESET	NOT_WAYPOINT	-278.2079	1.8	-288.7027	0	0.9684151	0	0.2493437	22.78907	-1.982635	-3.435897	-286.4683	1.8	-305.7295	
961.3155	COLLISION_NONE	NOT_SWITCH	NOT_RESET	NOT_WAYPOINT	-278.0573	1.8	-288.3371	0	0.9662023	0	0.2577851	22.80563	-2.035461	-3.437806	-286.4683	1.8	-305.7295	
961.3355	COLLISION_NONE	NOT_SWITCH	NOT_RESET	NOT_WAYPOINT	-277.9124	1.8	-287.9703	0	0.9615562	0	0.2746084	22.79138	-2.132507	-3.410099	-286.4683	1.8	-305.7295	
961.3555	COLLISION_NONE	NOT_SWITCH	NOT_RESET	NOT_WAYPOINT	-277.7804	1.8	-287.6004	0	0.9591232	0	0.282989	22.77481	-2.164001	-3.398841	-286.4683	1.8	-305.7295	
961.3755	COLLISION_NONE	NOT_SWITCH	NOT_RESET	NOT_WAYPOINT	-277.6558	1.8	-287.2276	0	0.9566172	0	0.291348	22.77163	-2.172394	-3.386763	-286.4683	1.8	-305.7295	
961.3956	COLLISION_NONE	NOT_SWITCH	NOT_RESET	NOT_WAYPOINT	-277.5385	1.8	-286.8523	0	0.9540383	0	0.2996849	22.74942	-2.138428	-3.391927	-286.4683	1.8	-305.7295	
961.4156	COLLISION_NONE	NOT_SWITCH	NOT_RESET	NOT_WAYPOINT	-277.4282	1.8	-286.4746	0	0.9513867	0	0.3079989	22.73702	-2.144714	-3.382446	-286.4683	1.8	-305.7295	
961.4356	COLLISION_NONE	NOT_SWITCH	NOT_RESET	NOT_WAYPOINT	-277.325	1.8	-286.0948	0	0.9458665	0	0.324556	22.71174	-2.124176	-3.411964	-286.4683	1.8	-305.7295	
961.4556	COLLISION_NONE	NOT_SWITCH	NOT_RESET	NOT_WAYPOINT	-277.2358	1.8	-285.7118	0	0.9429982	0	0.3327978	22.68335	-2.15332	-3.42998	-286.4683	1.8	-305.7295	
961.4756	COLLISION_NONE	NOT_SWITCH	NOT_RESET	NOT_WAYPOINT	-277.1538	1.8	-285.3268	0	0.9400582	0	0.3410142	22.69642	-2.194275	-3.457745	-286.4683	1.8	-305.7295	
961.4957	COLLISION_NONE	NOT_SWITCH	NOT_RESET	NOT_WAYPOINT	-277.0786	1.8	-284.9402	0	0.9370465	0	0.3492047	22.72641	-2.221893	-3.461836	-286.4683	1.8	-305.7295	
961.5157	COLLISION_NONE	NOT_SWITCH	NOT_RESET	NOT_WAYPOINT	-277.0102	1.8	-284.5522	0	0.9339634	0	0.3573686	22.73191	-2.261475	-3.439071	-286.4683	1.8	-305.7295	
961.5357	COLLISION_NONE	NOT_SWITCH	NOT_RESET	NOT_WAYPOINT	-276.9485	1.8	-284.1631	0	0.9275843	0	0.3736141	22.75714	-2.310547	-3.420745	-286.4683	1.8	-305.7295	
961.5557	COLLISION_NONE	NOT_SWITCH	NOT_RESET	NOT_WAYPOINT	-276.8649	1.8	-283.8112	0	0.924482	0	0.3812258	22.76549	-2.307281	-3.4083	-286.4683	1.8	-305.7295	
961.5757	COLLISION_NONE	NOT_SWITCH	NOT_RESET	NOT_WAYPOINT	-276.7181	1.8	-283.5272	0	0.9216782	0	0.3879552	22.77301	-2.307861	-3.416432	-286.4683	1.8	-305.7295	
961.5958	COLLISION_NONE	NOT_SWITCH	NOT_RESET	NOT_WAYPOINT	-276.4879	1.8	-283.329	0	0.919458	0	0.3931884	22.77648	-2.305176	-3.411643	-286.4683	1.8	-305.7295	
961.6158	COLLISION_NONE	NOT_SWITCH	NOT_RESET	NOT_WAYPOINT	-276.1728	1.8	-283.2144	0	0.9176787	0	0.3973235	22.73109	-2.311554	-3.401164	-286.4683	1.8	-305.7295	
961.6358	COLLISION_NONE	NOT_SWITCH	NOT_RESET	NOT_WAYPOINT	-275.7721	1.8	-283.179	0	0.9149275	0	0.4036183	22.71154	-2.329956	-3.400031	-286.4683	1.8	-305.7295	
961.6558	COLLISION_NONE	NOT_SWITCH	NOT_RESET	NOT_WAYPOINT	-275.2945	1.8	-283.2055	0	0.9147637	0	0.4039895	22.71298	-2.358887	-3.418885	-286.4683	1.8	-305.7295	
961.6758	COLLISION_NONE	NOT_SWITCH	NOT_RESET	NOT_WAYPOINT	-274.8336	1.8	-283.218	0	0.9151409	0	0.4031341	22.72311	-2.329651	-3.427104	-286.4683	1.8	-305.7295	
961.6959	COLLISION_NONE	NOT_SWITCH	NOT_RESET	NOT_WAYPOINT	-274.38	1.8	-283.2248	0	0.9157872	0	0.4016639	22.74235	-2.309723	-3.439098	-286.4683	1.8	-305.7295	
961.7159	COLLISION_NONE	NOT_SWITCH	NOT_RESET	NOT_WAYPOINT	-273.9288	1.8	-283.2314	0	0.9174077	0	0.3979486	22.76883	-2.209869	-3.427943	-286.4683	1.8	-305.7295	
961.7359	COLLISION_NONE	NOT_SWITCH	NOT_RESET	NOT_WAYPOINT	-273.4785	1.8	-283.2402	0	0.9182796	0	0.3959325	22.80794	-2.170807	-3.43312	-286.4683	1.8	-305.7295	
961.7559	COLLISION_NONE	NOT_SWITCH	NOT_RESET	NOT_WAYPOINT	-273.0281	1.8	-283.2508	0	0.9191641	0	0.3938749	22.8115	-2.177246	-3.458704	-286.4683	1.8	-305.7295	
961.7759	COLLISION_NONE	NOT_SWITCH	NOT_RESET	NOT_WAYPOINT	-272.5777	1.8	-283.2633	0	0.9200528	0	0.3917946	22.82327	-2.160858	-3.456522	-286.4683	1.8	-305.7295	
961.796	COLLISION_NONE	NOT_SWITCH	NOT_RESET	NOT_WAYPOINT	-272.1275	1.8	-283.2777	0	0.9209409	0	0.3897024	22.82083	-2.225708	-3.493176	-286.4683	1.8	-305.7295	
961.816	COLLISION_NONE	NOT_SWITCH	NOT_RESET	NOT_WAYPOINT	-271.6774	1.8	-283.2942	0	0.9227084	0	0.3854987	22.82065	-2.330292	-3.507077	-286.4683	1.8	-305.7295	
961.836	COLLISION_NONE	NOT_SWITCH	NOT_RESET	NOT_WAYPOINT	-271.2281	1.8	-283.3152	0	0.9235865	0	0.3833902	22.84865	-2.406403	-3.510882	-286.4683	1.8	-305.7295	
961.856	COLLISION_NONE	NOT_SWITCH	NOT_RESET	NOT_WAYPOINT	-270.778	1.8	-283.3382	0	0.9244608	0	0.3812773	22.87635	-2.503876	-3.457942	-286.4683	1.8	-305.7295	
961.876	COLLISION_NONE	NOT_SWITCH	NOT_RESET	NOT_WAYPOINT	-270.3281	1.8	-283.363	0	0.9253308	0	0.379161	22.87865	-2.561005	-3.419039	-286.4683	1.8	-305.7295	
961.8961	COLLISION_NONE	NOT_SWITCH	NOT_RESET	NOT_WAYPOINT	-269.8784	1.8	-283.3898	0	0.9261963	0	0.3770418	22.88588	-2.578613	-3.376355	-286.4683	1.8	-305.7295	
961.9161	COLLISION_NONE	NOT_SWITCH	NOT_RESET	NOT_WAYPOINT	-269.429	1.8	-283.4185	0	0.927914	0	0.3727945	22.91257	-2.537781	-3.288738	-286.4683	1.8	-305.7295	
961.9361	COLLISION_NONE	NOT_SWITCH	NOT_RESET	NOT_WAYPOINT	-268.9804	1.8	-283.4519	0	0.9287663	0	0.3706661	22.9354	-2.531921	-3.271879	-286.4683	1.8	-305.7295	
961.9561	COLLISION_NONE	NOT_SWITCH	NOT_RESET	NOT_WAYPOINT	-268.5311	1.8	-283.4873	0	0.9296135	0	0.3685361	22.90777	-2.546631	-3.284314	-286.4683	1.8	-305.7295	
961.9761	COLLISION_NONE	NOT_SWITCH	NOT_RESET	TRIGGER_WAYPOINT	-268.0821	1.8	-283.5244	0	0.9304558	0	0.3664043	22.91192	-2.525543	-3.280035	-257.9366	1.8	-296.459	
961.9962	COLLISION_NONE	NOT_SWITCH	NOT_RESET	TRIGGER_WAYPOINT	-267.6334	1.8	-283.5635	0	0.931293	0	0.3642711	22.89765	-2.544922	-3.260396	-275.5702	1.8	-272.1885	
962.0162	COLLISION_NONE	NOT_SWITCH	NOT_RESET	NOT_WAYPOINT	-267.1848	1.8	-283.6046	0	0.9329525	0	0.3599994	22.89357	-2.546661	-3.283916	-275.5702	1.8	-272.1885	
962.0362	COLLISION_NONE	NOT_SWITCH	NOT_RESET	NOT_WAYPOINT	-266.7374	1.8	-283.6504	0	0.9337749	0	0.357861	22.90118	-2.522888	-3.27485	-275.5702	1.8	-272.1885	
962.0562	COLLISION_NONE	NOT_SWITCH	NOT_RESET	NOT_WAYPOINT	-266.3015	1.8	-283.7071	0	0.9345922	0	0.3557211	22.88181	-2.526062	-3.286906	-275.5702	1.8	-272.1885	
962.0762	COLLISION_NONE	NOT_SWITCH	NOT_RESET	NOT_WAYPOINT	-265.882	1.8	-283.7776	0	0.9354045	0	0.3535793	22.89581	-2.449799	-3.284472	-275.5702	1.8	-272.1885	
962.0963	COLLISION_NONE	NOT_SWITCH	NOT_RESET	NOT_WAYPOINT	-265.4789	1.8	-283.8621	0	0.936212	0	0.3514358	22.89809	-2.385651	-3.290182	-275.5702	1.8	-272.1885	
962.1163	COLLISION_NONE	NOT_SWITCH	NOT_RESET	NOT_WAYPOINT	-265.0922	1.8	-283.96	0	0.9378122	0	0.347143	22.90441	-2.320587	-3.314837	-275.5702	1.8	-272.1885	
962.1363	COLLISION_NONE	NOT_SWITCH	NOT_RESET	NOT_WAYPOINT	-264.739	1.8	-284.0839	0	0.9386052	0	0.3449931	22.91847	-2.338562	-3.341418	-275.5702	1.8	-272.1885	
962.1563	COLLISION_NONE	NOT_SWITCH	NOT_RESET	NOT_WAYPOINT	-264.4022	1.8	-284.2211	0	0.9393935	0	0.3428411	22.91693	-2.358643	-3.36445	-275.5702	1.8	-272.1885	
962.1763	COLLISION_NONE	NOT_SWITCH	NOT_RESET	NOT_WAYPOINT	-264.0815	1.8	-284.3716	0	0.9401769	0	0.3406867	22.92396	-2.368713	-3.376277	-275.5702	1.8	-272.1885	
962.1964	COLLISION_NONE	NOT_SWITCH	NOT_RESET	NOT_WAYPOINT	-263.7743	1.8	-284.5331	0	0.9412004	0	0.3378489	22.92103	-2.43399	-3.386263	-275.5702	1.8	-272.1885	
962.2164	COLLISION_NONE	NOT_SWITCH	NOT_RESET	NOT_WAYPOINT	-263.4756	1.8	-284.7004	0	0.9442825	0	0.3291363	22.91619	-2.477692	-3.384023	-275.5702	1.8	-272.1885	
962.2364	COLLISION_NONE	NOT_SWITCH	NOT_RESET	NOT_WAYPOINT	-263.2103	1.8	-284.8923	0	0.9464607	0	0.3228193	22.93693	-2.433472	-3.378988	-275.5702	1.8	-272.1885	
962.2564	COLLISION_NONE	NOT_SWITCH	NOT_RESET	NOT_WAYPOINT	-262.9911	1.8	-285.1229	0	0.948893	0	0.3155981	22.94577	-2.418671	-3.365892	-275.5702	1.8	-272.1885	
962.2764	COLLISION_NONE	NOT_SWITCH	NOT_RESET	NOT_WAYPOINT	-262.8272	1.8	-285.4002	0	0.9514408	0	0.3078321	22.95705	-2.416016	-3.361389	-275.5702	1.8	-272.1885	
962.2964	COLLISION_NONE	NOT_SWITCH	NOT_RESET	NOT_WAYPOINT	-262.7374	1.8	-285.7373	0	0.9540079	0	0.2997816	22.98556	-2.401642	-3.322337	-275.5702	1.8	-272.1885	
962.3165	COLLISION_NONE	NOT_SWITCH	NOT_RESET	NOT_WAYPOINT	-262.7268	1.8	-286.1337	0	0.9590358	0	0.2832852	23.00369	-2.42215	-3.319428	-275.5702	1.8	-272.1885	
962.3365	COLLISION_NONE	NOT_SWITCH	NOT_RESET	NOT_WAYPOINT	-262.803	1.8	-286.5841	0	0.9614618	0	0.2749386	22.97615	-2.447418	-3.31688	-275.5702	1.8	-272.1885	
962.3565	COLLISION_NONE	NOT_SWITCH	NOT_RESET	NOT_WAYPOINT	-262.8763	1.8	-287.0251	0	0.9638199	0	0.2665546	22.96562	-2.497528	-3.339853	-275.5702	1.8	-272.1885	
962.3765	COLLISION_NONE	NOT_SWITCH	NOT_RESET	NOT_WAYPOINT	-262.9513	1.8	-287.464	0	0.9661071	0	0.2581419	22.97886	-2.463928	-3.354043	-275.5702	1.8	-272.1885	
962.3965	COLLISION_NONE	NOT_SWITCH	NOT_RESET	NOT_WAYPOINT	-263.03	1.8	-287.9009	0	0.9704635	0	0.241248	22.98239	-2.435516	-3.377465	-275.5702	1.8	-272.1885	
962.4166	COLLISION_NONE	NOT_SWITCH	NOT_RESET	NOT_WAYPOINT	-263.1026	1.8	-288.2935	0	0.9725316	0	0.2327711	22.96253	-2.38446	-3.372266	-275.5702	1.8	-272.1885	
962.4366	COLLISION_NONE	NOT_SWITCH	NOT_RESET	NOT_WAYPOINT	-263.1725	1.8	-288.6638	0	0.9745257	0	0.2242759	22.95838	-2.368652	-3.377398	-275.5702	1.8	-272.1885	
962.4566	COLLISION_NONE	NOT_SWITCH	NOT_RESET	NOT_WAYPOINT	-263.2394	1.8	-289.012	0	0.9764457	0	0.2157634	22.97545	-2.335968	-3.37292	-275.5702	1.8	-272.1885	
962.4766	COLLISION_NONE	NOT_SWITCH	NOT_RESET	NOT_WAYPOINT	-263.3034	1.8	-289.3379	0	0.9782913	0	0.2072343	22.99133	-2.292145	-3.375422	-275.5702	1.8	-272.1885	
962.4966	COLLISION_NONE	NOT_SWITCH	NOT_RESET	NOT_WAYPOINT	-263.3644	1.8	-289.6417	0	0.9817591	0	0.1901293	23.02444	-2.233093	-3.391793	-275.5702	1.8	-272.1885	
962.5167	COLLISION_NONE	NOT_SWITCH	NOT_RESET	NOT_WAYPOINT	-263.4191	1.8	-289.9011	0	0.9833809	0	0.1815547	23.05821	-2.256317	-3.428823	-275.5702	1.8	-272.1885	
962.5367	COLLISION_NONE	NOT_SWITCH	NOT_RESET	NOT_WAYPOINT	-263.4706	1.8	-290.1383	0	0.9849278	0	0.1729663	23.04111	-2.291168	-3.430336	-275.5702	1.8	-272.1885	
962.5567	COLLISION_NONE	NOT_SWITCH	NOT_RESET	NOT_WAYPOINT	-263.5189	1.8	-290.3534	0	0.9863997	0	0.1643647	23.02493	-2.369446	-3.490918	-275.5702	1.8	-272.1885	
962.5767	COLLISION_NONE	NOT_SWITCH	NOT_RESET	NOT_WAYPOINT	-263.5638	1.8	-290.5463	0	0.9877964	0	0.1557506	23.02674	-2.340393	-3.472021	-275.5702	1.8	-272.1885	
962.5967	COLLISION_NONE	NOT_SWITCH	NOT_RESET	NOT_WAYPOINT	-263.6055	1.8	-290.7171	0	0.9903642	0	0.1384875	22.9612	-2.35733	-3.445764	-275.5702	1.8	-272.1885	
962.6168	COLLISION_NONE	NOT_SWITCH	NOT_RESET	NOT_WAYPOINT	-263.6399	1.8	-290.8438	0	0.991535	0	0.1298397	22.96685	-2.344666	-3.429613	-275.5702	1.8	-272.1885	
962.6368	COLLISION_NONE	NOT_SWITCH	NOT_RESET	NOT_WAYPOINT	-263.6705	1.8	-290.9483	0	0.9926303	0	0.1211821	22.93215	-2.347412	-3.43334	-275.5702	1.8	-272.1885	
962.6568	COLLISION_NONE	NOT_SWITCH	NOT_RESET	NOT_WAYPOINT	-263.6972	1.8	-291.0308	0	0.99365	0	0.1125153	22.92555	-2.315338	-3.435922	-275.5702	1.8	-272.1885	
962.6768	COLLISION_NONE	NOT_SWITCH	NOT_RESET	NOT_WAYPOINT	-263.7196	1.8	-291.0914	0	0.994594	0	0.1038399	22.92571	-2.295166	-3.412698	-275.5702	1.8	-272.1885	
962.6968	COLLISION_NONE	NOT_SWITCH	NOT_RESET	NOT_WAYPOINT	-263.7409	1.8	-291.148	0	0.9962548	0	0.08646601	22.91971	-2.266937	-3.436	-275.5702	1.8	-272.1885	
962.7169	COLLISION_NONE	NOT_SWITCH	NOT_RESET	NOT_WAYPOINT	-263.7582	1.8	-291.1891	0	0.9969714	0	0.07776887	22.90507	-2.24176	-3.437176	-275.5702	1.8	-272.1885	
962.7369	COLLISION_NONE	NOT_SWITCH	NOT_RESET	NOT_WAYPOINT	-263.7702	1.8	-291.2068	0	0.9976121	0	0.0690658	22.88469	-2.259827	-3.462642	-275.5702	1.8	-272.1885	
962.7569	COLLISION_NONE	NOT_SWITCH	NOT_RESET	NOT_WAYPOINT	-263.7733	1.8	-291.1828	0	0.9981768	0	0.06035747	22.84773	-2.227051	-3.483109	-275.5702	1.8	-272.1885	
962.7769	COLLISION_NONE	NOT_SWITCH	NOT_RESET	NOT_WAYPOINT	-263.7682	1.8	-291.12	0	0.9986655	0	0.05164455	22.83335	-2.188843	-3.494517	-275.5702	1.8	-272.1885	
962.7969	COLLISION_NONE	NOT_SWITCH	NOT_RESET	NOT_WAYPOINT	-263.7624	1.8	-291.0567	0	0.9994148	0	0.03420757	22.82639	-2.100677	-3.483023	-275.5702	1.8	-272.1885	
962.817	COLLISION_NONE	NOT_SWITCH	NOT_RESET	NOT_WAYPOINT	-263.7531	1.8	-290.9947	0	0.9996753	0	0.02548484	22.81536	-2.092438	-3.494775	-275.5702	1.8	-272.1885	
962.837	COLLISION_NONE	NOT_SWITCH	NOT_RESET	NOT_WAYPOINT	-263.7423	1.8	-290.9317	0	0.9998596	0	0.01676017	22.8206	-2.044098	-3.49524	-275.5702	1.8	-272.1885	
962.857	COLLISION_NONE	NOT_SWITCH	NOT_RESET	NOT_WAYPOINT	-263.7302	1.8	-290.8691	0	0.9999678	0	0.008034218	22.84316	-2.021851	-3.510188	-275.5702	1.8	-272.1885	
962.877	COLLISION_NONE	NOT_SWITCH	NOT_RESET	NOT_WAYPOINT	-263.7168	1.8	-290.8061	0	0.9999998	0	-0.0006923419	22.87467	-2.006378	-3.524333	-275.5702	1.8	-272.1885	
962.897	COLLISION_NONE	NOT_SWITCH	NOT_RESET	NOT_WAYPOINT	-263.7024	1.8	-290.7434	0	0.9998354	0	-0.01814464	22.90491	-2.00412	-3.562685	-275.5702	1.8	-272.1885	
962.9171	COLLISION_NONE	NOT_SWITCH	NOT_RESET	NOT_WAYPOINT	-263.6856	1.8	-290.6806	0	0.999639	0	-0.02686905	22.92654	-2.030792	-3.585248	-275.5702	1.8	-272.1885	
962.9371	COLLISION_NONE	NOT_SWITCH	NOT_RESET	NOT_WAYPOINT	-263.6682	1.8	-290.6182	0	0.9993664	0	-0.03559141	22.91639	-2.077728	-3.595514	-275.5702	1.8	-272.1885	
962.9571	COLLISION_NONE	NOT_SWITCH	NOT_RESET	NOT_WAYPOINT	-263.6499	1.8	-290.5561	0	0.9990178	0	-0.04431106	22.92905	-2.072937	-3.594159	-275.5702	1.8	-272.1885	
962.9771	COLLISION_NONE	NOT_SWITCH	NOT_RESET	NOT_WAYPOINT	-263.6304	1.8	-290.4944	0	0.9980923	0	-0.06173958	22.91761	-2.172882	-3.571485	-275.5702	1.8	-272.1885	
962.9971	COLLISION_NONE	NOT_SWITCH	NOT_RESET	NOT_WAYPOINT	-263.6091	1.8	-290.4337	0	0.9975155	0	-0.07044712	22.92864	-2.183228	-3.556723	-275.5702	1.8	-272.1885	
963.0172	COLLISION_NONE	NOT_SWITCH	NOT_RESET	NOT_WAYPOINT	-263.5871	1.8	-290.3728	0	0.9968628	0	-0.07914929	22.93489	-2.209564	-3.571016	-275.5702	1.8	-272.1885	
963.0372	COLLISION_NONE	NOT_SWITCH	NOT_RESET	NOT_WAYPOINT	-263.5644	1.8	-290.3119	0	0.9961341	0	-0.08784544	22.95453	-2.218231	-3.532984	-275.5702	1.8	-272.1885	
963.0572	COLLISION_NONE	NOT_SWITCH	NOT_RESET	NOT_WAYPOINT	-263.5406	1.8	-290.2517	0	0.9953296	0	-0.0965349	22.97608	-2.240112	-3.519215	-275.5702	1.8	-272.1885	
963.0772	COLLISION_NONE	NOT_SWITCH	NOT_RESET	NOT_WAYPOINT	-263.5155	1.8	-290.1919	0	0.9934933	0	-0.1138911	23.00105	-2.303314	-3.533282	-275.5702	1.8	-272.1885	
963.0972	COLLISION_NONE	NOT_SWITCH	NOT_RESET	NOT_WAYPOINT	-263.489	1.8	-290.1345	0	0.9924616	0	-0.1225565	22.9736	-2.309296	-3.549985	-275.5702	1.8	-272.1885	
963.1172	COLLISION_NONE	NOT_SWITCH	NOT_RESET	NOT_WAYPOINT	-263.4615	1.8	-290.0756	0	0.9913543	0	-0.1312126	22.98547	-2.310394	-3.566185	-275.5702	1.8	-272.1885	
963.1373	COLLISION_NONE	NOT_SWITCH	NOT_RESET	NOT_WAYPOINT	-263.4335	1.8	-290.0177	0	0.9901715	0	-0.1398587	22.94512	-2.332153	-3.577025	-275.5702	1.8	-272.1885	
963.1573	COLLISION_NONE	NOT_SWITCH	NOT_RESET	NOT_WAYPOINT	-263.4044	1.8	-289.9604	0	0.9889133	0	-0.1484941	22.93505	-2.287384	-3.563031	-275.5702	1.8	-272.1885	
963.1773	COLLISION_NONE	NOT_SWITCH	NOT_RESET	NOT_WAYPOINT	-263.3738	1.8	-289.9041	0	0.9861711	0	-0.1657304	22.90214	-2.254913	-3.556926	-275.5702	1.8	-272.1885	
963.1973	COLLISION_NONE	NOT_SWITCH	NOT_RESET	NOT_WAYPOINT	-263.3403	1.8	-289.8499	0	0.9846873	0	-0.17433	22.8831	-2.268158	-3.546181	-275.5702	1.8	-272.1885	
963.2173	COLLISION_NONE	NOT_SWITCH	NOT_RESET	NOT_WAYPOINT	-263.3046	1.8	-289.7953	0	0.9831285	0	-0.1829163	22.89598	-2.246124	-3.561054	-275.5702	1.8	-272.1885	
963.2374	COLLISION_NONE	NOT_SWITCH	NOT_RESET	NOT_WAYPOINT	-263.2678	1.8	-289.7415	0	0.9814949	0	-0.1914886	22.8826	-2.280518	-3.58928	-275.5702	1.8	-272.1885	
963.2574	COLLISION_NONE	NOT_SWITCH	NOT_RESET	NOT_WAYPOINT	-263.2304	1.8	-289.6879	0	0.9797865	0	-0.2000463	22.87375	-2.297424	-3.599363	-275.5702	1.8	-272.1885	
963.2774	COLLISION_NONE	NOT_SWITCH	NOT_RESET	NOT_WAYPOINT	-263.1925	1.8	-289.6348	0	0.9761459	0	-0.2171155	22.87686	-2.34259	-3.586496	-275.5702	1.8	-272.1885	
963.2974	COLLISION_NONE	NOT_SWITCH	NOT_RESET	NOT_WAYPOINT	-263.1547	1.8	-289.5834	0	0.9742141	0	-0.2256256	22.87235	-2.359283	-3.5622	-275.5702	1.8	-272.1885	
963.3174	COLLISION_NONE	NOT_SWITCH	NOT_RESET	NOT_WAYPOINT	-263.1683	1.8	-289.6378	0	0.9722081	0	-0.2341185	22.8764	-2.35968	-3.535712	-275.5702	1.8	-272.1885	
963.3375	COLLISION_NONE	NOT_SWITCH	NOT_RESET	NOT_WAYPOINT	-263.2705	1.8	-289.7697	0	0.970128	0	-0.2425936	22.86301	-2.386963	-3.530501	-275.5702	1.8	-272.1885	
963.3575	COLLISION_NONE	NOT_SWITCH	NOT_RESET	NOT_WAYPOINT	-263.466	1.8	-289.9731	0	0.9679741	0	-0.2510502	22.86861	-2.361755	-3.532407	-275.5702	1.8	-272.1885	
963.3775	COLLISION_NONE	NOT_SWITCH	NOT_RESET	NOT_WAYPOINT	-263.7289	1.8	-290.2061	0	0.9634452	0	-0.2679054	22.8327	-2.400757	-3.527229	-275.5702	1.8	-272.1885	
963.3975	COLLISION_NONE	NOT_SWITCH	NOT_RESET	NOT_WAYPOINT	-264.0121	1.8	-290.4253	0	0.9610707	0	-0.2763028	22.81913	-2.448151	-3.545189	-275.5702	1.8	-272.1885	
963.4175	COLLISION_NONE	NOT_SWITCH	NOT_RESET	NOT_WAYPOINT	-264.31	1.8	-290.6333	0	0.9586229	0	-0.2846791	22.81961	-2.43454	-3.547582	-275.5702	1.8	-272.1885	
963.4376	COLLISION_NONE	NOT_SWITCH	NOT_RESET	NOT_WAYPOINT	-264.6206	1.8	-290.8306	0	0.9561021	0	-0.2930337	22.80805	-2.43988	-3.556912	-275.5702	1.8	-272.1885	
963.4576	COLLISION_NONE	NOT_SWITCH	NOT_RESET	TRIGGER_WAYPOINT	-264.9397	1.8	-291.0194	0	0.9540165	0	-0.2997542	22.79266	-2.428894	-3.563548	-275.5702	1.8	-302.1885	
963.4776	COLLISION_NONE	NOT_SWITCH	NOT_RESET	NOT_WAYPOINT	-265.2649	1.8	-291.2014	0	0.9512696	0	-0.3083607	22.79338	-2.406372	-3.570129	-275.5702	1.8	-302.1885	
963.4976	COLLISION_NONE	NOT_SWITCH	NOT_RESET	NOT_WAYPOINT	-265.599	1.8	-291.3715	0	0.9503319	0	-0.3112383	22.77995	-2.438629	-3.601311	-275.5702	1.8	-302.1885	
963.5176	COLLISION_NONE	NOT_SWITCH	NOT_RESET	NOT_WAYPOINT	-265.9365	1.8	-291.5387	0	0.9495024	0	-0.3137599	22.7971	-2.406036	-3.59693	-275.5702	1.8	-302.1885	
963.5377	COLLISION_NONE	NOT_SWITCH	NOT_RESET	NOT_WAYPOINT	-266.2758	1.8	-291.7037	0	0.9487252	0	-0.3161024	22.78952	-2.39505	-3.603847	-275.5702	1.8	-302.1885	
963.5577	COLLISION_NONE	NOT_SWITCH	NOT_RESET	NOT_WAYPOINT	-266.6163	1.8	-291.8669	0	0.9472277	0	-0.3205614	22.78412	-2.41629	-3.642501	-275.5702	1.8	-302.1885	
963.5777	COLLISION_NONE	NOT_SWITCH	NOT_RESET	NOT_WAYPOINT	-266.9584	1.8	-292.0259	0	0.9464859	0	-0.3227451	22.81636	-2.388916	-3.648327	-275.5702	1.8	-302.1885	
963.5977	COLLISION_NONE	NOT_SWITCH	NOT_RESET	NOT_WAYPOINT	-267.3018	1.8	-292.184	0	0.9457426	0	-0.3249168	22.8213	-2.447266	-3.659701	-275.5702	1.8	-302.1885	
963.6177	COLLISION_NONE	NOT_SWITCH	NOT_RESET	NOT_WAYPOINT	-267.6458	1.8	-292.3406	0	0.9449956	0	-0.3270831	22.85467	-2.466095	-3.66818	-275.5702	1.8	-302.1885	
963.6378	COLLISION_NONE	NOT_SWITCH	NOT_RESET	NOT_WAYPOINT	-267.9903	1.8	-292.4957	0	0.9442438	0	-0.3292473	22.88811	-2.495422	-3.661656	-275.5702	1.8	-302.1885	
963.6578	COLLISION_NONE	NOT_SWITCH	NOT_RESET	NOT_WAYPOINT	-268.3355	1.8	-292.6493	0	0.9427246	0	-0.3335722	22.92089	-2.55368	-3.639608	-275.5702	1.8	-302.1885	
963.6778	COLLISION_NONE	NOT_SWITCH	NOT_RESET	NOT_WAYPOINT	-268.6818	1.8	-292.7988	0	0.9419566	0	-0.3357345	22.95846	-2.581421	-3.609645	-275.5702	1.8	-302.1885	
963.6978	COLLISION_NONE	NOT_SWITCH	NOT_RESET	NOT_WAYPOINT	-269.0295	1.8	-292.9474	0	0.9411835	0	-0.3378958	22.95048	-2.594543	-3.599156	-275.5702	1.8	-302.1885	
963.7178	COLLISION_NONE	NOT_SWITCH	NOT_RESET	NOT_WAYPOINT	-269.3776	1.8	-293.0946	0	0.9404048	0	-0.3400569	22.98136	-2.577637	-3.589814	-275.5702	1.8	-302.1885	
963.7379	COLLISION_NONE	NOT_SWITCH	NOT_RESET	NOT_WAYPOINT	-269.7262	1.8	-293.2401	0	0.9396209	0	-0.342217	22.9815	-2.592316	-3.568758	-275.5702	1.8	-302.1885	
963.7579	COLLISION_NONE	NOT_SWITCH	NOT_RESET	NOT_WAYPOINT	-270.0755	1.8	-293.3841	0	0.9380376	0	-0.3465336	22.97711	-2.611145	-3.541471	-275.5702	1.8	-302.1885	
963.7779	COLLISION_NONE	NOT_SWITCH	NOT_RESET	NOT_WAYPOINT	-270.4031	1.8	-293.542	0	0.9372387	0	-0.3486885	22.96861	-2.631683	-3.537688	-275.5702	1.8	-302.1885	
963.7979	COLLISION_NONE	NOT_SWITCH	NOT_RESET	NOT_WAYPOINT	-270.7137	1.8	-293.7122	0	0.936435	0	-0.3508413	22.96554	-2.644287	-3.519586	-275.5702	1.8	-302.1885	
963.8179	COLLISION_NONE	NOT_SWITCH	NOT_RESET	NOT_WAYPOINT	-271.0102	1.8	-293.8925	0	0.9355953	0	-0.3530744	22.98689	-2.641174	-3.542005	-275.5702	1.8	-302.1885	
963.838	COLLISION_NONE	NOT_SWITCH	NOT_RESET	NOT_WAYPOINT	-271.2979	1.8	-294.0782	0	0.9344642	0	-0.3560574	23.02435	-2.580048	-3.527179	-275.5702	1.8	-302.1885	
963.858	COLLISION_NONE	NOT_SWITCH	NOT_RESET	NOT_WAYPOINT	-271.5628	1.8	-294.2821	0	0.9307159	0	-0.3657431	23.0257	-2.530518	-3.546178	-275.5702	1.8	-302.1885	
963.878	COLLISION_NONE	NOT_SWITCH	NOT_RESET	NOT_WAYPOINT	-271.7082	1.8	-294.5956	0	0.9280859	0	-0.3723663	23.03443	-2.498901	-3.557114	-275.5702	1.8	-302.1885	
963.898	COLLISION_NONE	NOT_SWITCH	NOT_RESET	NOT_WAYPOINT	-271.7793	1.8	-294.9854	0	0.9251052	0	-0.3797109	23.04374	-2.46405	-3.555329	-275.5702	1.8	-302.1885	
963.918	COLLISION_NONE	NOT_SWITCH	NOT_RESET	NOT_WAYPOINT	-271.8146	1.8	-295.4178	0	0.9219115	0	-0.3874006	23.04549	-2.422363	-3.554432	-275.5702	1.8	-302.1885	
963.938	COLLISION_NONE	NOT_SWITCH	NOT_RESET	NOT_WAYPOINT	-271.8437	1.8	-295.8666	0	0.9185748	0	-0.3952472	23.01734	-2.464264	-3.589011	-275.5702	1.8	-302.1885	
963.9581	COLLISION_NONE	NOT_SWITCH	NOT_RESET	NOT_WAYPOINT	-271.8762	1.8	-296.3146	0	0.9115986	0	-0.4110816	22.99576	-2.49295	-3.633879	-275.5702	1.8	-302.1885	
963.9781	COLLISION_NONE	NOT_SWITCH	NOT_RESET	NOT_WAYPOINT	-271.9316	1.8	-296.7407	0	0.9079871	0	-0.4189984	22.98689	-2.509827	-3.643944	-275.5702	1.8	-302.1885	
963.9981	COLLISION_NONE	NOT_SWITCH	NOT_RESET	NOT_WAYPOINT	-272.001	1.8	-297.1504	0	0.9043014	0	-0.4268947	22.99761	-2.510345	-3.652147	-275.5702	1.8	-302.1885	
964.0181	COLLISION_NONE	NOT_SWITCH	NOT_RESET	NOT_WAYPOINT	-272.0739	1.8	-297.5382	0	0.9005443	0	-0.4347642	23.01324	-2.514526	-3.646698	-275.5702	1.8	-302.1885	
964.0381	COLLISION_NONE	NOT_SWITCH	NOT_RESET	NOT_WAYPOINT	-272.1402	1.8	-297.9046	0	0.8967175	0	-0.4426035	23.01324	-2.512421	-3.649703	-275.5702	1.8	-302.1885	
964.0582	COLLISION_NONE	NOT_SWITCH	NOT_RESET	NOT_WAYPOINT	-272.2	1.8	-298.2495	0	0.8888574	0	-0.4581839	23.01034	-2.514038	-3.638809	-275.5702	1.8	-302.1885	
964.0782	COLLISION_NONE	NOT_SWITCH	NOT_RESET	NOT_WAYPOINT	-272.2467	1.8	-298.5517	0	0.8848254	0	-0.4659228	23.02183	-2.498169	-3.644461	-275.5702	1.8	-302.1885	
964.0982	COLLISION_NONE	NOT_SWITCH	NOT_RESET	NOT_WAYPOINT	-272.2867	1.8	-298.8325	0	0.8807259	0	-0.4736263	23.04227	-2.475891	-3.625007	-275.5702	1.8	-302.1885	
964.1182	COLLISION_NONE	NOT_SWITCH	NOT_RESET	NOT_WAYPOINT	-272.3201	1.8	-299.092	0	0.8765593	0	-0.4812939	23.02542	-2.508087	-3.621648	-275.5702	1.8	-302.1885	
964.1382	COLLISION_NONE	NOT_SWITCH	NOT_RESET	NOT_WAYPOINT	-272.3467	1.8	-299.3301	0	0.8680261	0	-0.4965186	23.02152	-2.496613	-3.655325	-275.5702	1.8	-302.1885	
964.1583	COLLISION_NONE	NOT_SWITCH	NOT_RESET	NOT_WAYPOINT	-272.3599	1.8	-299.5257	0	0.8636602	0	-0.5040745	22.99335	-2.529388	-3.659458	-275.5702	1.8	-302.1885	
964.1783	COLLISION_NONE	NOT_SWITCH	NOT_RESET	NOT_WAYPOINT	-272.3662	1.8	-299.7001	0	0.8592284	0	-0.5115921	22.99791	-2.511871	-3.641273	-275.5702	1.8	-302.1885	
964.1983	COLLISION_NONE	NOT_SWITCH	NOT_RESET	NOT_WAYPOINT	-272.3656	1.8	-299.8533	0	0.8547313	0	-0.5190707	22.99606	-2.492401	-3.626031	-275.5702	1.8	-302.1885	
964.2183	COLLISION_NONE	NOT_SWITCH	NOT_RESET	NOT_WAYPOINT	-272.3582	1.8	-299.9854	0	0.8501691	0	-0.5265098	22.99682	-2.473907	-3.626481	-275.5702	1.8	-302.1885	
964.2383	COLLISION_NONE	NOT_SWITCH	NOT_RESET	NOT_WAYPOINT	-272.3439	1.8	-300.0964	0	0.8455421	0	-0.5339088	23.00234	-2.424835	-3.618999	-275.5702	1.8	-302.1885	
964.2584	COLLISION_NONE	NOT_SWITCH	NOT_RESET	NOT_WAYPOINT	-272.3226	1.8	-300.1865	0	0.8360953	0	-0.5485842	22.99729	-2.45813	-3.631833	-275.5702	1.8	-302.1885	
964.2784	COLLISION_NONE	NOT_SWITCH	NOT_RESET	NOT_WAYPOINT	-272.2882	1.8	-300.236	0	0.8312762	0	-0.5558596	22.98616	-2.42807	-3.631145	-275.5702	1.8	-302.1885	
964.2984	COLLISION_NONE	NOT_SWITCH	NOT_RESET	NOT_WAYPOINT	-272.2521	1.8	-300.2774	0	0.8263938	0	-0.5630926	22.97251	-2.473511	-3.652209	-275.5702	1.8	-302.1885	
964.3184	COLLISION_NONE	NOT_SWITCH	NOT_RESET	NOT_WAYPOINT	-272.2122	1.8	-300.3072	0	0.8214485	0	-0.5702827	22.98969	-2.442871	-3.644719	-275.5702	1.8	-302.1885	
964.3384	COLLISION_NONE	NOT_SWITCH	NOT_RESET	NOT_WAYPOINT	-272.1652	1.8	-300.322	0	0.8113706	0	-0.5845321	23.00037	-2.386444	-3.630797	-275.5702	1.8	-302.1885	
964.3585	COLLISION_NONE	NOT_SWITCH	NOT_RESET	NOT_WAYPOINT	-272.0998	1.8	-300.3104	0	0.8062388	0	-0.5915903	23.00037	-2.386444	-3.630797	-275.5702	1.8	-302.1885	
964.3785	COLLISION_NONE	NOT_SWITCH	NOT_RESET	NOT_WAYPOINT	-272.0363	1.8	-300.3003	0	0.8010455	0	-0.5986034	23.00507	-2.336182	-3.607406	-275.5702	1.8	-302.1885	
964.3985	COLLISION_NONE	NOT_SWITCH	NOT_RESET	NOT_WAYPOINT	-271.9731	1.8	-300.2931	0	0.7957913	0	-0.605571	23.01123	-2.305573	-3.599569	-275.5702	1.8	-302.1885	
964.4185	COLLISION_NONE	NOT_SWITCH	NOT_RESET	NOT_WAYPOINT	-271.9081	1.8	-300.2882	0	0.7904765	0	-0.6124924	22.98085	-2.306885	-3.614396	-275.5702	1.8	-302.1885	
964.4385	COLLISION_NONE	NOT_SWITCH	NOT_RESET	NOT_WAYPOINT	-271.8425	1.8	-300.2851	0	0.7796667	0	-0.6261949	22.96922	-2.290558	-3.611384	-275.5702	1.8	-302.1885	
964.4586	COLLISION_NONE	NOT_SWITCH	NOT_RESET	NOT_WAYPOINT	-271.7784	1.8	-300.285	0	0.7741724	0	-0.6329748	22.94759	-2.35968	-3.606998	-275.5702	1.8	-302.1885	
964.4786	COLLISION_NONE	NOT_SWITCH	NOT_RESET	NOT_WAYPOINT	-271.7142	1.8	-300.2851	0	0.7686192	0	-0.6397066	22.94135	-2.329132	-3.598708	-275.5702	1.8	-302.1885	
964.4986	COLLISION_NONE	NOT_SWITCH	NOT_RESET	NOT_WAYPOINT	-271.6501	1.8	-300.2858	0	0.7630076	0	-0.6463896	22.90045	-2.318176	-3.570107	-275.5702	1.8	-302.1885	
964.5186	COLLISION_NONE	NOT_SWITCH	NOT_RESET	NOT_WAYPOINT	-271.5862	1.8	-300.2873	0	0.7573377	0	-0.6530234	22.8926	-2.305664	-3.587896	-275.5702	1.8	-302.1885	
964.5386	COLLISION_NONE	NOT_SWITCH	NOT_RESET	NOT_WAYPOINT	-271.5229	1.8	-300.2898	0	0.7458256	0	-0.6661413	22.91158	-2.23764	-3.573576	-275.5702	1.8	-302.1885	
964.5587	COLLISION_NONE	NOT_SWITCH	NOT_RESET	NOT_WAYPOINT	-271.4592	1.8	-300.2968	0	0.7399841	0	-0.6726243	22.92654	-2.214905	-3.580444	-275.5702	1.8	-302.1885	
964.5787	COLLISION_NONE	NOT_SWITCH	NOT_RESET	NOT_WAYPOINT	-271.3949	1.8	-300.3047	0	0.7340863	0	-0.6790563	22.95047	-2.194794	-3.592569	-275.5702	1.8	-302.1885	
964.5987	COLLISION_NONE	NOT_SWITCH	NOT_RESET	NOT_WAYPOINT	-271.3304	1.8	-300.314	0	0.7281325	0	-0.6854364	22.958	-2.18692	-3.61271	-275.5702	1.8	-302.1885	
964.6187	COLLISION_NONE	NOT_SWITCH	NOT_RESET	NOT_WAYPOINT	-271.2662	1.8	-300.3247	0	0.7221233	0	-0.6917644	22.9494	-2.19281	-3.629981	-275.5702	1.8	-302.1885	
964.6387	COLLISION_NONE	NOT_SWITCH	NOT_RESET	NOT_WAYPOINT	-271.2021	1.8	-300.3367	0	0.7099403	0	-0.7042618	22.97375	-2.2612	-3.653686	-275.5702	1.8	-302.1885	
964.6588	COLLISION_NONE	NOT_SWITCH	NOT_RESET	NOT_WAYPOINT	-271.1385	1.8	-300.3505	0	0.7037675	0	-0.7104303	22.95255	-2.308289	-3.66368	-275.5702	1.8	-302.1885	
964.6788	COLLISION_NONE	NOT_SWITCH	NOT_RESET	NOT_WAYPOINT	-271.0752	1.8	-300.3643	0	0.6975411	0	-0.7165447	22.95048	-2.358826	-3.660341	-275.5702	1.8	-302.1885	
964.6988	COLLISION_NONE	NOT_SWITCH	NOT_RESET	NOT_WAYPOINT	-271.0124	1.8	-300.3791	0	0.6912616	0	-0.7226046	22.92316	-2.392029	-3.637917	-275.5702	1.8	-302.1885	
964.7188	COLLISION_NONE	NOT_SWITCH	NOT_RESET	NOT_WAYPOINT	-270.95	1.8	-300.3953	0	0.6849295	0	-0.7286094	22.91079	-2.400421	-3.625399	-275.5702	1.8	-302.1885	
964.7388	COLLISION_NONE	NOT_SWITCH	NOT_RESET	NOT_WAYPOINT	-270.8874	1.8	-300.4127	0	0.6721092	0	-0.7404521	22.87251	-2.437836	-3.596626	-275.5702	1.8	-302.1885	
964.7589	COLLISION_NONE	NOT_SWITCH	NOT_RESET	NOT_WAYPOINT	-270.8263	1.8	-300.4323	0	0.665622	0	-0.7462891	22.89197	-2.444977	-3.569469	-275.5702	1.8	-302.1885	
964.7789	COLLISION_NONE	NOT_SWITCH	NOT_RESET	NOT_WAYPOINT	-270.765	1.8	-300.453	0	0.6590841	0	-0.7520692	22.90645	-2.442261	-3.565027	-275.5702	1.8	-302.1885	
964.7989	COLLISION_NONE	NOT_SWITCH	NOT_RESET	NOT_WAYPOINT	-270.7045	1.8	-300.4742	0	0.6524961	0	-0.7577921	22.90054	-2.421631	-3.533863	-275.5702	1.8	-302.1885	
964.8189	COLLISION_NONE	NOT_SWITCH	NOT_RESET	NOT_WAYPOINT	-270.6438	1.8	-300.4963	0	0.6458583	0	-0.7634573	22.89388	-2.417328	-3.505205	-275.5702	1.8	-302.1885	
964.8389	COLLISION_NONE	NOT_SWITCH	NOT_RESET	NOT_WAYPOINT	-270.5841	1.8	-300.5191	0	0.6324358	0	-0.7746128	22.90588	-2.394104	-3.504179	-275.5702	1.8	-302.1885	
964.8589	COLLISION_NONE	NOT_SWITCH	NOT_RESET	NOT_WAYPOINT	-270.5259	1.8	-300.5446	0	0.625652	0	-0.7801023	22.90437	-2.426727	-3.509169	-275.5702	1.8	-302.1885	
964.879	COLLISION_NONE	NOT_SWITCH	NOT_RESET	NOT_WAYPOINT	-270.4674	1.8	-300.5711	0	0.6188207	0	-0.7855324	22.91789	-2.372986	-3.500165	-275.5702	1.8	-302.1885	
964.899	COLLISION_NONE	NOT_SWITCH	NOT_RESET	NOT_WAYPOINT	-270.4095	1.8	-300.5986	0	0.6119421	0	-0.7909026	22.89636	-2.359406	-3.501852	-275.5702	1.8	-302.1885	
964.919	COLLISION_NONE	NOT_SWITCH	NOT_RESET	NOT_WAYPOINT	-270.3516	1.8	-300.6272	0	0.5980457	0	-0.801462	22.89429	-2.3078	-3.489325	-275.5702	1.8	-302.1885	
964.939	COLLISION_NONE	NOT_SWITCH	NOT_RESET	NOT_WAYPOINT	-270.2962	1.8	-300.658	0	0.5910289	0	-0.8066503	22.91162	-2.259918	-3.498059	-275.5702	1.8	-302.1885	
964.959	COLLISION_NONE	NOT_SWITCH	NOT_RESET	NOT_WAYPOINT	-270.2405	1.8	-300.6903	0	0.5839672	0	-0.8117773	22.92093	-2.225128	-3.496318	-275.5702	1.8	-302.1885	
964.9791	COLLISION_NONE	NOT_SWITCH	NOT_RESET	NOT_WAYPOINT	-270.1855	1.8	-300.7234	0	0.576861	0	-0.8168424	22.96428	-2.160614	-3.503142	-275.5702	1.8	-302.1885	
964.9991	COLLISION_NONE	NOT_SWITCH	NOT_RESET	NOT_WAYPOINT	-270.1308	1.8	-300.758	0	0.5697108	0	-0.8218453	22.96583	-2.134247	-3.489117	-275.5702	1.8	-302.1885	
965.0191	COLLISION_NONE	NOT_SWITCH	NOT_RESET	NOT_WAYPOINT	-270.0767	1.8	-300.7936	0	0.5552809	0	-0.831663	23.011	-2.126007	-3.51028	-275.5702	1.8	-302.1885	
965.0391	COLLISION_NONE	NOT_SWITCH	NOT_RESET	NOT_WAYPOINT	-270.0243	1.8	-300.8311	0	0.5480022	0	-0.836477	23.05004	-2.121552	-3.517526	-275.5702	1.8	-302.1885	
965.0591	COLLISION_NONE	NOT_SWITCH	NOT_RESET	NOT_WAYPOINT	-269.9716	1.8	-300.869	0	0.5406818	0	-0.8412273	23.03288	-2.150177	-3.528106	-275.5702	1.8	-302.1885	
965.0792	COLLISION_NONE	NOT_SWITCH	NOT_RESET	NOT_WAYPOINT	-269.9195	1.8	-300.9073	0	0.5333202	0	-0.8459135	23.0608	-2.130402	-3.513649	-275.5702	1.8	-302.1885	
965.0992	COLLISION_NONE	NOT_SWITCH	NOT_RESET	NOT_WAYPOINT	-269.8682	1.8	-300.9463	0	0.525918	0	-0.8505353	23.03866	-2.110992	-3.497668	-275.5702	1.8	-302.1885	
965.1192	COLLISION_NONE	NOT_SWITCH	NOT_RESET	NOT_WAYPOINT	-269.8175	1.8	-300.9863	0	0.510994	0	-0.8595843	23.05992	-2.098206	-3.481994	-275.5702	1.8	-302.1885	
965.1392	COLLISION_NONE	NOT_SWITCH	NOT_RESET	NOT_WAYPOINT	-269.9749	1.8	-300.9164	0	0.5034733	0	-0.8640108	23.07258	-2.045197	-3.453953	-275.5702	1.8	-302.1885	
965.1592	COLLISION_NONE	NOT_SWITCH	NOT_RESET	NOT_WAYPOINT	-270.2334	1.8	-300.7866	0	0.4963912	0	-0.8680989	23.08896	-2.041321	-3.433857	-275.5702	1.8	-302.1885	
965.1793	COLLISION_NONE	NOT_SWITCH	NOT_RESET	NOT_WAYPOINT	-270.5445	1.8	-300.6866	0	0.4899575	0	-0.8717464	23.0892	-2.045013	-3.420016	-275.5702	1.8	-302.1885	
965.1993	COLLISION_NONE	NOT_SWITCH	NOT_RESET	NOT_WAYPOINT	-270.8781	1.8	-300.6016	0	0.4848	0	-0.8746251	23.10545	-2.000458	-3.414543	-275.5702	1.8	-302.1885	
965.2193	COLLISION_NONE	NOT_SWITCH	NOT_RESET	NOT_WAYPOINT	-271.2217	1.8	-300.5231	0	0.4781131	0	-0.8782983	23.11943	-1.944458	-3.442912	-275.5702	1.8	-302.1885	
965.2393	COLLISION_NONE	NOT_SWITCH	NOT_RESET	NOT_WAYPOINT	-271.5652	1.8	-300.4389	0	0.4756435	0	-0.8796382	23.10216	-1.903534	-3.449389	-275.5702	1.8	-302.1885	
965.2593	COLLISION_NONE	NOT_SWITCH	NOT_RESET	NOT_WAYPOINT	-271.9064	1.8	-300.3534	0	0.4733923	0	-0.8808517	23.0944	-1.884644	-3.476169	-275.5702	1.8	-302.1885	
965.2794	COLLISION_NONE	NOT_SWITCH	NOT_RESET	NOT_WAYPOINT	-272.2465	1.8	-300.2649	0	0.4712506	0	-0.8819994	23.0508	-1.83728	-3.483142	-275.5702	1.8	-302.1885	
965.2994	COLLISION_NONE	NOT_SWITCH	NOT_RESET	NOT_WAYPOINT	-272.5861	1.8	-300.1733	0	0.4691627	0	-0.8831118	23.04825	-1.795074	-3.474195	-275.5702	1.8	-302.1885	
965.3194	COLLISION_NONE	NOT_SWITCH	NOT_RESET	NOT_WAYPOINT	-272.9256	1.8	-300.0792	0	0.4650479	0	-0.8852856	23.07059	-1.789063	-3.526094	-275.5702	1.8	-302.1885	
965.3394	COLLISION_NONE	NOT_SWITCH	NOT_RESET	NOT_WAYPOINT	-273.2639	1.8	-299.9809	0	0.4630001	0	-0.8863583	23.07776	-1.822815	-3.547251	-275.5702	1.8	-302.1885	
965.3594	COLLISION_NONE	NOT_SWITCH	NOT_RESET	NOT_WAYPOINT	-273.6025	1.8	-299.8813	0	0.4609516	0	-0.8874254	23.11404	-1.862854	-3.533358	-275.5702	1.8	-302.1885	
965.3795	COLLISION_NONE	NOT_SWITCH	NOT_RESET	NOT_WAYPOINT	-273.9405	1.8	-299.7804	0	0.4589011	0	-0.8884874	23.12292	-1.917603	-3.524367	-275.5702	1.8	-302.1885	
965.3995	COLLISION_NONE	NOT_SWITCH	NOT_RESET	NOT_WAYPOINT	-274.278	1.8	-299.678	0	0.4547918	0	-0.8905978	23.12958	-1.976624	-3.474975	-275.5702	1.8	-302.1885	
965.4195	COLLISION_NONE	NOT_SWITCH	NOT_RESET	NOT_WAYPOINT	-274.6011	1.8	-299.5618	0	0.4527334	0	-0.8916459	23.13913	-2.010193	-3.427051	-275.5702	1.8	-302.1885	
965.4395	COLLISION_NONE	NOT_SWITCH	NOT_RESET	NOT_WAYPOINT	-274.919	1.8	-299.4414	0	0.4506744	0	-0.8926884	23.09561	-2.044891	-3.42009	-275.5702	1.8	-302.1885	
965.4595	COLLISION_NONE	NOT_SWITCH	NOT_RESET	NOT_WAYPOINT	-275.2335	1.8	-299.3198	0	0.4486144	0	-0.8937254	23.07643	-1.985321	-3.357982	-275.5702	1.8	-302.1885	
965.4796	COLLISION_NONE	NOT_SWITCH	NOT_RESET	NOT_WAYPOINT	-275.5455	1.8	-299.1987	0	0.4465542	0	-0.8947566	23.03757	-2.030426	-3.336145	-275.5702	1.8	-302.1885	
965.4996	COLLISION_NONE	NOT_SWITCH	NOT_RESET	NOT_WAYPOINT	-275.8541	1.8	-299.076	0	0.4416489	0	-0.8971879	23.00639	-1.942535	-3.297015	-275.5702	1.8	-302.1885	
965.5196	COLLISION_NONE	NOT_SWITCH	NOT_RESET	NOT_WAYPOINT	-276.1469	1.8	-298.9355	0	0.4378811	0	-0.899033	23.01179	-1.908142	-3.26845	-275.5702	1.8	-302.1885	
965.5396	COLLISION_NONE	NOT_SWITCH	NOT_RESET	NOT_WAYPOINT	-276.4199	1.8	-298.7679	0	0.4329014	0	-0.9014413	23.00498	-1.876648	-3.278902	-275.5702	1.8	-302.1885	
965.5596	COLLISION_NONE	NOT_SWITCH	NOT_RESET	NOT_WAYPOINT	-276.6649	1.8	-298.5614	0	0.4269989	0	-0.9042521	23.02503	-1.84848	-3.276153	-275.5702	1.8	-302.1885	
965.5797	COLLISION_NONE	NOT_SWITCH	NOT_RESET	NOT_WAYPOINT	-276.8806	1.8	-298.3141	0	0.4202003	0	-0.9074314	23.01531	-1.79007	-3.264514	-275.5702	1.8	-302.1885	
965.5997	COLLISION_NONE	NOT_SWITCH	NOT_RESET	NOT_WAYPOINT	-277.0692	1.8	-298.0303	0	0.405137	0	-0.914256	22.98108	-1.715729	-3.249884	-275.5702	1.8	-302.1885	
965.6197	COLLISION_NONE	NOT_SWITCH	NOT_RESET	NOT_WAYPOINT	-277.2164	1.8	-297.6963	0	0.3972833	0	-0.917696	22.97167	-1.662262	-3.274675	-275.5702	1.8	-302.1885	
965.6397	COLLISION_NONE	NOT_SWITCH	NOT_RESET	NOT_WAYPOINT	-277.3567	1.8	-297.3572	0	0.3893302	0	-0.9210983	22.9268	-1.636719	-3.294024	-275.5702	1.8	-302.1885	
965.6597	COLLISION_NONE	NOT_SWITCH	NOT_RESET	NOT_WAYPOINT	-277.491	1.8	-297.0148	0	0.3813127	0	-0.9244462	22.92084	-1.584869	-3.308082	-275.5702	1.8	-302.1885	
965.6797	COLLISION_NONE	NOT_SWITCH	NOT_RESET	NOT_WAYPOINT	-277.6197	1.8	-296.6701	0	0.3732487	0	-0.9277314	22.8942	-1.560822	-3.35145	-275.5702	1.8	-302.1885	
965.6998	COLLISION_NONE	NOT_SWITCH	NOT_RESET	NOT_WAYPOINT	-277.7429	1.8	-296.3233	0	0.3577046	0	-0.9338348	22.90782	-1.518707	-3.377575	-275.5702	1.8	-302.1885	
965.7198	COLLISION_NONE	NOT_SWITCH	NOT_RESET	NOT_WAYPOINT	-277.8567	1.8	-295.9751	0	0.3505829	0	-0.9365317	22.91514	-1.509796	-3.416348	-275.5702	1.8	-302.1885	
965.7398	COLLISION_NONE	NOT_SWITCH	NOT_RESET	NOT_WAYPOINT	-277.9723	1.8	-295.6313	0	0.3441093	0	-0.9389296	22.93921	-1.48941	-3.428253	-275.5702	1.8	-302.1885	
965.7598	COLLISION_NONE	NOT_SWITCH	NOT_RESET	NOT_WAYPOINT	-278.0923	1.8	-295.2942	0	0.3381133	0	-0.9411054	22.95869	-1.46701	-3.44301	-275.5702	1.8	-302.1885	
965.7798	COLLISION_NONE	NOT_SWITCH	NOT_RESET	NOT_WAYPOINT	-278.215	1.8	-294.9619	0	0.3325902	0	-0.9430715	22.96457	-1.443207	-3.43397	-275.5702	1.8	-302.1885	
965.7999	COLLISION_NONE	NOT_SWITCH	NOT_RESET	NOT_WAYPOINT	-278.3406	1.8	-294.6344	0	0.3226404	0	-0.9465216	22.96589	-1.401215	-3.459696	-275.5702	1.8	-302.1885	
965.8199	COLLISION_NONE	NOT_SWITCH	NOT_RESET	NOT_WAYPOINT	-278.4679	1.8	-294.3135	0	0.3181348	0	-0.9480455	22.99092	-1.347961	-3.431954	-275.5702	1.8	-302.1885	
965.8399	COLLISION_NONE	NOT_SWITCH	NOT_RESET	NOT_WAYPOINT	-278.5969	1.8	-293.9951	0	0.3140237	0	-0.9494151	22.96785	-1.355469	-3.464874	-275.5702	1.8	-302.1885	
965.8599	COLLISION_NONE	NOT_SWITCH	NOT_RESET	NOT_WAYPOINT	-278.7284	1.8	-293.6764	0	0.3102685	0	-0.950649	22.99938	-1.317902	-3.46636	-275.5702	1.8	-302.1885	
965.8799	COLLISION_NONE	NOT_SWITCH	NOT_RESET	NOT_WAYPOINT	-278.8582	1.8	-293.357	0	0.3070514	0	-0.951693	22.98221	-1.291412	-3.444115	-275.5702	1.8	-302.1885	
965.9	COLLISION_NONE	NOT_SWITCH	NOT_RESET	NOT_WAYPOINT	-278.993	1.8	-293.0438	0	0.3019021	0	-0.9533389	23.00136	-1.206909	-3.461449	-275.5702	1.8	-302.1885	
965.92	COLLISION_NONE	NOT_SWITCH	NOT_RESET	NOT_WAYPOINT	-279.1314	1.8	-292.7386	0	0.299582	0	-0.9540706	23.03127	-1.20401	-3.464891	-275.5702	1.8	-302.1885	
965.94	COLLISION_NONE	NOT_SWITCH	NOT_RESET	NOT_WAYPOINT	-279.271	1.8	-292.4368	0	0.297324	0	-0.9547766	23.03676	-1.18338	-3.46853	-275.5702	1.8	-302.1885	
965.96	COLLISION_NONE	NOT_SWITCH	NOT_RESET	NOT_WAYPOINT	-279.414	1.8	-292.1394	0	0.2950962	0	-0.9554676	23.047	-1.134125	-3.461069	-275.5702	1.8	-302.1885	
965.98	COLLISION_NONE	NOT_SWITCH	NOT_RESET	NOT_WAYPOINT	-279.5629	1.8	-291.8473	0	0.2928813	0	-0.9561489	23.06874	-1.069336	-3.46696	-275.5702	1.8	-302.1885	
966.0001	COLLISION_NONE	NOT_SWITCH	NOT_RESET	NOT_WAYPOINT	-279.7197	1.8	-291.5609	0	0.288463	0	-0.957491	23.09669	-0.9564819	-3.515432	-275.5702	1.8	-302.1885	
966.0201	COLLISION_NONE	NOT_SWITCH	NOT_RESET	NOT_WAYPOINT	-279.895	1.8	-291.2853	0	0.2862541	0	-0.9581538	23.1345	-0.8899231	-3.505722	-275.5702	1.8	-302.1885	
966.0401	COLLISION_NONE	NOT_SWITCH	NOT_RESET	NOT_WAYPOINT	-280.08	1.8	-291.0128	0	0.2840437	0	-0.9588113	23.13841	-0.877655	-3.497163	-275.5702	1.8	-302.1885	
966.0601	COLLISION_NONE	NOT_SWITCH	NOT_RESET	NOT_WAYPOINT	-280.2813	1.8	-290.7514	0	0.2818304	0	-0.9594643	23.17466	-0.8358765	-3.512345	-275.5702	1.8	-302.1885	
966.0801	COLLISION_NONE	NOT_SWITCH	NOT_RESET	NOT_WAYPOINT	-280.5059	1.8	-290.5046	0	0.2796158	0	-0.960112	23.1732	-0.8048096	-3.496392	-275.5702	1.8	-302.1885	
966.1002	COLLISION_NONE	NOT_SWITCH	NOT_RESET	NOT_WAYPOINT	-280.7619	1.8	-290.2768	0	0.2751794	0	-0.9613929	23.18351	-0.911499	-3.507791	-275.5702	1.8	-302.1885	
966.1202	COLLISION_NONE	NOT_SWITCH	NOT_RESET	NOT_WAYPOINT	-281.0906	1.8	-290.0902	0	0.2729572	0	-0.9620262	23.21034	-0.9100952	-3.500279	-275.5702	1.8	-302.1885	
966.1402	COLLISION_NONE	NOT_SWITCH	NOT_RESET	NOT_WAYPOINT	-281.446	1.8	-289.9181	0	0.2707324	0	-0.9626547	23.21746	-0.9035034	-3.474856	-275.5702	1.8	-302.1885	
966.1602	COLLISION_NONE	NOT_SWITCH	NOT_RESET	NOT_WAYPOINT	-281.824	1.8	-289.758	0	0.2685057	0	-0.9632782	23.21654	-0.9299011	-3.454559	-275.5702	1.8	-302.1885	
966.1802	COLLISION_NONE	NOT_SWITCH	NOT_RESET	NOT_WAYPOINT	-282.2383	1.8	-289.6181	0	0.2662782	0	-0.9638963	23.19247	-0.9559326	-3.418193	-275.5702	1.8	-302.1885	
966.2003	COLLISION_NONE	NOT_SWITCH	NOT_RESET	NOT_WAYPOINT	-282.6658	1.8	-289.4839	0	0.261822	0	-0.9651162	23.17201	-0.9786072	-3.369084	-275.5702	1.8	-302.1885	
