#Walking Trial Path#
#TimeStamp#	#Collision Event#	#Mode Switch Event#	#Reset Event#	#Waypoint Event#	#PositionX#	#PositionY#	#PositionZ#	#OrientationX#	#OrientationY#	#OrientationZ#	#OrientationW#	#HeadOrientationX#	#HeadOrientationY#	#HeadOrientationZ#	#WayPointX#	#WayPointY#	#WayPointZ#	
698.7794	COLLISION_NONE	CORRECT_SWITCH	NOT_RESET	TRIGGER_WAYPOINT	-298.0151	1.8	-293.7122	0	0	0	1	10.9236	0.6748657	-3.687864	-308.2646	1.8	-305.7295	
698.7994	COLLISION_NONE	NOT_SWITCH	NOT_RESET	NOT_WAYPOINT	-298.2978	1.8	-293.9328	0	0	0	1	10.85198	0.7625122	-3.720183	-308.2646	1.8	-305.7295	
698.8194	COLLISION_NONE	NOT_SWITCH	NOT_RESET	NOT_WAYPOINT	-298.627	1.8	-294.3435	0	0	0	1	10.84065	0.8026123	-3.772531	-308.2646	1.8	-305.7295	
698.8394	COLLISION_NONE	NOT_SWITCH	NOT_RESET	NOT_WAYPOINT	-298.8961	1.8	-294.8328	0	0	0	1	10.84615	0.8325806	-3.783717	-308.2646	1.8	-305.7295	
698.8594	COLLISION_NONE	NOT_SWITCH	NOT_RESET	NOT_WAYPOINT	-299.2162	1.8	-295.235	0	0	0	1	10.79938	0.8220215	-3.815576	-308.2646	1.8	-305.7295	
698.8795	COLLISION_NONE	NOT_SWITCH	NOT_RESET	NOT_WAYPOINT	-299.4814	1.8	-295.5509	0	0	0	1	10.79934	0.8234253	-3.829463	-308.2646	1.8	-305.7295	
698.8995	COLLISION_NONE	NOT_SWITCH	NOT_RESET	NOT_WAYPOINT	-299.7976	1.8	-295.95	0	0	0	1	10.80798	0.894043	-3.854551	-308.2646	1.8	-305.7295	
698.9195	COLLISION_NONE	NOT_SWITCH	NOT_RESET	NOT_WAYPOINT	-299.9986	1.8	-296.1797	0	0	0	1	10.79036	0.896759	-3.857383	-308.2646	1.8	-305.7295	
698.9395	COLLISION_NONE	NOT_SWITCH	NOT_RESET	NOT_WAYPOINT	-300.2541	1.8	-296.4906	0	0	0	1	10.78412	0.9068909	-3.856351	-308.2646	1.8	-305.7295	
698.9595	COLLISION_NONE	NOT_SWITCH	NOT_RESET	NOT_WAYPOINT	-300.5634	1.8	-296.8828	0	0	0	1	10.73189	0.8646851	-3.824354	-308.2646	1.8	-305.7295	
698.9796	COLLISION_NONE	NOT_SWITCH	NOT_RESET	NOT_WAYPOINT	-300.8145	1.8	-297.1908	0	0	0	1	10.70632	0.8499756	-3.800729	-308.2646	1.8	-305.7295	
698.9996	COLLISION_NONE	NOT_SWITCH	NOT_RESET	NOT_WAYPOINT	-301.1201	1.8	-297.5797	0	0	0	1	10.7023	0.8430176	-3.804857	-308.2646	1.8	-305.7295	
699.0196	COLLISION_NONE	NOT_SWITCH	NOT_RESET	NOT_WAYPOINT	-301.3087	1.8	-297.8006	0	0	0	1	10.65991	0.7895813	-3.759952	-308.2646	1.8	-305.7295	
699.0396	COLLISION_NONE	NOT_SWITCH	NOT_RESET	NOT_WAYPOINT	-301.5527	1.8	-298.1019	0	0	0	1	10.64617	0.7914429	-3.752625	-308.2646	1.8	-305.7295	
699.0596	COLLISION_NONE	NOT_SWITCH	NOT_RESET	NOT_WAYPOINT	-301.8515	1.8	-298.484	0	0	0	1	10.64621	0.7904358	-3.742201	-308.2646	1.8	-305.7295	
699.0797	COLLISION_NONE	NOT_SWITCH	NOT_RESET	NOT_WAYPOINT	-302.0919	1.8	-298.7819	0	0	0	1	10.6735	0.7813416	-3.739846	-308.2646	1.8	-305.7295	
699.0997	COLLISION_NONE	NOT_SWITCH	NOT_RESET	NOT_WAYPOINT	-302.3866	1.8	-299.1609	0	0	0	1	10.721	0.8031921	-3.713955	-308.2646	1.8	-305.7295	
699.1197	COLLISION_NONE	NOT_SWITCH	NOT_RESET	NOT_WAYPOINT	-302.5655	1.8	-299.3711	0	0	0	1	10.74031	0.7784424	-3.702497	-308.2646	1.8	-305.7295	
699.1397	COLLISION_NONE	NOT_SWITCH	NOT_RESET	NOT_WAYPOINT	-302.7992	1.8	-299.662	0	0	0	1	10.79453	0.7971497	-3.712261	-308.2646	1.8	-305.7295	
699.1597	COLLISION_NONE	NOT_SWITCH	NOT_RESET	NOT_WAYPOINT	-303.086	1.8	-300.0348	0	0	0	1	10.81938	0.7994995	-3.71954	-308.2646	1.8	-305.7295	
699.1797	COLLISION_NONE	NOT_SWITCH	NOT_RESET	NOT_WAYPOINT	-303.3162	1.8	-300.3223	0	0	0	1	10.86426	0.7883606	-3.72132	-308.2646	1.8	-305.7295	
699.1998	COLLISION_NONE	NOT_SWITCH	NOT_RESET	NOT_WAYPOINT	-303.5945	1.8	-300.6947	0	0	0	1	10.97362	0.7413025	-3.749046	-308.2646	1.8	-305.7295	
699.2198	COLLISION_NONE	NOT_SWITCH	NOT_RESET	NOT_WAYPOINT	-303.7691	1.8	-300.8907	0	0	0	1	10.96057	0.7062378	-3.727543	-308.2646	1.8	-305.7295	
699.2398	COLLISION_NONE	NOT_SWITCH	NOT_RESET	NOT_WAYPOINT	-303.9923	1.8	-301.1713	0	0	0	1	11.00453	0.677002	-3.727866	-308.2646	1.8	-305.7295	
699.2598	COLLISION_NONE	NOT_SWITCH	NOT_RESET	NOT_WAYPOINT	-304.1526	1.8	-301.3712	0	0	0	1	11.04844	0.6506042	-3.72068	-308.2646	1.8	-305.7295	
699.2798	COLLISION_NONE	NOT_SWITCH	NOT_RESET	NOT_WAYPOINT	-304.3728	1.8	-301.648	0	0	0	1	11.07984	0.6448975	-3.714827	-308.2646	1.8	-305.7295	
699.2999	COLLISION_NONE	NOT_SWITCH	NOT_RESET	NOT_WAYPOINT	-304.5298	1.8	-301.8444	0	0	0	1	11.11806	0.5859375	-3.672004	-308.2646	1.8	-305.7295	
699.3199	COLLISION_NONE	NOT_SWITCH	NOT_RESET	NOT_WAYPOINT	-304.8073	1.8	-302.1942	0	0	0	1	11.13526	0.5262756	-3.636037	-308.2646	1.8	-305.7295	
699.3399	COLLISION_NONE	NOT_SWITCH	NOT_RESET	NOT_WAYPOINT	-305.0215	1.8	-302.4636	0	0	0	1	11.13406	0.5057373	-3.645303	-308.2646	1.8	-305.7295	
699.3599	COLLISION_NONE	NOT_SWITCH	NOT_RESET	NOT_WAYPOINT	-305.1724	1.8	-302.6525	0	0	0	1	11.16824	0.4390869	-3.635064	-308.2646	1.8	-305.7295	
699.3799	COLLISION_NONE	NOT_SWITCH	NOT_RESET	NOT_WAYPOINT	-305.3836	1.8	-302.9182	0	0	0	1	11.26819	0.4048157	-3.623001	-308.2646	1.8	-305.7295	
699.4	COLLISION_NONE	NOT_SWITCH	NOT_RESET	NOT_WAYPOINT	-305.468	1.8	-303.023	0	0	0	1	11.44902	0.4237976	-3.628229	-308.2646	1.8	-305.7295	
699.42	COLLISION_NONE	NOT_SWITCH	NOT_RESET	NOT_WAYPOINT	-305.6128	1.8	-303.2045	0	0	0	1	11.5981	0.3886719	-3.613751	-308.2646	1.8	-305.7295	
699.44	COLLISION_NONE	NOT_SWITCH	NOT_RESET	NOT_WAYPOINT	-305.8181	1.8	-303.4626	0	0	0	1	11.79346	0.4119873	-3.650745	-308.2646	1.8	-305.7295	
699.46	COLLISION_NONE	NOT_SWITCH	NOT_RESET	NOT_WAYPOINT	-305.9598	1.8	-303.6403	0	0	0	1	11.79346	0.4119873	-3.650745	-308.2646	1.8	-305.7295	
699.48	COLLISION_NONE	NOT_SWITCH	NOT_RESET	NOT_WAYPOINT	-306.1621	1.8	-303.8947	0	0	0	1	12.29021	0.3152161	-3.724735	-308.2646	1.8	-305.7295	
699.5001	COLLISION_NONE	NOT_SWITCH	NOT_RESET	NOT_WAYPOINT	-306.2374	1.8	-303.9883	0	0	0	1	12.41683	0.2612	-3.747746	-308.2646	1.8	-305.7295	
699.5201	COLLISION_NONE	NOT_SWITCH	NOT_RESET	NOT_WAYPOINT	-306.3731	1.8	-304.1586	0	0	0	1	12.50406	0.1454773	-3.755805	-308.2646	1.8	-305.7295	
699.5401	COLLISION_NONE	NOT_SWITCH	NOT_RESET	NOT_WAYPOINT	-306.5694	1.8	-304.4055	0	0	0	1	12.5733	0.07614136	-3.740525	-308.2646	1.8	-305.7295	
699.5601	COLLISION_NONE	NOT_SWITCH	NOT_RESET	NOT_WAYPOINT	-306.7021	1.8	-304.572	0	0	0	1	12.58196	-0.05938721	-3.713866	-308.2646	1.8	-305.7295	
699.5801	COLLISION_NONE	NOT_SWITCH	NOT_RESET	NOT_WAYPOINT	-306.8954	1.8	-304.8152	0	0	0	1	12.56927	-0.250824	-3.650431	-308.2646	1.8	-305.7295	
699.6002	COLLISION_NONE	NOT_SWITCH	NOT_RESET	NOT_WAYPOINT	-306.9616	1.8	-304.8976	0	0	0	1	12.56927	-0.250824	-3.650431	-308.2646	1.8	-305.7295	
699.6202	COLLISION_NONE	NOT_SWITCH	NOT_RESET	NOT_WAYPOINT	-307.0884	1.8	-305.0566	0	0	0	1	12.48621	-0.4464722	-3.61756	-308.2646	1.8	-305.7295	
699.6402	COLLISION_NONE	NOT_SWITCH	NOT_RESET	NOT_WAYPOINT	-307.2757	1.8	-305.2923	0	0	0	1	12.43453	-0.4786987	-3.612538	-308.2646	1.8	-305.7295	
699.6602	COLLISION_NONE	NOT_SWITCH	NOT_RESET	NOT_WAYPOINT	-307.3994	1.8	-305.4476	0	0	0	1	12.31611	-0.5098267	-3.619751	-308.2646	1.8	-305.7295	
699.6802	COLLISION_NONE	NOT_SWITCH	NOT_RESET	NOT_WAYPOINT	-307.5837	1.8	-305.6794	0	0	0	1	12.04055	-0.5728149	-3.615186	-308.2646	1.8	-305.7295	
699.7003	COLLISION_NONE	NOT_SWITCH	NOT_RESET	NOT_WAYPOINT	-307.6409	1.8	-305.7507	0	0	0	1	11.90307	-0.570343	-3.610726	-308.2646	1.8	-305.7295	
699.7203	COLLISION_NONE	NOT_SWITCH	NOT_RESET	NOT_WAYPOINT	-307.7587	1.8	-305.8985	0	0	0	1	11.74083	-0.6312256	-3.598527	-308.2646	1.8	-305.7295	
699.7403	COLLISION_NONE	NOT_SWITCH	NOT_RESET	NOT_WAYPOINT	-307.937	1.8	-306.1228	0	0	0	1	11.59901	-0.6311035	-3.640018	-308.2646	1.8	-305.7295	
699.7603	COLLISION_NONE	NOT_SWITCH	NOT_RESET	NOT_WAYPOINT	-308.0517	1.8	-306.2669	0	0	0	1	11.42498	-0.6495361	-3.661592	-308.2646	1.8	-305.7295	
699.7803	COLLISION_NONE	NOT_SWITCH	NOT_RESET	NOT_WAYPOINT	-308.227	1.8	-306.4875	0	0	0	1	11.12277	-0.6759949	-3.711602	-308.2646	1.8	-305.7295	
699.8004	COLLISION_NONE	NOT_SWITCH	NOT_RESET	NOT_WAYPOINT	-308.2752	1.8	-306.5475	0	0	0	1	11.02411	-0.6666565	-3.753552	-308.2646	1.8	-305.7295	
699.8204	COLLISION_NONE	NOT_SWITCH	NOT_RESET	NOT_WAYPOINT	-308.384	1.8	-306.684	0	0	0	1	10.93964	-0.6629639	-3.768322	-308.2646	1.8	-305.7295	
699.8404	COLLISION_NONE	NOT_SWITCH	NOT_RESET	NOT_WAYPOINT	-308.5533	1.8	-306.8971	0	0	0	1	10.84437	-0.6602783	-3.779201	-308.2646	1.8	-305.7295	
699.8604	COLLISION_NONE	NOT_SWITCH	NOT_RESET	NOT_WAYPOINT	-308.6591	1.8	-307.0299	0	0	0	1	10.78532	-0.6505127	-3.769423	-308.2646	1.8	-305.7295	
699.8804	COLLISION_NONE	NOT_SWITCH	NOT_RESET	NOT_WAYPOINT	-308.8254	1.8	-307.2393	0	0	0	1	10.71079	-0.7116089	-3.773317	-308.2646	1.8	-305.7295	
699.9005	COLLISION_NONE	NOT_SWITCH	NOT_RESET	NOT_WAYPOINT	-308.8646	1.8	-307.2881	0	0	0	1	10.70683	-0.7192383	-3.770441	-308.2646	1.8	-305.7295	
699.9205	COLLISION_NONE	NOT_SWITCH	NOT_RESET	NOT_WAYPOINT	-308.9644	1.8	-307.4134	0	0	0	1	10.67807	-0.7788391	-3.761174	-308.2646	1.8	-305.7295	
699.9405	COLLISION_NONE	NOT_SWITCH	NOT_RESET	NOT_WAYPOINT	-309.1248	1.8	-307.6152	0	0	0	1	10.71443	-0.8104858	-3.779565	-308.2646	1.8	-305.7295	
699.9605	COLLISION_NONE	NOT_SWITCH	NOT_RESET	NOT_WAYPOINT	-309.2216	1.8	-307.7368	0	0	0	1	10.80217	-0.8658447	-3.780706	-308.2646	1.8	-305.7295	
699.9805	COLLISION_NONE	NOT_SWITCH	NOT_RESET	NOT_WAYPOINT	-309.4395	1.8	-308.0114	0	0	0	1	10.85005	-0.8826904	-3.798022	-308.2646	1.8	-305.7295	
700.0005	COLLISION_NONE	NOT_SWITCH	NOT_RESET	NOT_WAYPOINT	-309.5938	1.8	-308.2057	0	0	0	1	10.93226	-0.9286499	-3.755892	-308.2646	1.8	-305.7295	
700.0206	COLLISION_NONE	NOT_SWITCH	NOT_RESET	NOT_WAYPOINT	-309.6847	1.8	-308.3197	0	0	0	1	10.98491	-0.9343262	-3.740465	-308.2646	1.8	-305.7295	
700.0406	COLLISION_NONE	NOT_SWITCH	NOT_RESET	NOT_WAYPOINT	-309.836	1.8	-308.5103	0	0	0	1	11.15195	-0.9710999	-3.707166	-308.2646	1.8	-305.7295	
700.0606	COLLISION_NONE	NOT_SWITCH	NOT_RESET	NOT_WAYPOINT	-309.9239	1.8	-308.6206	0	0	0	1	11.36959	-1.005371	-3.640379	-308.2646	1.8	-305.7295	
700.0806	COLLISION_NONE	NOT_SWITCH	NOT_RESET	NOT_WAYPOINT	-310.1328	1.8	-308.8839	0	0	0	1	11.51912	-1.050568	-3.575849	-308.2646	1.8	-305.7295	
700.1006	COLLISION_NONE	NOT_SWITCH	NOT_RESET	NOT_WAYPOINT	-310.2782	1.8	-309.067	0	0	0	1	11.57161	-1.058533	-3.574989	-308.2646	1.8	-305.7295	
700.1207	COLLISION_NONE	NOT_SWITCH	NOT_RESET	NOT_WAYPOINT	-310.3601	1.8	-309.1697	0	0	0	1	11.67474	-1.053253	-3.538988	-308.2646	1.8	-305.7295	
700.1407	COLLISION_NONE	NOT_SWITCH	NOT_RESET	NOT_WAYPOINT	-310.5025	1.8	-309.349	0	0	0	1	11.79687	-1.095734	-3.452289	-308.2646	1.8	-305.7295	
700.1607	COLLISION_NONE	NOT_SWITCH	NOT_RESET	NOT_WAYPOINT	-310.5814	1.8	-309.448	0	0	0	1	11.93498	-1.121887	-3.347016	-308.2646	1.8	-305.7295	
700.1807	COLLISION_NONE	NOT_SWITCH	NOT_RESET	NOT_WAYPOINT	-310.7813	1.8	-309.7001	0	0	0	1	11.99568	-1.128876	-3.289894	-308.2646	1.8	-305.7295	
700.2007	COLLISION_NONE	NOT_SWITCH	NOT_RESET	NOT_WAYPOINT	-310.9178	1.8	-309.8719	0	0	0	1	12.07429	-1.117432	-3.259381	-308.2646	1.8	-305.7295	
700.2208	COLLISION_NONE	NOT_SWITCH	NOT_RESET	NOT_WAYPOINT	-310.9907	1.8	-309.9633	0	0	0	1	12.1713	-1.106445	-3.219288	-308.2646	1.8	-305.7295	
700.2408	COLLISION_NONE	NOT_SWITCH	NOT_RESET	NOT_WAYPOINT	-311.1241	1.8	-310.1314	0	0	0	1	12.24407	-1.067352	-3.213689	-308.2646	1.8	-305.7295	
700.2608	COLLISION_NONE	NOT_SWITCH	NOT_RESET	NOT_WAYPOINT	-311.194	1.8	-310.2191	0	0	0	1	12.35966	-1.032013	-3.188911	-308.2646	1.8	-305.7295	
700.2808	COLLISION_NONE	NOT_SWITCH	NOT_RESET	NOT_WAYPOINT	-311.385	1.8	-310.4599	0	0	0	1	12.50386	-0.9920654	-3.160984	-308.2646	1.8	-305.7295	
700.3008	COLLISION_NONE	NOT_SWITCH	NOT_RESET	NOT_WAYPOINT	-311.5125	1.8	-310.6204	0	0	0	1	12.55696	-0.9912415	-3.144899	-308.2646	1.8	-305.7295	
700.3209	COLLISION_NONE	NOT_SWITCH	NOT_RESET	NOT_WAYPOINT	-311.5764	1.8	-310.7007	0	0	0	1	12.65515	-0.9525757	-3.12615	-308.2646	1.8	-305.7295	
700.3409	COLLISION_NONE	NOT_SWITCH	NOT_RESET	NOT_WAYPOINT	-311.7009	1.8	-310.8574	0	0	0	1	12.79507	-0.9313354	-3.064648	-308.2646	1.8	-305.7295	
700.3609	COLLISION_NONE	NOT_SWITCH	NOT_RESET	NOT_WAYPOINT	-311.7618	1.8	-310.9339	0	0	0	1	12.94422	-0.8733215	-3.006127	-308.2646	1.8	-305.7295	
700.3809	COLLISION_NONE	WAIT_SWITCH	NOT_RESET	NOT_WAYPOINT	-315	1.8	-315	0	0	0	1	12.98651	-0.8869324	-2.966747	-308.2646	1.8	-305.7295	
700.4009	COLLISION_NONE	NOT_SWITCH	NOT_RESET	NOT_WAYPOINT	-315.1822	1.8	-315.2295	0	0	0	1	13.03111	-0.8538818	-2.953697	-308.2646	1.8	-305.7295	
700.421	COLLISION_NONE	NOT_SWITCH	NOT_RESET	NOT_WAYPOINT	-315.3504	1.8	-315.4414	0	0	0	1	13.06028	-0.8455505	-2.9218	-308.2646	1.8	-305.7295	
700.441	COLLISION_NONE	NOT_SWITCH	NOT_RESET	NOT_WAYPOINT	-315.5047	1.8	-315.6357	0	0	0	1	13.08902	-0.8417969	-2.91172	-308.2646	1.8	-305.7295	
700.461	COLLISION_NONE	NOT_SWITCH	NOT_RESET	NOT_WAYPOINT	-315.6451	1.8	-315.8126	0	0	0	1	13.09577	-0.8608704	-2.871889	-308.2646	1.8	-305.7295	
700.481	COLLISION_NONE	NOT_SWITCH	NOT_RESET	NOT_WAYPOINT	-315.7576	1.8	-315.9543	0	0	0	1	13.09289	-0.8418579	-2.879956	-308.2646	1.8	-305.7295	
700.501	COLLISION_NONE	NOT_SWITCH	NOT_RESET	NOT_WAYPOINT	-315.8562	1.8	-316.0786	0	0	0	1	13.03266	-0.8493958	-2.871912	-308.2646	1.8	-305.7295	
700.5211	COLLISION_NONE	NOT_SWITCH	NOT_RESET	NOT_WAYPOINT	-315.9408	1.8	-316.1852	0	0	0	1	13.01858	-0.8493042	-2.878592	-308.2646	1.8	-305.7295	
700.5411	COLLISION_NONE	NOT_SWITCH	NOT_RESET	NOT_WAYPOINT	-316.0116	1.8	-316.2743	0	0	0	1	12.94529	-0.8352661	-2.874569	-308.2646	1.8	-305.7295	
700.5611	COLLISION_NONE	NOT_SWITCH	NOT_RESET	NOT_WAYPOINT	-316.0684	1.8	-316.3459	0	0	0	1	12.89114	-0.7981262	-2.875629	-308.2646	1.8	-305.7295	
700.5811	COLLISION_NONE	NOT_SWITCH	NOT_RESET	NOT_WAYPOINT	-316.0974	1.8	-316.3824	0	0	0	1	12.87671	-0.7417908	-2.900502	-308.2646	1.8	-305.7295	
700.6011	COLLISION_NONE	NOT_SWITCH	NOT_RESET	NOT_WAYPOINT	-316.1124	1.8	-316.4013	0	0	0	1	12.87183	-0.6990967	-2.927161	-308.2646	1.8	-305.7295	
700.6212	COLLISION_NONE	NOT_SWITCH	NOT_RESET	NOT_WAYPOINT	-316.1126	1.8	-316.4021	0	0	0	1	12.86736	-0.6541748	-2.943031	-308.2646	1.8	-305.7295	
700.6412	COLLISION_NONE	NOT_SWITCH	NOT_RESET	NOT_WAYPOINT	-316.1126	1.8	-316.4021	0	0	0	1	12.85262	-0.5949097	-2.992203	-308.2646	1.8	-305.7295	
700.6612	COLLISION_NONE	NOT_SWITCH	NOT_RESET	NOT_WAYPOINT	-316.1126	1.8	-316.4021	0	0	0	1	12.81457	-0.5787048	-2.992603	-308.2646	1.8	-305.7295	
700.6812	COLLISION_NONE	NOT_SWITCH	NOT_RESET	NOT_WAYPOINT	-316.1126	1.8	-316.4021	0	0	0	1	12.80789	-0.565033	-3.019031	-308.2646	1.8	-305.7295	
700.7012	COLLISION_NONE	NOT_SWITCH	NOT_RESET	NOT_WAYPOINT	-316.1126	1.8	-316.4021	0	0	0	1	12.77853	-0.5856323	-3.009954	-308.2646	1.8	-305.7295	
700.7213	COLLISION_NONE	NOT_SWITCH	NOT_RESET	NOT_WAYPOINT	-316.1126	1.8	-316.4021	0	0	0	1	12.80347	-0.5765686	-3.045061	-308.2646	1.8	-305.7295	
700.7413	COLLISION_NONE	NOT_SWITCH	NOT_RESET	NOT_WAYPOINT	-316.1126	1.8	-316.4021	0	0	0	1	12.78029	-0.6123047	-3.02729	-308.2646	1.8	-305.7295	
700.7613	COLLISION_NONE	NOT_SWITCH	NOT_RESET	NOT_WAYPOINT	-316.1126	1.8	-316.4021	0	0	0	1	12.73864	-0.6064148	-3.004177	-308.2646	1.8	-305.7295	
700.7813	COLLISION_NONE	NOT_SWITCH	NOT_RESET	NOT_WAYPOINT	-316.1126	1.8	-316.4021	0	0	0	1	12.73727	-0.6390991	-2.972679	-308.2646	1.8	-305.7295	
700.8013	COLLISION_NONE	NOT_SWITCH	NOT_RESET	NOT_WAYPOINT	-316.1126	1.8	-316.4021	0	0	0	1	12.74956	-0.6632996	-2.975697	-308.2646	1.8	-305.7295	
700.8214	COLLISION_NONE	NOT_SWITCH	NOT_RESET	NOT_WAYPOINT	-316.1126	1.8	-316.4021	0	0	0	1	12.75154	-0.6461182	-2.938644	-308.2646	1.8	-305.7295	
700.8414	COLLISION_NONE	NOT_SWITCH	NOT_RESET	NOT_WAYPOINT	-316.1126	1.8	-316.4021	0	0	0	1	12.77758	-0.6355591	-2.895852	-308.2646	1.8	-305.7295	
700.8614	COLLISION_NONE	NOT_SWITCH	NOT_RESET	NOT_WAYPOINT	-316.1126	1.8	-316.4021	0	0	0	1	12.76353	-0.644043	-2.861128	-308.2646	1.8	-305.7295	
700.8814	COLLISION_NONE	NOT_SWITCH	NOT_RESET	NOT_WAYPOINT	-316.1126	1.8	-316.4021	0	0	0	1	12.79786	-0.6004028	-2.849929	-308.2646	1.8	-305.7295	
700.9014	COLLISION_NONE	NOT_SWITCH	NOT_RESET	NOT_WAYPOINT	-316.1126	1.8	-316.4021	0	0	0	1	12.78603	-0.6256714	-2.824195	-308.2646	1.8	-305.7295	
700.9214	COLLISION_NONE	NOT_SWITCH	NOT_RESET	NOT_WAYPOINT	-316.1126	1.8	-316.4021	0	0	0	1	12.79651	-0.5718079	-2.818317	-308.2646	1.8	-305.7295	
700.9415	COLLISION_NONE	NOT_SWITCH	NOT_RESET	NOT_WAYPOINT	-316.1126	1.8	-316.4021	0	0	0	1	12.81768	-0.5247803	-2.781806	-308.2646	1.8	-305.7295	
700.9615	COLLISION_NONE	NOT_SWITCH	NOT_RESET	NOT_WAYPOINT	-316.1126	1.8	-316.4021	0	0	0	1	12.82186	-0.5224609	-2.739236	-308.2646	1.8	-305.7295	
700.9815	COLLISION_NONE	NOT_SWITCH	NOT_RESET	NOT_WAYPOINT	-316.1126	1.8	-316.4021	0	0	0	1	12.86465	-0.4606934	-2.726294	-308.2646	1.8	-305.7295	
701.0015	COLLISION_NONE	NOT_SWITCH	NOT_RESET	NOT_WAYPOINT	-316.1126	1.8	-316.4021	0	0	0	1	12.87408	-0.4259338	-2.711982	-308.2646	1.8	-305.7295	
701.0215	COLLISION_NONE	NOT_SWITCH	NOT_RESET	NOT_WAYPOINT	-316.1126	1.8	-316.4021	0	0	0	1	12.90112	-0.3862305	-2.700971	-308.2646	1.8	-305.7295	
701.0416	COLLISION_NONE	NOT_SWITCH	NOT_RESET	NOT_WAYPOINT	-316.1126	1.8	-316.4021	0	0	0	1	12.97487	-0.3983765	-2.690425	-308.2646	1.8	-305.7295	
701.0616	COLLISION_NONE	NOT_SWITCH	NOT_RESET	NOT_WAYPOINT	-316.1126	1.8	-316.4021	0	0	0	1	12.96118	-0.4465027	-2.684914	-308.2646	1.8	-305.7295	
701.0816	COLLISION_NONE	NOT_SWITCH	NOT_RESET	NOT_WAYPOINT	-316.1126	1.8	-316.4021	0	0	0	1	12.99009	-0.439209	-2.674337	-308.2646	1.8	-305.7295	
701.1016	COLLISION_NONE	NOT_SWITCH	NOT_RESET	NOT_WAYPOINT	-316.1126	1.8	-316.4021	0	0	0	1	12.96485	-0.4589844	-2.640708	-308.2646	1.8	-305.7295	
701.1216	COLLISION_NONE	NOT_SWITCH	NOT_RESET	NOT_WAYPOINT	-316.1126	1.8	-316.4021	0	0	0	1	12.97545	-0.45401	-2.647395	-308.2646	1.8	-305.7295	
701.1417	COLLISION_NONE	NOT_SWITCH	NOT_RESET	NOT_WAYPOINT	-316.1126	1.8	-316.4021	0	0	0	1	12.99273	-0.4046326	-2.631527	-308.2646	1.8	-305.7295	
701.1617	COLLISION_NONE	NOT_SWITCH	NOT_RESET	NOT_WAYPOINT	-316.1126	1.8	-316.4021	0	0	0	1	12.9999	-0.4059448	-2.617759	-308.2646	1.8	-305.7295	
701.1817	COLLISION_NONE	CORRECT_SWITCH	NOT_RESET	NOT_WAYPOINT	-316.1126	1.8	-316.4021	0	0	0	1	13.03388	-0.3735046	-2.604365	-308.2646	1.8	-305.7295	
701.2017	COLLISION_NONE	NOT_SWITCH	NOT_RESET	NOT_WAYPOINT	-316.1169	1.8	-316.4226	0	0	0	1	13.10087	-0.3148499	-2.585056	-308.2646	1.8	-305.7295	
701.2217	COLLISION_NONE	NOT_SWITCH	NOT_RESET	NOT_WAYPOINT	-316.1215	1.8	-316.4431	0	0	0	1	13.22872	-0.1911926	-2.542054	-308.2646	1.8	-305.7295	
701.2418	COLLISION_NONE	NOT_SWITCH	NOT_RESET	NOT_WAYPOINT	-316.1266	1.8	-316.4654	0	0	0	1	13.26504	-0.1706848	-2.547562	-308.2646	1.8	-305.7295	
701.2618	COLLISION_NONE	NOT_SWITCH	NOT_RESET	NOT_WAYPOINT	-316.1317	1.8	-316.4872	0	0	0	1	13.24709	-0.1764221	-2.537147	-308.2646	1.8	-305.7295	
701.2818	COLLISION_NONE	NOT_SWITCH	NOT_RESET	NOT_WAYPOINT	-316.1364	1.8	-316.5085	0	0	0	1	13.25519	-0.1582031	-2.535162	-308.2646	1.8	-305.7295	
701.3018	COLLISION_NONE	NOT_SWITCH	NOT_RESET	NOT_WAYPOINT	-316.1406	1.8	-316.5298	0	0	0	1	13.22873	-0.1954651	-2.507181	-308.2646	1.8	-305.7295	
701.3218	COLLISION_NONE	NOT_SWITCH	NOT_RESET	NOT_WAYPOINT	-316.1445	1.8	-316.5511	0	0	0	1	13.17979	-0.195343	-2.499017	-308.2646	1.8	-305.7295	
701.3419	COLLISION_NONE	NOT_SWITCH	NOT_RESET	NOT_WAYPOINT	-316.147	1.8	-316.5722	0	0	0	1	13.18413	-0.1804504	-2.500875	-308.2646	1.8	-305.7295	
701.3619	COLLISION_NONE	NOT_SWITCH	NOT_RESET	NOT_WAYPOINT	-316.1501	1.8	-316.5925	0	0	0	1	13.15932	-0.1859741	-2.46549	-308.2646	1.8	-305.7295	
701.3819	COLLISION_NONE	NOT_SWITCH	NOT_RESET	NOT_WAYPOINT	-316.1536	1.8	-316.613	0	0	0	1	13.15405	-0.1554871	-2.451093	-308.2646	1.8	-305.7295	
701.4019	COLLISION_NONE	NOT_SWITCH	NOT_RESET	NOT_WAYPOINT	-316.1567	1.8	-316.6339	0	0	0	1	13.13503	-0.1235962	-2.454062	-308.2646	1.8	-305.7295	
701.4219	COLLISION_NONE	NOT_SWITCH	NOT_RESET	NOT_WAYPOINT	-316.1605	1.8	-316.6542	0	0	0	1	13.09822	-0.08734131	-2.470092	-308.2646	1.8	-305.7295	
701.442	COLLISION_NONE	NOT_SWITCH	NOT_RESET	NOT_WAYPOINT	-316.1653	1.8	-316.6733	0	0	0	1	13.04233	-0.07427979	-2.481258	-308.2646	1.8	-305.7295	
701.462	COLLISION_NONE	NOT_SWITCH	NOT_RESET	NOT_WAYPOINT	-316.1703	1.8	-316.6925	0	0	0	1	12.9932	-0.07052612	-2.472524	-308.2646	1.8	-305.7295	
701.482	COLLISION_NONE	NOT_SWITCH	NOT_RESET	NOT_WAYPOINT	-316.1753	1.8	-316.7118	0	0	0	1	12.97913	-0.07000732	-2.482766	-308.2646	1.8	-305.7295	
701.502	COLLISION_NONE	NOT_SWITCH	NOT_RESET	NOT_WAYPOINT	-316.1803	1.8	-316.7306	0	0	0	1	12.94825	-0.04556274	-2.517892	-308.2646	1.8	-305.7295	
701.522	COLLISION_NONE	NOT_SWITCH	NOT_RESET	NOT_WAYPOINT	-316.1854	1.8	-316.7498	0	0	0	1	12.9213	-0.0199585	-2.531872	-308.2646	1.8	-305.7295	
701.5421	COLLISION_NONE	NOT_SWITCH	NOT_RESET	NOT_WAYPOINT	-316.1907	1.8	-316.712	0	0	0	1	12.94004	0.001281738	-2.551059	-308.2646	1.8	-305.7295	
701.5621	COLLISION_NONE	NOT_SWITCH	NOT_RESET	NOT_WAYPOINT	-316.1963	1.8	-316.5669	0	0	0	1	12.93119	0.03137207	-2.565037	-308.2646	1.8	-305.7295	
701.5821	COLLISION_NONE	NOT_SWITCH	NOT_RESET	NOT_WAYPOINT	-316.1374	1.8	-316.3232	0	0	0	1	12.95204	0.09146118	-2.576075	-308.2646	1.8	-305.7295	
701.6021	COLLISION_NONE	NOT_SWITCH	NOT_RESET	NOT_WAYPOINT	-316.0432	1.8	-316.0247	0	0	0	1	12.96921	0.1463318	-2.605413	-308.2646	1.8	-305.7295	
701.6221	COLLISION_NONE	NOT_SWITCH	NOT_RESET	NOT_WAYPOINT	-315.9476	1.8	-315.7238	0	0	0	1	12.99815	0.2244568	-2.642789	-308.2646	1.8	-305.7295	
701.6422	COLLISION_NONE	NOT_SWITCH	NOT_RESET	NOT_WAYPOINT	-315.8483	1.8	-315.4238	0	0	0	1	13.03256	0.2696228	-2.673667	-308.2646	1.8	-305.7295	
701.6622	COLLISION_NONE	NOT_SWITCH	NOT_RESET	NOT_WAYPOINT	-315.7463	1.8	-315.1234	0	0	0	1	13.02833	0.2606506	-2.660368	-308.2646	1.8	-305.7295	
701.6822	COLLISION_NONE	NOT_SWITCH	NOT_RESET	NOT_WAYPOINT	-315.6373	1.8	-314.8238	0	0	0	1	13.05733	0.2728882	-2.659588	-308.2646	1.8	-305.7295	
701.7022	COLLISION_NONE	NOT_SWITCH	NOT_RESET	NOT_WAYPOINT	-315.5175	1.8	-314.5245	0	0	0	1	13.05142	0.225647	-2.6298	-308.2646	1.8	-305.7295	
701.7222	COLLISION_NONE	NOT_SWITCH	NOT_RESET	NOT_WAYPOINT	-315.3909	1.8	-314.2249	0	0	0	1	13.09936	0.1995239	-2.602118	-308.2646	1.8	-305.7295	
701.7422	COLLISION_NONE	NOT_SWITCH	NOT_RESET	NOT_WAYPOINT	-315.2475	1.8	-313.9252	0	0	0	1	13.12777	0.2007751	-2.570762	-308.2646	1.8	-305.7295	
701.7623	COLLISION_NONE	NOT_SWITCH	NOT_RESET	NOT_WAYPOINT	-315.0983	1.8	-313.6251	0	0	0	1	13.18096	0.196167	-2.54087	-308.2646	1.8	-305.7295	
701.7823	COLLISION_NONE	NOT_SWITCH	NOT_RESET	NOT_WAYPOINT	-314.9393	1.8	-313.3252	0	0	0	1	13.20971	0.2058105	-2.519085	-308.2646	1.8	-305.7295	
701.8023	COLLISION_NONE	NOT_SWITCH	NOT_RESET	NOT_WAYPOINT	-314.7679	1.8	-313.0253	0	0	0	1	13.21032	0.2113953	-2.47604	-308.2646	1.8	-305.7295	
701.8223	COLLISION_NONE	NOT_SWITCH	NOT_RESET	NOT_WAYPOINT	-314.5864	1.8	-312.7253	0	0	0	1	13.23435	0.1845093	-2.395151	-308.2646	1.8	-305.7295	
701.8423	COLLISION_NONE	NOT_SWITCH	NOT_RESET	NOT_WAYPOINT	-314.3881	1.8	-312.4247	0	0	0	1	13.26188	0.2348938	-2.38263	-308.2646	1.8	-305.7295	
701.8624	COLLISION_NONE	NOT_SWITCH	NOT_RESET	NOT_WAYPOINT	-314.1915	1.8	-312.1258	0	0	0	1	13.25791	0.221405	-2.363052	-308.2646	1.8	-305.7295	
701.8824	COLLISION_NONE	NOT_SWITCH	NOT_RESET	NOT_WAYPOINT	-313.9971	1.8	-311.8261	0	0	0	1	13.30299	0.2694397	-2.383091	-308.2646	1.8	-305.7295	
701.9024	COLLISION_NONE	NOT_SWITCH	NOT_RESET	NOT_WAYPOINT	-313.8032	1.8	-311.5251	0	0	0	1	13.2911	0.3137207	-2.395097	-308.2646	1.8	-305.7295	
701.9224	COLLISION_NONE	NOT_SWITCH	NOT_RESET	NOT_WAYPOINT	-313.6302	1.8	-311.2255	0	0	0	1	13.26982	0.3117676	-2.387787	-308.2646	1.8	-305.7295	
701.9424	COLLISION_NONE	NOT_SWITCH	NOT_RESET	NOT_WAYPOINT	-313.4784	1.8	-310.9277	0	0	0	1	13.2522	0.3132629	-2.436794	-308.2646	1.8	-305.7295	
701.9625	COLLISION_NONE	NOT_SWITCH	NOT_RESET	NOT_WAYPOINT	-313.3643	1.8	-310.6316	0	0	0	1	13.2489	0.3176575	-2.414932	-308.2646	1.8	-305.7295	
701.9825	COLLISION_NONE	NOT_SWITCH	NOT_RESET	NOT_WAYPOINT	-313.3537	1.8	-310.3361	0	0	0	1	13.26651	0.3224487	-2.446474	-308.2646	1.8	-305.7295	
702.0025	COLLISION_NONE	NOT_SWITCH	NOT_RESET	NOT_WAYPOINT	-313.4621	1.8	-310.0398	0	0	0	1	13.26622	0.3201599	-2.45729	-308.2646	1.8	-305.7295	
702.0225	COLLISION_NONE	NOT_SWITCH	NOT_RESET	NOT_WAYPOINT	-313.7773	1.8	-309.7388	0	0	0	1	13.25743	0.2921143	-2.467489	-308.2646	1.8	-305.7295	
702.0425	COLLISION_NONE	NOT_SWITCH	NOT_RESET	NOT_WAYPOINT	-314.0758	1.8	-309.4381	0	0	0	1	13.25535	0.3190613	-2.48188	-308.2646	1.8	-305.7295	
702.0626	COLLISION_NONE	NOT_SWITCH	NOT_RESET	NOT_WAYPOINT	-314.3699	1.8	-309.1381	0	0	0	1	13.22106	0.3292847	-2.462412	-308.2646	1.8	-305.7295	
702.0826	COLLISION_NONE	NOT_SWITCH	NOT_RESET	NOT_WAYPOINT	-314.6619	1.8	-308.8393	0	0	0	1	13.21897	0.3566895	-2.480268	-308.2646	1.8	-305.7295	
702.1026	COLLISION_NONE	NOT_SWITCH	NOT_RESET	NOT_WAYPOINT	-314.952	1.8	-308.5393	0	0	0	1	13.20004	0.3947754	-2.475357	-308.2646	1.8	-305.7295	
702.1226	COLLISION_NONE	NOT_SWITCH	NOT_RESET	NOT_WAYPOINT	-315.2342	1.8	-308.2382	0	0	0	1	13.22695	0.4339294	-2.488924	-308.2646	1.8	-305.7295	
702.1426	COLLISION_NONE	NOT_SWITCH	NOT_RESET	NOT_WAYPOINT	-315.4948	1.8	-307.9378	0	0	0	1	13.24221	0.456543	-2.489995	-308.2646	1.8	-305.7295	
702.1627	COLLISION_NONE	NOT_SWITCH	NOT_RESET	NOT_WAYPOINT	-315.734	1.8	-307.6386	0	0	0	1	13.24979	0.460907	-2.493299	-308.2646	1.8	-305.7295	
702.1827	COLLISION_NONE	NOT_SWITCH	NOT_RESET	NOT_WAYPOINT	-315.9518	1.8	-307.3406	0	0	0	1	13.24795	0.4911194	-2.475463	-308.2646	1.8	-305.7295	
702.2027	COLLISION_NONE	NOT_SWITCH	NOT_RESET	NOT_WAYPOINT	-316.1482	1.8	-307.0437	0	0	0	1	13.21926	0.4238586	-2.468698	-308.2646	1.8	-305.7295	
702.2227	COLLISION_NONE	NOT_SWITCH	NOT_RESET	NOT_WAYPOINT	-316.3025	1.8	-306.7493	0	0	0	1	13.21765	0.3926086	-2.479565	-308.2646	1.8	-305.7295	
702.2427	COLLISION_NONE	NOT_SWITCH	NOT_RESET	NOT_WAYPOINT	-316.4359	1.8	-306.4558	0	0	0	1	13.1622	0.3483887	-2.465977	-308.2646	1.8	-305.7295	
702.2628	COLLISION_NONE	NOT_SWITCH	NOT_RESET	NOT_WAYPOINT	-316.5493	1.8	-306.1632	0	0	0	1	13.13338	0.3336182	-2.44599	-308.2646	1.8	-305.7295	
702.2828	COLLISION_NONE	NOT_SWITCH	NOT_RESET	NOT_WAYPOINT	-316.6515	1.8	-305.8718	0	0	0	1	13.07307	0.2632446	-2.39642	-308.2646	1.8	-305.7295	
702.3028	COLLISION_NONE	NOT_SWITCH	NOT_RESET	NOT_WAYPOINT	-316.7474	1.8	-305.5821	0	0	0	1	13.0271	0.1949158	-2.357515	-308.2646	1.8	-305.7295	
702.3228	COLLISION_NONE	NOT_SWITCH	NOT_RESET	NOT_WAYPOINT	-316.838	1.8	-305.2963	0	0	0	1	13.01246	0.1838989	-2.362073	-308.2646	1.8	-305.7295	
702.3428	COLLISION_NONE	NOT_SWITCH	NOT_RESET	NOT_WAYPOINT	-316.9096	1.8	-305.0111	0	0	0	1	12.98112	0.1889648	-2.357296	-308.2646	1.8	-305.7295	
702.3629	COLLISION_NONE	NOT_SWITCH	NOT_RESET	NOT_WAYPOINT	-316.9498	1.8	-304.7254	0	0	0	1	12.98131	0.1929626	-2.360353	-308.2646	1.8	-305.7295	
702.3829	COLLISION_NONE	NOT_SWITCH	NOT_RESET	NOT_WAYPOINT	-316.9482	1.8	-304.4378	0	0	0	1	12.98366	0.232605	-2.359347	-308.2646	1.8	-305.7295	
702.4029	COLLISION_NONE	NOT_SWITCH	NOT_RESET	NOT_WAYPOINT	-316.8597	1.8	-304.1445	0	0.0005186144	0	0.9999999	12.9686	0.2220459	-2.367168	-308.2646	1.8	-305.7295	
702.4229	COLLISION_NONE	NOT_SWITCH	NOT_RESET	NOT_WAYPOINT	-316.7424	1.8	-303.8484	0	0.001550033	0	0.9999988	12.97371	0.2513733	-2.399235	-308.2646	1.8	-305.7295	
702.4429	COLLISION_NONE	NOT_SWITCH	NOT_RESET	NOT_WAYPOINT	-316.6086	1.8	-303.5505	0	0.003429343	0	0.9999942	12.92853	0.2041016	-2.414319	-308.2646	1.8	-305.7295	
702.463	COLLISION_NONE	NOT_SWITCH	NOT_RESET	NOT_WAYPOINT	-316.463	1.8	-303.2522	0	0.006070573	0	0.9999816	12.92891	0.2174988	-2.465733	-308.2646	1.8	-305.7295	
702.483	COLLISION_NONE	NOT_SWITCH	NOT_RESET	NOT_WAYPOINT	-316.3112	1.8	-302.9539	0	0.01435418	0	0.999897	12.91743	0.2112732	-2.508459	-308.2646	1.8	-305.7295	
702.503	COLLISION_NONE	NOT_SWITCH	NOT_RESET	NOT_WAYPOINT	-316.1519	1.8	-302.6583	0	0.0198055	0	0.9998039	12.89211	0.1957092	-2.509848	-308.2646	1.8	-305.7295	
702.523	COLLISION_NONE	NOT_SWITCH	NOT_RESET	NOT_WAYPOINT	-315.9901	1.8	-302.3639	0	0.02575261	0	0.9996684	12.90696	0.2107239	-2.508362	-308.2646	1.8	-305.7295	
702.543	COLLISION_NONE	NOT_SWITCH	NOT_RESET	NOT_WAYPOINT	-315.8258	1.8	-302.0713	0	0.03211584	0	0.9994842	12.92114	0.2150574	-2.508079	-308.2646	1.8	-305.7295	
702.563	COLLISION_NONE	NOT_SWITCH	NOT_RESET	NOT_WAYPOINT	-315.6587	1.8	-301.7807	0	0.03868625	0	0.9992514	12.9361	0.2273254	-2.514133	-308.2646	1.8	-305.7295	
702.5831	COLLISION_NONE	NOT_SWITCH	NOT_RESET	NOT_WAYPOINT	-315.4885	1.8	-301.4922	0	0.05208221	0	0.9986428	12.9855	0.2337341	-2.546192	-308.2646	1.8	-305.7295	
702.6031	COLLISION_NONE	NOT_SWITCH	NOT_RESET	NOT_WAYPOINT	-315.3116	1.8	-301.2089	0	0.05882889	0	0.9982681	13.01041	0.1760559	-2.53584	-308.2646	1.8	-305.7295	
702.6231	COLLISION_NONE	NOT_SWITCH	NOT_RESET	NOT_WAYPOINT	-315.1305	1.8	-300.9276	0	0.06554374	0	0.9978497	13.04193	0.1739807	-2.5651	-308.2646	1.8	-305.7295	
702.6431	COLLISION_NONE	NOT_SWITCH	NOT_RESET	TRIGGER_WAYPOINT	-314.9456	1.8	-300.6487	0	0.07224106	0	0.9973872	13.0255	0.1354675	-2.551505	-315	1.8	-285	
702.6631	COLLISION_NONE	NOT_SWITCH	NOT_RESET	NOT_WAYPOINT	-314.757	1.8	-300.3722	0	0.07892784	0	0.9968804	13.10575	0.1297607	-2.589216	-315	1.8	-285	
702.6832	COLLISION_NONE	NOT_SWITCH	NOT_RESET	NOT_WAYPOINT	-314.565	1.8	-300.0982	0	0.09228137	0	0.995733	13.10825	0.1104126	-2.577434	-315	1.8	-285	
702.7032	COLLISION_NONE	NOT_SWITCH	NOT_RESET	NOT_WAYPOINT	-314.3661	1.8	-299.8301	0	0.09895024	0	0.9950924	13.1477	0.1155701	-2.574359	-315	1.8	-285	
702.7232	COLLISION_NONE	NOT_SWITCH	NOT_RESET	NOT_WAYPOINT	-314.1629	1.8	-299.5644	0	0.1056142	0	0.9944072	13.18434	0.1388855	-2.572429	-315	1.8	-285	
702.7432	COLLISION_NONE	NOT_SWITCH	NOT_RESET	NOT_WAYPOINT	-313.9561	1.8	-299.3012	0	0.1123152	0	0.9936727	13.20677	0.1658325	-2.576671	-315	1.8	-285	
702.7632	COLLISION_NONE	NOT_SWITCH	NOT_RESET	NOT_WAYPOINT	-313.746	1.8	-299.0408	0	0.1191159	0	0.9928804	13.24016	0.1915283	-2.595685	-315	1.8	-285	
702.7833	COLLISION_NONE	NOT_SWITCH	NOT_RESET	NOT_WAYPOINT	-313.5325	1.8	-298.7831	0	0.1336055	0	0.9910347	13.25807	0.1986084	-2.616438	-315	1.8	-285	
702.8033	COLLISION_NONE	NOT_SWITCH	NOT_RESET	NOT_WAYPOINT	-313.3127	1.8	-298.532	0	0.1412633	0	0.9899721	13.24855	0.1608276	-2.606452	-315	1.8	-285	
702.8233	COLLISION_NONE	NOT_SWITCH	NOT_RESET	NOT_WAYPOINT	-313.0887	1.8	-298.2841	0	0.1490706	0	0.9888266	13.26221	0.1513062	-2.611501	-315	1.8	-285	
702.8433	COLLISION_NONE	NOT_SWITCH	NOT_RESET	NOT_WAYPOINT	-312.8611	1.8	-298.0393	0	0.1569057	0	0.9876136	13.24527	0.1060181	-2.602277	-315	1.8	-285	
702.8633	COLLISION_NONE	NOT_SWITCH	NOT_RESET	NOT_WAYPOINT	-312.6301	1.8	-297.798	0	0.1647496	0	0.9863355	13.24505	0.1024475	-2.60269	-315	1.8	-285	
702.8834	COLLISION_NONE	NOT_SWITCH	NOT_RESET	NOT_WAYPOINT	-312.3955	1.8	-297.5602	0	0.180034	0	0.9836605	13.20344	0.04608154	-2.573235	-315	1.8	-285	
702.9034	COLLISION_NONE	NOT_SWITCH	NOT_RESET	NOT_WAYPOINT	-312.1542	1.8	-297.3303	0	0.1875194	0	0.9822609	13.21939	0.01361084	-2.566949	-315	1.8	-285	
702.9234	COLLISION_NONE	NOT_SWITCH	NOT_RESET	NOT_WAYPOINT	-311.9088	1.8	-297.1041	0	0.1950004	0	0.9808031	13.25332	-0.000793457	-2.611827	-315	1.8	-285	
702.9434	COLLISION_NONE	NOT_SWITCH	NOT_RESET	NOT_WAYPOINT	-311.6597	1.8	-296.8815	0	0.2025146	0	0.9792793	13.27054	-0.003387451	-2.612425	-315	1.8	-285	
702.9634	COLLISION_NONE	NOT_SWITCH	NOT_RESET	NOT_WAYPOINT	-311.4073	1.8	-296.6627	0	0.2101631	0	0.9776664	13.30011	0.02081299	-2.620836	-315	1.8	-285	
702.9835	COLLISION_NONE	NOT_SWITCH	NOT_RESET	NOT_WAYPOINT	-311.1517	1.8	-296.4476	0	0.2264055	0	0.9740332	13.36585	0.05499268	-2.607761	-315	1.8	-285	
703.0035	COLLISION_NONE	NOT_SWITCH	NOT_RESET	NOT_WAYPOINT	-310.8902	1.8	-296.2411	0	0.2347658	0	0.972052	13.37623	0.05026245	-2.594422	-315	1.8	-285	
703.0235	COLLISION_NONE	NOT_SWITCH	NOT_RESET	NOT_WAYPOINT	-310.6248	1.8	-296.039	0	0.2431741	0	0.9699827	13.40906	0.07110596	-2.60325	-315	1.8	-285	
703.0435	COLLISION_NONE	NOT_SWITCH	NOT_RESET	NOT_WAYPOINT	-310.3533	1.8	-295.8427	0	0.2515967	0	0.9678322	13.39979	0.08752441	-2.594112	-315	1.8	-285	
703.0635	COLLISION_NONE	NOT_SWITCH	NOT_RESET	NOT_WAYPOINT	-310.0582	1.8	-295.6621	0	0.2600167	0	0.9656042	13.40895	0.1244812	-2.596914	-315	1.8	-285	
703.0836	COLLISION_NONE	NOT_SWITCH	NOT_RESET	NOT_WAYPOINT	-309.7278	1.8	-295.5051	0	0.2768171	0	0.9609227	13.40081	0.1066589	-2.602418	-315	1.8	-285	
703.1036	COLLISION_NONE	NOT_SWITCH	NOT_RESET	NOT_WAYPOINT	-309.2911	1.8	-295.4227	0	0.28519	0	0.958471	13.41183	0.1197205	-2.615114	-315	1.8	-285	
703.1236	COLLISION_NONE	NOT_SWITCH	NOT_RESET	NOT_WAYPOINT	-308.8684	1.8	-295.3381	0	0.2935423	0	0.9559461	13.41702	0.1558533	-2.670909	-315	1.8	-285	
703.1436	COLLISION_NONE	NOT_SWITCH	NOT_RESET	NOT_WAYPOINT	-308.4475	1.8	-295.2552	0	0.3018727	0	0.9533482	13.4312	0.1526184	-2.668202	-315	1.8	-285	
703.1636	COLLISION_NONE	NOT_SWITCH	NOT_RESET	NOT_WAYPOINT	-308.0275	1.8	-295.176	0	0.3184646	0	0.9479348	13.42509	0.1740112	-2.697223	-315	1.8	-285	
703.1837	COLLISION_NONE	NOT_SWITCH	NOT_RESET	NOT_WAYPOINT	-307.6083	1.8	-295.1068	0	0.3267246	0	0.9451196	13.43043	0.2088928	-2.74261	-315	1.8	-285	
703.2037	COLLISION_NONE	NOT_SWITCH	NOT_RESET	NOT_WAYPOINT	-307.188	1.8	-295.0448	0	0.3349597	0	0.9422325	13.38107	0.2155151	-2.75824	-315	1.8	-285	
703.2237	COLLISION_NONE	NOT_SWITCH	NOT_RESET	NOT_WAYPOINT	-306.7668	1.8	-294.9899	0	0.3431694	0	0.9392736	13.36442	0.2909546	-2.791264	-315	1.8	-285	
703.2437	COLLISION_NONE	NOT_SWITCH	NOT_RESET	NOT_WAYPOINT	-306.3448	1.8	-294.9424	0	0.3513529	0	0.9362431	13.30342	0.27948	-2.81241	-315	1.8	-285	
703.2637	COLLISION_NONE	NOT_SWITCH	NOT_RESET	NOT_WAYPOINT	-305.9221	1.8	-294.9022	0	0.3676391	0	0.9299685	13.30274	0.3285828	-2.859579	-315	1.8	-285	
703.2838	COLLISION_NONE	NOT_SWITCH	NOT_RESET	NOT_WAYPOINT	-305.4987	1.8	-294.8769	0	0.3757405	0	0.9267249	13.29578	0.3356323	-2.8903	-315	1.8	-285	
703.3038	COLLISION_NONE	NOT_SWITCH	NOT_RESET	NOT_WAYPOINT	-305.0746	1.8	-294.8594	0	0.3838133	0	0.9234107	13.31299	0.3867188	-2.916384	-315	1.8	-285	
703.3238	COLLISION_NONE	NOT_SWITCH	NOT_RESET	NOT_WAYPOINT	-304.6629	1.8	-294.8592	0	0.3918568	0	0.9200262	13.30609	0.3929443	-2.940166	-315	1.8	-285	
703.3438	COLLISION_NONE	NOT_SWITCH	NOT_RESET	NOT_WAYPOINT	-304.2645	1.8	-294.8757	0	0.3998706	0	0.9165716	13.29947	0.4017944	-2.956618	-315	1.8	-285	
703.3638	COLLISION_NONE	NOT_SWITCH	NOT_RESET	NOT_WAYPOINT	-303.8786	1.8	-294.9092	0	0.4158061	0	0.9094533	13.30417	0.4277649	-2.988783	-315	1.8	-285	
703.3839	COLLISION_NONE	NOT_SWITCH	NOT_RESET	NOT_WAYPOINT	-303.5138	1.8	-294.9756	0	0.4237266	0	0.9057902	13.27467	0.4077148	-3.015358	-315	1.8	-285	
703.4039	COLLISION_NONE	NOT_SWITCH	NOT_RESET	NOT_WAYPOINT	-303.1517	1.8	-295.0445	0	0.4316149	0	0.902058	13.23342	0.3710632	-3.029422	-315	1.8	-285	
703.4239	COLLISION_NONE	NOT_SWITCH	NOT_RESET	TRIGGER_WAYPOINT	-302.7305	1.8	-295.0958	0	0.4394703	0	0.8982571	13.21275	0.3809814	-3.031272	-286.4683	1.8	-294.2705	
703.4439	COLLISION_NONE	NOT_SWITCH	NOT_RESET	TRIGGER_WAYPOINT	-302.3054	1.8	-295.1519	0	0.4472922	0	0.8943879	13.16992	0.3722229	-3.038517	-315	1.8	-303.541	
703.4639	COLLISION_NONE	NOT_SWITCH	NOT_RESET	NOT_WAYPOINT	-301.8817	1.8	-295.2112	0	0.4628333	0	0.8864453	13.10736	0.3330688	-3.041755	-315	1.8	-303.541	
703.4839	COLLISION_NONE	NOT_SWITCH	NOT_RESET	NOT_WAYPOINT	-301.4614	1.8	-295.2788	0	0.4705513	0	0.8823727	13.1001	0.3299561	-3.049043	-315	1.8	-303.541	
703.504	COLLISION_NONE	NOT_SWITCH	NOT_RESET	NOT_WAYPOINT	-301.0424	1.8	-295.3527	0	0.4782335	0	0.8782328	13.11729	0.319397	-3.043703	-315	1.8	-303.541	
703.524	COLLISION_NONE	NOT_SWITCH	NOT_RESET	NOT_WAYPOINT	-300.6247	1.8	-295.4331	0	0.4858792	0	0.874026	13.12307	0.3024292	-3.049272	-315	1.8	-303.541	
703.544	COLLISION_NONE	NOT_SWITCH	NOT_RESET	NOT_WAYPOINT	-300.2085	1.8	-295.5201	0	0.4934879	0	0.8697526	13.12506	0.2740784	-3.052814	-315	1.8	-303.541	
703.564	COLLISION_NONE	NOT_SWITCH	NOT_RESET	NOT_WAYPOINT	-299.7939	1.8	-295.6137	0	0.5085921	0	0.8610076	13.09378	0.230957	-3.06768	-315	1.8	-303.541	
703.584	COLLISION_NONE	NOT_SWITCH	NOT_RESET	NOT_WAYPOINT	-299.3834	1.8	-295.721	0	0.5160863	0	0.8565366	13.10158	0.2477417	-3.083429	-315	1.8	-303.541	
703.6041	COLLISION_NONE	NOT_SWITCH	NOT_RESET	NOT_WAYPOINT	-298.9746	1.8	-295.8358	0	0.5235413	0	0.8520003	13.10637	0.2634888	-3.092436	-315	1.8	-303.541	
703.6241	COLLISION_NONE	NOT_SWITCH	NOT_RESET	NOT_WAYPOINT	-298.5678	1.8	-295.9577	0	0.5309564	0	0.8473992	13.08488	0.2643738	-3.109375	-315	1.8	-303.541	
703.6441	COLLISION_NONE	NOT_SWITCH	NOT_RESET	NOT_WAYPOINT	-298.1631	1.8	-296.0867	0	0.538331	0	0.8427335	13.05723	0.2738647	-3.111161	-315	1.8	-303.541	
703.6641	COLLISION_NONE	NOT_SWITCH	NOT_RESET	NOT_WAYPOINT	-297.7606	1.8	-296.2226	0	0.5529568	0	0.8332099	13.06755	0.2764282	-3.156937	-315	1.8	-303.541	
703.6841	COLLISION_NONE	NOT_SWITCH	NOT_RESET	NOT_WAYPOINT	-297.3636	1.8	-296.3721	0	0.5602068	0	0.8283529	13.11417	0.2875671	-3.16731	-315	1.8	-303.541	
703.7042	COLLISION_NONE	NOT_SWITCH	NOT_RESET	NOT_WAYPOINT	-296.9691	1.8	-296.529	0	0.567414	0	0.8234326	13.13646	0.3039246	-3.172987	-315	1.8	-303.541	
703.7242	COLLISION_NONE	NOT_SWITCH	NOT_RESET	NOT_WAYPOINT	-296.5772	1.8	-296.6928	0	0.5745782	0	0.8184497	13.13767	0.2737427	-3.190578	-315	1.8	-303.541	
703.7442	COLLISION_NONE	NOT_SWITCH	NOT_RESET	NOT_WAYPOINT	-296.1882	1.8	-296.8634	0	0.5887746	0	0.8082973	13.14942	0.2344666	-3.188518	-315	1.8	-303.541	
703.7642	COLLISION_NONE	NOT_SWITCH	NOT_RESET	NOT_WAYPOINT	-295.8058	1.8	-297.0471	0	0.5958058	0	0.8031285	13.14218	0.1750488	-3.177743	-315	1.8	-303.541	
703.7842	COLLISION_NONE	NOT_SWITCH	NOT_RESET	NOT_WAYPOINT	-295.4265	1.8	-297.2379	0	0.6027917	0	0.7978987	13.14752	0.1486206	-3.195189	-315	1.8	-303.541	
703.8043	COLLISION_NONE	NOT_SWITCH	NOT_RESET	NOT_WAYPOINT	-295.0505	1.8	-297.4354	0	0.6097316	0	0.792608	13.11473	0.1320801	-3.192852	-315	1.8	-303.541	
703.8243	COLLISION_NONE	NOT_SWITCH	NOT_RESET	NOT_WAYPOINT	-294.6778	1.8	-297.6393	0	0.6166251	0	0.787257	13.13335	0.1507874	-3.219318	-315	1.8	-303.541	
703.8443	COLLISION_NONE	NOT_SWITCH	NOT_RESET	NOT_WAYPOINT	-294.3087	1.8	-297.8495	0	0.6234717	0	0.781846	13.15129	0.157959	-3.240081	-315	1.8	-303.541	
703.8643	COLLISION_NONE	NOT_SWITCH	NOT_RESET	NOT_WAYPOINT	-293.9433	1.8	-298.0661	0	0.6370218	0	0.7708458	13.2098	0.2566223	-3.310766	-315	1.8	-303.541	
703.8843	COLLISION_NONE	NOT_SWITCH	NOT_RESET	NOT_WAYPOINT	-293.6023	1.8	-298.2945	0	0.6437243	0	0.7652575	13.25085	0.2904968	-3.332466	-315	1.8	-303.541	
703.9044	COLLISION_NONE	NOT_SWITCH	NOT_RESET	NOT_WAYPOINT	-293.2826	1.8	-298.5264	0	0.6503779	0	0.7596108	13.29628	0.3416138	-3.344917	-315	1.8	-303.541	
703.9244	COLLISION_NONE	NOT_SWITCH	NOT_RESET	TRIGGER_WAYPOINT	-292.9843	1.8	-298.7611	0	0.6569819	0	0.7539064	13.33817	0.3849487	-3.35491	-286.4683	1.8	-312.8115	
703.9444	COLLISION_NONE	NOT_SWITCH	NOT_RESET	TRIGGER_WAYPOINT	-292.7353	1.8	-299.0038	0	0.6700393	0	0.7423257	13.40992	0.3528442	-3.381485	-304.1019	1.8	-288.541	
703.9644	COLLISION_NONE	NOT_SWITCH	NOT_RESET	NOT_WAYPOINT	-292.6453	1.8	-299.2718	0	0.6764917	0	0.7364503	13.44954	0.3650513	-3.373785	-304.1019	1.8	-288.541	
703.9844	COLLISION_NONE	NOT_SWITCH	NOT_RESET	NOT_WAYPOINT	-292.6733	1.8	-299.5585	0	0.6828926	0	0.7305188	13.44617	0.3128967	-3.36236	-304.1019	1.8	-288.541	
704.0045	COLLISION_NONE	NOT_SWITCH	NOT_RESET	NOT_WAYPOINT	-292.8186	1.8	-299.8626	0	0.6892415	0	0.7245317	13.4146	0.2643433	-3.36393	-304.1019	1.8	-288.541	
704.0245	COLLISION_NONE	NOT_SWITCH	NOT_RESET	NOT_WAYPOINT	-293.0525	1.8	-300.1772	0	0.6955379	0	0.7184894	13.42222	0.2687683	-3.367258	-304.1019	1.8	-288.541	
704.0445	COLLISION_NONE	NOT_SWITCH	NOT_RESET	NOT_WAYPOINT	-293.3208	1.8	-300.4922	0	0.7079714	0	0.7062412	13.39448	0.272522	-3.323758	-304.1019	1.8	-288.541	
704.0645	COLLISION_NONE	NOT_SWITCH	NOT_RESET	NOT_WAYPOINT	-293.6137	1.8	-300.7989	0	0.7141075	0	0.7000362	13.37813	0.2919922	-3.313955	-304.1019	1.8	-288.541	
704.0845	COLLISION_NONE	NOT_SWITCH	NOT_RESET	NOT_WAYPOINT	-293.9085	1.8	-301.1023	0	0.7201892	0	0.6937778	13.37707	0.3283691	-3.316664	-304.1019	1.8	-288.541	
704.1046	COLLISION_NONE	NOT_SWITCH	NOT_RESET	NOT_WAYPOINT	-294.206	1.8	-301.4019	0	0.726216	0	0.6874666	13.367	0.3366089	-3.329606	-304.1019	1.8	-288.541	
704.1246	COLLISION_NONE	NOT_SWITCH	NOT_RESET	NOT_WAYPOINT	-294.5068	1.8	-301.6973	0	0.7321876	0	0.6811031	13.35527	0.3269958	-3.344414	-304.1019	1.8	-288.541	
704.1446	COLLISION_NONE	NOT_SWITCH	NOT_RESET	NOT_WAYPOINT	-294.8116	1.8	-301.988	0	0.7439629	0	0.6682209	13.3723	0.3195496	-3.363344	-304.1019	1.8	-288.541	
704.1646	COLLISION_NONE	NOT_SWITCH	NOT_RESET	NOT_WAYPOINT	-295.1243	1.8	-302.2684	0	0.7497659	0	0.6617033	13.39185	0.3468018	-3.399523	-304.1019	1.8	-288.541	
704.1846	COLLISION_NONE	NOT_SWITCH	NOT_RESET	NOT_WAYPOINT	-295.4421	1.8	-302.5434	0	0.7555117	0	0.6551352	13.37016	0.3432617	-3.409954	-304.1019	1.8	-288.541	
704.2047	COLLISION_NONE	NOT_SWITCH	NOT_RESET	NOT_WAYPOINT	-295.7647	1.8	-302.8128	0	0.7612	0	0.6485173	13.37482	0.3629456	-3.450109	-304.1019	1.8	-288.541	
704.2247	COLLISION_NONE	NOT_SWITCH	NOT_RESET	NOT_WAYPOINT	-296.0919	1.8	-303.0767	0	0.7668303	0	0.6418499	13.31534	0.3703918	-3.451455	-304.1019	1.8	-288.541	
704.2447	COLLISION_NONE	NOT_SWITCH	NOT_RESET	NOT_WAYPOINT	-296.4236	1.8	-303.3349	0	0.7779153	0	0.6283692	13.27052	0.390564	-3.490417	-304.1019	1.8	-288.541	
704.2647	COLLISION_NONE	NOT_SWITCH	NOT_RESET	NOT_WAYPOINT	-296.7635	1.8	-303.5812	0	0.7833692	0	0.6215567	13.27165	0.411438	-3.512584	-304.1019	1.8	-288.541	
704.2847	COLLISION_NONE	NOT_SWITCH	NOT_RESET	NOT_WAYPOINT	-297.1082	1.8	-303.8214	0	0.7887634	0	0.6146969	13.27624	0.4240417	-3.525461	-304.1019	1.8	-288.541	
704.3047	COLLISION_NONE	NOT_SWITCH	NOT_RESET	NOT_WAYPOINT	-297.4572	1.8	-304.0556	0	0.7940975	0	0.6077904	13.28945	0.465271	-3.531332	-304.1019	1.8	-288.541	
704.3248	COLLISION_NONE	NOT_SWITCH	NOT_RESET	TRIGGER_WAYPOINT	-297.8102	1.8	-304.2838	0	0.804584	0	0.5938389	13.29899	0.500946	-3.523742	-304.1019	1.8	-318.541	
704.3448	COLLISION_NONE	NOT_SWITCH	NOT_RESET	NOT_WAYPOINT	-298.1705	1.8	-304.4993	0	0.8097355	0	0.5867951	13.25364	0.5048828	-3.490601	-304.1019	1.8	-318.541	
704.3648	COLLISION_NONE	NOT_SWITCH	NOT_RESET	NOT_WAYPOINT	-298.5349	1.8	-304.7084	0	0.8148254	0	0.5797065	13.23953	0.5066833	-3.482952	-304.1019	1.8	-318.541	
704.3848	COLLISION_NONE	NOT_SWITCH	NOT_RESET	NOT_WAYPOINT	-298.903	1.8	-304.9112	0	0.8198532	0	0.5725739	13.22356	0.4765625	-3.450892	-304.1019	1.8	-318.541	
704.4048	COLLISION_NONE	NOT_SWITCH	NOT_RESET	NOT_WAYPOINT	-299.2747	1.8	-305.1076	0	0.8248186	0	0.5653976	13.22814	0.4889221	-3.431925	-304.1019	1.8	-318.541	
704.4249	COLLISION_NONE	NOT_SWITCH	NOT_RESET	NOT_WAYPOINT	-299.6496	1.8	-305.2977	0	0.8345605	0	0.5509164	13.1728	0.4500732	-3.407169	-304.1019	1.8	-318.541	
704.4449	COLLISION_NONE	NOT_SWITCH	NOT_RESET	NOT_WAYPOINT	-300.0304	1.8	-305.4745	0	0.8393363	0	0.5436126	13.15828	0.4430847	-3.386472	-304.1019	1.8	-318.541	
704.4649	COLLISION_NONE	NOT_SWITCH	NOT_RESET	NOT_WAYPOINT	-300.4146	1.8	-305.6445	0	0.8440481	0	0.5362674	13.15828	0.4430847	-3.386472	-304.1019	1.8	-318.541	
704.4849	COLLISION_NONE	NOT_SWITCH	NOT_RESET	NOT_WAYPOINT	-300.8019	1.8	-305.8077	0	0.8486958	0	0.5288814	13.21744	0.4827881	-3.358237	-304.1019	1.8	-318.541	
704.5049	COLLISION_NONE	NOT_SWITCH	NOT_RESET	NOT_WAYPOINT	-301.192	1.8	-305.9643	0	0.8532788	0	0.521455	13.23347	0.510498	-3.341139	-304.1019	1.8	-318.541	
704.525	COLLISION_NONE	NOT_SWITCH	NOT_RESET	NOT_WAYPOINT	-301.5847	1.8	-306.1142	0	0.8622494	0	0.5064839	13.26231	0.5190735	-3.308859	-304.1019	1.8	-318.541	
704.545	COLLISION_NONE	NOT_SWITCH	NOT_RESET	NOT_WAYPOINT	-301.9819	1.8	-306.2502	0	0.8666365	0	0.4989402	13.2401	0.4996033	-3.279001	-304.1019	1.8	-318.541	
704.565	COLLISION_NONE	NOT_SWITCH	NOT_RESET	NOT_WAYPOINT	-302.3817	1.8	-306.3791	0	0.8709575	0	0.4913584	13.25255	0.5283813	-3.272269	-304.1019	1.8	-318.541	
704.585	COLLISION_NONE	NOT_SWITCH	NOT_RESET	NOT_WAYPOINT	-302.7733	1.8	-306.4883	0	0.8752122	0	0.4837393	13.21509	0.4916992	-3.226426	-304.1019	1.8	-318.541	
704.605	COLLISION_NONE	NOT_SWITCH	NOT_RESET	NOT_WAYPOINT	-303.1544	1.8	-306.5786	0	0.8794003	0	0.4760833	13.21163	0.4906006	-3.219481	-304.1019	1.8	-318.541	
704.6251	COLLISION_NONE	NOT_SWITCH	NOT_RESET	NOT_WAYPOINT	-303.5249	1.8	-306.6503	0	0.8875751	0	0.4606631	13.1702	0.5037537	-3.199395	-304.1019	1.8	-318.541	
704.6451	COLLISION_NONE	NOT_SWITCH	NOT_RESET	NOT_WAYPOINT	-303.8718	1.8	-306.6861	0	0.8915613	0	0.4529001	13.18536	0.5140076	-3.188065	-304.1019	1.8	-318.541	
704.6651	COLLISION_NONE	NOT_SWITCH	NOT_RESET	NOT_WAYPOINT	-304.2072	1.8	-306.704	0	0.8954796	0	0.4451026	13.18681	0.5354004	-3.185586	-304.1019	1.8	-318.541	
704.6851	COLLISION_NONE	NOT_SWITCH	NOT_RESET	NOT_WAYPOINT	-304.5312	1.8	-306.7041	0	0.8993297	0	0.4372712	13.2049	0.5497437	-3.205228	-304.1019	1.8	-318.541	
704.7051	COLLISION_NONE	NOT_SWITCH	NOT_RESET	NOT_WAYPOINT	-304.8438	1.8	-306.6864	0	0.9031113	0	0.4294066	13.25513	0.6186218	-3.272258	-304.1019	1.8	-318.541	
704.7252	COLLISION_NONE	NOT_SWITCH	NOT_RESET	NOT_WAYPOINT	-305.1469	1.8	-306.6544	0	0.9104679	0	0.4135797	13.2829	0.7244263	-3.327158	-304.1019	1.8	-318.541	
704.7452	COLLISION_NONE	NOT_SWITCH	NOT_RESET	NOT_WAYPOINT	-305.4382	1.8	-306.609	0	0.9140424	0	0.4056188	13.27337	0.7392883	-3.335858	-304.1019	1.8	-318.541	
704.7652	COLLISION_NONE	NOT_SWITCH	NOT_RESET	NOT_WAYPOINT	-305.7262	1.8	-306.5622	0	0.9175472	0	0.3976269	13.28464	0.8002625	-3.357156	-304.1019	1.8	-318.541	
704.7852	COLLISION_NONE	NOT_SWITCH	NOT_RESET	NOT_WAYPOINT	-306.0007	1.8	-306.4975	0	0.9209822	0	0.3896047	13.26653	0.7947083	-3.350365	-304.1019	1.8	-318.541	
704.8052	COLLISION_NONE	NOT_SWITCH	NOT_RESET	NOT_WAYPOINT	-306.2448	1.8	-306.3916	0	0.924347	0	0.3815529	13.33402	0.8546753	-3.393881	-304.1019	1.8	-318.541	
704.8253	COLLISION_NONE	NOT_SWITCH	NOT_RESET	NOT_WAYPOINT	-306.4412	1.8	-306.2215	0	0.9308652	0	0.3653628	13.36663	0.8674011	-3.39292	-304.1019	1.8	-318.541	
704.8453	COLLISION_NONE	NOT_SWITCH	NOT_RESET	NOT_WAYPOINT	-306.4895	1.8	-305.8738	0	0.9340181	0	0.3572256	13.37561	0.8479919	-3.405849	-304.1019	1.8	-318.541	
704.8653	COLLISION_NONE	NOT_SWITCH	NOT_RESET	NOT_WAYPOINT	-306.492	1.8	-305.4823	0	0.9370999	0	0.3490613	13.37501	0.8349915	-3.41816	-304.1019	1.8	-318.541	
704.8853	COLLISION_NONE	NOT_SWITCH	NOT_RESET	NOT_WAYPOINT	-306.4755	1.8	-305.0776	0	0.9401103	0	0.3408704	13.3594	0.8154297	-3.413054	-304.1019	1.8	-318.541	
704.9053	COLLISION_NONE	NOT_SWITCH	NOT_RESET	NOT_WAYPOINT	-306.4497	1.8	-304.6697	0	0.9446965	0	0.3279459	13.31586	0.7434387	-3.406812	-304.1019	1.8	-318.541	
704.9254	COLLISION_NONE	NOT_SWITCH	NOT_RESET	NOT_WAYPOINT	-306.4104	1.8	-304.2616	0	0.9456008	0	0.3253293	13.30453	0.7326355	-3.383122	-304.1019	1.8	-318.541	
704.9454	COLLISION_NONE	NOT_SWITCH	NOT_RESET	NOT_WAYPOINT	-306.3578	1.8	-303.8705	0	0.9460502	0	0.3240201	13.24155	0.6880493	-3.344807	-304.1019	1.8	-318.541	
704.9654	COLLISION_NONE	NOT_SWITCH	NOT_RESET	NOT_WAYPOINT	-306.2924	1.8	-303.4968	0	0.9456265	0	0.3252547	13.2045	0.6600037	-3.340416	-304.1019	1.8	-318.541	
704.9854	COLLISION_NONE	NOT_SWITCH	NOT_RESET	NOT_WAYPOINT	-306.2146	1.8	-303.1406	0	0.9444562	0	0.3286375	13.14474	0.6050415	-3.303496	-304.1019	1.8	-318.541	
705.0054	COLLISION_NONE	NOT_SWITCH	NOT_RESET	NOT_WAYPOINT	-306.1346	1.8	-302.8065	0	0.9399019	0	0.3414446	13.09608	0.507782	-3.268055	-304.1019	1.8	-318.541	
705.0255	COLLISION_NONE	NOT_SWITCH	NOT_RESET	NOT_WAYPOINT	-306.0674	1.8	-302.5154	0	0.9371112	0	0.3490309	13.10357	0.4578247	-3.238797	-304.1019	1.8	-318.541	
705.0455	COLLISION_NONE	NOT_SWITCH	NOT_RESET	NOT_WAYPOINT	-306.0126	1.8	-302.2591	0	0.9341446	0	0.3568949	13.12337	0.4311523	-3.217773	-304.1019	1.8	-318.541	
705.0655	COLLISION_NONE	NOT_SWITCH	NOT_RESET	NOT_WAYPOINT	-305.9821	1.8	-302.0695	0	0.9310533	0	0.3648834	13.1243	0.3900146	-3.20499	-304.1019	1.8	-318.541	
705.0855	COLLISION_NONE	NOT_SWITCH	NOT_RESET	NOT_WAYPOINT	-305.996	1.8	-301.9934	0	0.9278637	0	0.3729198	13.11885	0.3618774	-3.183356	-304.1019	1.8	-318.541	
705.1055	COLLISION_NONE	NOT_SWITCH	NOT_RESET	NOT_WAYPOINT	-306.0836	1.8	-302.0099	0	0.9212374	0	0.3890009	13.157	0.2967529	-3.163579	-304.1019	1.8	-318.541	
705.1255	COLLISION_NONE	NOT_SWITCH	NOT_RESET	NOT_WAYPOINT	-306.3146	1.8	-302.2127	0	0.9178117	0	0.3970161	13.21253	0.3372803	-3.174147	-304.1019	1.8	-318.541	
705.1456	COLLISION_NONE	NOT_SWITCH	NOT_RESET	NOT_WAYPOINT	-306.5431	1.8	-302.4154	0	0.9143142	0	0.4050057	13.223	0.3294678	-3.164884	-304.1019	1.8	-318.541	
705.1656	COLLISION_NONE	NOT_SWITCH	NOT_RESET	NOT_WAYPOINT	-306.7682	1.8	-302.62	0	0.9107462	0	0.4129668	13.223	0.3294678	-3.164884	-304.1019	1.8	-318.541	
705.1856	COLLISION_NONE	NOT_SWITCH	NOT_RESET	NOT_WAYPOINT	-306.9898	1.8	-302.8275	0	0.9071082	0	0.4208976	13.29307	0.3850098	-3.201982	-304.1019	1.8	-318.541	
705.2056	COLLISION_NONE	NOT_SWITCH	NOT_RESET	NOT_WAYPOINT	-307.2077	1.8	-303.0386	0	0.8996247	0	0.4366639	13.37309	0.427002	-3.240971	-304.1019	1.8	-318.541	
705.2256	COLLISION_NONE	NOT_SWITCH	NOT_RESET	NOT_WAYPOINT	-307.4175	1.8	-303.2569	0	0.89578	0	0.4444977	13.40637	0.4515381	-3.277631	-304.1019	1.8	-318.541	
705.2457	COLLISION_NONE	NOT_SWITCH	NOT_RESET	NOT_WAYPOINT	-307.6236	1.8	-303.4795	0	0.891867	0	0.4522978	13.44488	0.5005188	-3.276053	-304.1019	1.8	-318.541	
705.2657	COLLISION_NONE	NOT_SWITCH	NOT_RESET	NOT_WAYPOINT	-307.8258	1.8	-303.7058	0	0.887886	0	0.4600635	13.46719	0.517395	-3.285102	-304.1019	1.8	-318.541	
705.2857	COLLISION_NONE	NOT_SWITCH	NOT_RESET	NOT_WAYPOINT	-308.0424	1.8	-303.9218	0	0.8838375	0	0.4677941	13.51751	0.5350647	-3.315723	-304.1019	1.8	-318.541	
705.3057	COLLISION_NONE	NOT_SWITCH	NOT_RESET	NOT_WAYPOINT	-308.2755	1.8	-304.1277	0	0.8755388	0	0.4831479	13.54414	0.5130615	-3.357826	-304.1019	1.8	-318.541	
705.3257	COLLISION_NONE	NOT_SWITCH	NOT_RESET	NOT_WAYPOINT	-308.5589	1.8	-304.3068	0	0.8712892	0	0.49077	13.51961	0.463623	-3.34913	-304.1019	1.8	-318.541	
705.3458	COLLISION_NONE	NOT_SWITCH	NOT_RESET	NOT_WAYPOINT	-308.8536	1.8	-304.485	0	0.8669733	0	0.4983546	13.53827	0.4745178	-3.341267	-304.1019	1.8	-318.541	
705.3658	COLLISION_NONE	NOT_SWITCH	NOT_RESET	NOT_WAYPOINT	-309.1604	1.8	-304.6589	0	0.8625914	0	0.5059013	13.52588	0.4431458	-3.298922	-304.1019	1.8	-318.541	
705.3858	COLLISION_NONE	NOT_SWITCH	NOT_RESET	NOT_WAYPOINT	-309.4857	1.8	-304.8258	0	0.8581438	0	0.5134095	13.51773	0.4227295	-3.255317	-304.1019	1.8	-318.541	
705.4058	COLLISION_NONE	NOT_SWITCH	NOT_RESET	TRIGGER_WAYPOINT	-309.8256	1.8	-304.9898	0	0.8490528	0	0.528308	13.55389	0.4902954	-3.230122	-321.7354	1.8	-294.2705	
705.4258	COLLISION_NONE	NOT_SWITCH	NOT_RESET	NOT_WAYPOINT	-310.2564	1.8	-305.1196	0	0.8444102	0	0.5356972	13.55693	0.4824829	-3.224064	-321.7354	1.8	-294.2705	
705.4459	COLLISION_NONE	NOT_SWITCH	NOT_RESET	NOT_WAYPOINT	-310.6689	1.8	-305.2605	0	0.8397033	0	0.5430455	13.59149	0.5228271	-3.212846	-321.7354	1.8	-294.2705	
705.4659	COLLISION_NONE	NOT_SWITCH	NOT_RESET	NOT_WAYPOINT	-311.074	1.8	-305.4066	0	0.8349324	0	0.5503525	13.60698	0.543335	-3.196507	-321.7354	1.8	-294.2705	
705.4859	COLLISION_NONE	NOT_SWITCH	NOT_RESET	NOT_WAYPOINT	-311.4756	1.8	-305.5543	0	0.8252003	0	0.5648403	13.58597	0.5437927	-3.210262	-321.7354	1.8	-294.2705	
705.5059	COLLISION_NONE	NOT_SWITCH	NOT_RESET	NOT_WAYPOINT	-311.8727	1.8	-305.7004	0	0.8202397	0	0.5720199	13.57601	0.5588074	-3.218656	-321.7354	1.8	-294.2705	
705.5259	COLLISION_NONE	NOT_SWITCH	NOT_RESET	NOT_WAYPOINT	-312.2662	1.8	-305.8503	0	0.8152167	0	0.579156	13.5089	0.5049438	-3.223825	-321.7354	1.8	-294.2705	
705.546	COLLISION_NONE	NOT_SWITCH	NOT_RESET	NOT_WAYPOINT	-312.6557	1.8	-306.006	0	0.8101317	0	0.586248	13.50213	0.5097656	-3.265586	-321.7354	1.8	-294.2705	
705.566	COLLISION_NONE	NOT_SWITCH	NOT_RESET	NOT_WAYPOINT	-313.0409	1.8	-306.169	0	0.804985	0	0.5932953	13.45418	0.4819946	-3.267831	-321.7354	1.8	-294.2705	
705.586	COLLISION_NONE	NOT_SWITCH	NOT_RESET	NOT_WAYPOINT	-313.4216	1.8	-306.3405	0	0.7945079	0	0.6072538	13.42572	0.4255676	-3.291747	-321.7354	1.8	-294.2705	
705.606	COLLISION_NONE	NOT_SWITCH	NOT_RESET	NOT_WAYPOINT	-313.7835	1.8	-306.5275	0	0.7891785	0	0.614164	13.45216	0.4555359	-3.316889	-321.7354	1.8	-294.2705	
705.626	COLLISION_NONE	NOT_SWITCH	NOT_RESET	NOT_WAYPOINT	-314.1372	1.8	-306.6943	0	0.7837889	0	0.6210274	13.46748	0.4719849	-3.325904	-321.7354	1.8	-294.2705	
705.6461	COLLISION_NONE	NOT_SWITCH	NOT_RESET	NOT_WAYPOINT	-314.4833	1.8	-306.841	0	0.7783396	0	0.6278435	13.49401	0.5002441	-3.33717	-321.7354	1.8	-294.2705	
705.6661	COLLISION_NONE	NOT_SWITCH	NOT_RESET	NOT_WAYPOINT	-314.8221	1.8	-306.9675	0	0.7728311	0	0.6346118	13.52463	0.5332642	-3.326797	-321.7354	1.8	-294.2705	
705.6861	COLLISION_NONE	NOT_SWITCH	NOT_RESET	NOT_WAYPOINT	-315.1536	1.8	-307.0739	0	0.7616379	0	0.6480029	13.55115	0.5619507	-3.341503	-321.7354	1.8	-294.2705	
705.7061	COLLISION_NONE	NOT_SWITCH	NOT_RESET	NOT_WAYPOINT	-315.4719	1.8	-307.1383	0	0.7559541	0	0.6546247	13.56554	0.5721741	-3.358036	-321.7354	1.8	-294.2705	
705.7261	COLLISION_NONE	NOT_SWITCH	NOT_RESET	NOT_WAYPOINT	-315.7751	1.8	-307.1272	0	0.7502127	0	0.6611966	13.54934	0.5391846	-3.361789	-321.7354	1.8	-294.2705	
705.7462	COLLISION_NONE	NOT_SWITCH	NOT_RESET	NOT_WAYPOINT	-316.0599	1.8	-307.0054	0	0.7445552	0	0.667561	13.535	0.5382385	-3.389855	-321.7354	1.8	-294.2705	
705.7662	COLLISION_NONE	NOT_SWITCH	NOT_RESET	NOT_WAYPOINT	-316.3316	1.8	-306.7794	0	0.7390572	0	0.6736428	13.47532	0.4910278	-3.38725	-321.7354	1.8	-294.2705	
705.7862	COLLISION_NONE	NOT_SWITCH	NOT_RESET	NOT_WAYPOINT	-316.5995	1.8	-306.4925	0	0.7285171	0	0.6850277	13.42452	0.4168091	-3.395184	-321.7354	1.8	-294.2705	
705.8062	COLLISION_NONE	NOT_SWITCH	NOT_RESET	NOT_WAYPOINT	-316.879	1.8	-306.1648	0	0.7234837	0	0.6903415	13.37848	0.3598938	-3.365689	-321.7354	1.8	-294.2705	
705.8262	COLLISION_NONE	NOT_SWITCH	NOT_RESET	NOT_WAYPOINT	-317.1591	1.8	-305.8534	0	0.7187449	0	0.6952739	13.36213	0.321167	-3.352459	-321.7354	1.8	-294.2705	
705.8463	COLLISION_NONE	NOT_SWITCH	NOT_RESET	NOT_WAYPOINT	-317.439	1.8	-305.546	0	0.7144951	0	0.6996405	13.34732	0.3118591	-3.342572	-321.7354	1.8	-294.2705	
705.8663	COLLISION_NONE	NOT_SWITCH	NOT_RESET	NOT_WAYPOINT	-317.7176	1.8	-305.2406	0	0.7107787	0	0.7034157	13.30543	0.2600708	-3.323232	-321.7354	1.8	-294.2705	
705.8863	COLLISION_NONE	NOT_SWITCH	NOT_RESET	NOT_WAYPOINT	-317.9967	1.8	-304.9385	0	0.7069807	0	0.7072329	13.25606	0.2096252	-3.317422	-321.7354	1.8	-294.2705	
705.9063	COLLISION_NONE	NOT_SWITCH	NOT_RESET	NOT_WAYPOINT	-318.2753	1.8	-304.6796	0	0.7066828	0	0.7075305	13.2661	0.2012939	-3.33284	-321.7354	1.8	-294.2705	
705.9263	COLLISION_NONE	NOT_SWITCH	NOT_RESET	NOT_WAYPOINT	-318.5523	1.8	-304.4312	0	0.7083039	0	0.7059076	13.21916	0.1874084	-3.329776	-321.7354	1.8	-294.2705	
705.9464	COLLISION_NONE	NOT_SWITCH	NOT_RESET	NOT_WAYPOINT	-318.8295	1.8	-304.2399	0	0.7121532	0	0.7020242	13.23541	0.2185059	-3.340673	-321.7354	1.8	-294.2705	
705.9664	COLLISION_NONE	NOT_SWITCH	NOT_RESET	NOT_WAYPOINT	-319.1088	1.8	-304.1405	0	0.7171177	0	0.6969521	13.19872	0.1938477	-3.303873	-321.7354	1.8	-294.2705	
705.9864	COLLISION_NONE	NOT_SWITCH	NOT_RESET	NOT_WAYPOINT	-319.3936	1.8	-304.1606	0	0.7283352	0	0.6852211	13.19302	0.2671204	-3.316319	-321.7354	1.8	-294.2705	
706.0064	COLLISION_NONE	NOT_SWITCH	NOT_RESET	NOT_WAYPOINT	-319.6991	1.8	-304.4165	0	0.7341488	0	0.6789887	13.20285	0.2547302	-3.328689	-321.7354	1.8	-294.2705	
706.0264	COLLISION_NONE	NOT_SWITCH	NOT_RESET	NOT_WAYPOINT	-320.0161	1.8	-304.697	0	0.7399776	0	0.6726316	13.1819	0.2619019	-3.337856	-321.7354	1.8	-294.2705	
706.0464	COLLISION_NONE	NOT_SWITCH	NOT_RESET	NOT_WAYPOINT	-320.3358	1.8	-304.9749	0	0.7457852	0	0.6661865	13.18273	0.2792053	-3.360456	-321.7354	1.8	-294.2705	
706.0665	COLLISION_NONE	NOT_SWITCH	NOT_RESET	NOT_WAYPOINT	-320.6576	1.8	-305.2493	0	0.7515535	0	0.6596721	13.1754	0.276886	-3.374682	-321.7354	1.8	-294.2705	
706.0865	COLLISION_NONE	NOT_SWITCH	NOT_RESET	NOT_WAYPOINT	-320.9819	1.8	-305.5197	0	0.7629396	0	0.6464698	13.18011	0.2450867	-3.406809	-321.7354	1.8	-294.2705	
706.1065	COLLISION_NONE	NOT_SWITCH	NOT_RESET	NOT_WAYPOINT	-321.3118	1.8	-305.7805	0	0.7685499	0	0.6397898	13.19093	0.2475891	-3.392618	-321.7354	1.8	-294.2705	
706.1265	COLLISION_NONE	NOT_SWITCH	NOT_RESET	NOT_WAYPOINT	-321.6461	1.8	-306.036	0	0.7741029	0	0.6330599	13.19093	0.2475891	-3.392618	-321.7354	1.8	-294.2705	
706.1465	COLLISION_NONE	NOT_SWITCH	NOT_RESET	NOT_WAYPOINT	-321.9844	1.8	-306.2859	0	0.7795973	0	0.6262811	13.20982	0.2053223	-3.362917	-321.7354	1.8	-294.2705	
706.1666	COLLISION_NONE	NOT_SWITCH	NOT_RESET	NOT_WAYPOINT	-322.3268	1.8	-306.5301	0	0.7904084	0	0.6125804	13.26357	0.1600342	-3.291713	-321.7354	1.8	-294.2705	
706.1866	COLLISION_NONE	NOT_SWITCH	NOT_RESET	NOT_WAYPOINT	-322.6766	1.8	-306.7623	0	0.7957239	0	0.6056595	13.29972	0.1715088	-3.280611	-321.7354	1.8	-294.2705	
706.2066	COLLISION_NONE	NOT_SWITCH	NOT_RESET	NOT_WAYPOINT	-323.0308	1.8	-306.9883	0	0.8009789	0	0.5986926	13.32816	0.1719055	-3.270681	-321.7354	1.8	-294.2705	
706.2266	COLLISION_NONE	NOT_SWITCH	NOT_RESET	NOT_WAYPOINT	-323.389	1.8	-307.2082	0	0.8061729	0	0.59168	13.34515	0.1578979	-3.237443	-321.7354	1.8	-294.2705	
706.2466	COLLISION_NONE	NOT_SWITCH	NOT_RESET	NOT_WAYPOINT	-323.751	1.8	-307.4219	0	0.8113055	0	0.5846224	13.36501	0.1870422	-3.231013	-321.7354	1.8	-294.2705	
706.2667	COLLISION_NONE	NOT_SWITCH	NOT_RESET	NOT_WAYPOINT	-324.1166	1.8	-307.6294	0	0.821385	0	0.5703742	13.39005	0.1939087	-3.216525	-321.7354	1.8	-294.2705	
706.2867	COLLISION_NONE	NOT_SWITCH	NOT_RESET	NOT_WAYPOINT	-324.4886	1.8	-307.8239	0	0.8263311	0	0.5631846	13.3822	0.1774597	-3.204286	-321.7354	1.8	-294.2705	
706.3067	COLLISION_NONE	NOT_SWITCH	NOT_RESET	NOT_WAYPOINT	-324.8644	1.8	-308.0117	0	0.8312143	0	0.5559522	13.40563	0.2130127	-3.218237	-321.7354	1.8	-294.2705	
706.3267	COLLISION_NONE	NOT_SWITCH	NOT_RESET	NOT_WAYPOINT	-325.2436	1.8	-308.193	0	0.8360342	0	0.5486774	13.40563	0.2130127	-3.218237	-321.7354	1.8	-294.2705	
706.3467	COLLISION_NONE	NOT_SWITCH	NOT_RESET	NOT_WAYPOINT	-325.6259	1.8	-308.3678	0	0.8407904	0	0.5413608	13.38373	0.2619019	-3.243534	-321.7354	1.8	-294.2705	
706.3668	COLLISION_NONE	NOT_SWITCH	NOT_RESET	NOT_WAYPOINT	-326.0111	1.8	-308.5359	0	0.8501104	0	0.5266045	13.38	0.3150024	-3.236973	-321.7354	1.8	-294.2705	
706.3868	COLLISION_NONE	NOT_SWITCH	NOT_RESET	NOT_WAYPOINT	-326.4015	1.8	-308.6905	0	0.8546734	0	0.5191659	13.39845	0.3214722	-3.222624	-321.7354	1.8	-294.2705	
706.4068	COLLISION_NONE	NOT_SWITCH	NOT_RESET	TRIGGER_WAYPOINT	-326.7948	1.8	-308.838	0	0.8591715	0	0.5116879	13.41071	0.354126	-3.24706	-321.7354	1.8	-324.2705	
