#Walking Trial Path#
#TimeStamp#	#Collision Event#	#Mode Switch Event#	#Reset Event#	#Waypoint Event#	#PositionX#	#PositionY#	#PositionZ#	#OrientationX#	#OrientationY#	#OrientationZ#	#OrientationW#	#HeadOrientationX#	#HeadOrientationY#	#HeadOrientationZ#	#WayPointX#	#WayPointY#	#WayPointZ#	
639.2213	COLLISION_NONE	CORRECT_SWITCH	NOT_RESET	NOT_WAYPOINT	329.6221	4.041053	-303.5401	0	0	0	1	15.51642	-3.396271	1.955302	315	1.492903	-301.548	
639.2413	COLLISION_NONE	NOT_SWITCH	NOT_RESET	NOT_WAYPOINT	329.7535	4.064346	-305.2364	0	0	0	1	15.54089	-3.333923	1.94517	315	1.492903	-301.548	
639.2613	COLLISION_NONE	NOT_SWITCH	NOT_RESET	NOT_WAYPOINT	329.8576	4.079248	-306.8365	0	0	0	1	15.56007	-3.311859	1.931759	315	1.492903	-301.548	
639.2813	COLLISION_NONE	NOT_SWITCH	NOT_RESET	NOT_WAYPOINT	329.9349	4.0861	-308.3405	0	0	0	1	15.5646	-3.200684	1.896057	315	1.492903	-301.548	
639.3013	COLLISION_NONE	NOT_SWITCH	NOT_RESET	NOT_WAYPOINT	329.9593	4.077559	-309.6517	0	0	0	1	15.5733	-3.150635	1.865474	315	1.492903	-301.548	
639.3214	COLLISION_NONE	NOT_SWITCH	NOT_RESET	NOT_WAYPOINT	329.9578	4.06205	-310.8664	0	0	0	1	15.55989	-3.119995	1.827172	315	1.492903	-301.548	
639.3414	COLLISION_NONE	NOT_SWITCH	NOT_RESET	NOT_WAYPOINT	329.9308	4.040003	-311.9843	0	0	0	1	15.55674	-3.044067	1.800643	315	1.492903	-301.548	
639.3614	COLLISION_NONE	NOT_SWITCH	NOT_RESET	NOT_WAYPOINT	329.879	4.011872	-313.0055	0	0	0	1	15.54848	-3.020111	1.767617	315	1.492903	-301.548	
639.3814	COLLISION_NONE	NOT_SWITCH	NOT_RESET	NOT_WAYPOINT	329.8029	3.97815	-313.9297	0	0	0	1	15.63282	-2.894623	1.687642	315	1.492903	-301.548	
639.4014	COLLISION_NONE	NOT_SWITCH	NOT_RESET	NOT_WAYPOINT	329.6794	3.934309	-314.6595	0	0	0	1	15.67208	-2.837921	1.635335	315	1.492903	-301.548	
639.4214	COLLISION_NONE	NOT_SWITCH	NOT_RESET	NOT_WAYPOINT	329.5331	3.886624	-315.292	0	0	0	1	15.71166	-2.763733	1.594956	315	1.492903	-301.548	
639.4415	COLLISION_NONE	NOT_SWITCH	NOT_RESET	NOT_WAYPOINT	329.3647	3.835848	-315.827	0	0	0	1	15.74297	-2.704681	1.540086	315	1.492903	-301.548	
639.4615	COLLISION_NONE	NOT_SWITCH	NOT_RESET	NOT_WAYPOINT	329.1752	3.782855	-316.2643	0	0	0	1	15.76992	-2.657318	1.496986	315	1.492903	-301.548	
639.4815	COLLISION_NONE	NOT_SWITCH	NOT_RESET	NOT_WAYPOINT	328.9658	3.728686	-316.6035	0	0	0	1	15.78459	-2.532776	1.417154	315	1.492903	-301.548	
639.5015	COLLISION_NONE	NOT_SWITCH	NOT_RESET	NOT_WAYPOINT	328.7195	3.674764	-316.7465	0	0	0	1	15.80206	-2.440826	1.37219	315	1.492903	-301.548	
639.5215	COLLISION_NONE	NOT_SWITCH	NOT_RESET	NOT_WAYPOINT	328.4576	3.625929	-316.791	0	0	0	1	15.75925	-2.381378	1.29614	315	1.492903	-301.548	
639.5416	COLLISION_NONE	NOT_SWITCH	NOT_RESET	NOT_WAYPOINT	328.1868	3.588185	-316.7371	0	0	0	1	15.75076	-2.313416	1.245869	315	1.492903	-301.548	
639.5616	COLLISION_NONE	NOT_SWITCH	NOT_RESET	NOT_WAYPOINT	327.9504	3.556089	-316.7766	0	0	0	1	15.69518	-2.273163	1.223322	315	1.492903	-301.548	
639.5816	COLLISION_NONE	NOT_SWITCH	NOT_RESET	NOT_WAYPOINT	327.6852	3.516134	-316.7204	0	0	0	1	15.65807	-2.16153	1.153717	315	1.492903	-301.548	
639.6016	COLLISION_NONE	NOT_SWITCH	NOT_RESET	NOT_WAYPOINT	327.5111	3.51274	-316.8365	0	0	0	1	15.63414	-2.100281	1.117059	315	1.492903	-301.548	
639.6216	COLLISION_NONE	NOT_SWITCH	NOT_RESET	NOT_WAYPOINT	327.2932	3.487567	-316.8646	0	0	0	1	15.61959	-2.082336	1.093477	315	1.492903	-301.548	
639.6417	COLLISION_NONE	NOT_SWITCH	NOT_RESET	NOT_WAYPOINT	327.0362	3.446412	-316.8014	0	0	0	1	15.54239	-2.018829	1.031164	315	1.492903	-301.548	
639.6617	COLLISION_NONE	NOT_SWITCH	NOT_RESET	NOT_WAYPOINT	326.8289	3.426401	-316.8213	0	0	0	1	15.51946	-1.97937	0.9957542	315	1.492903	-301.548	
639.6817	COLLISION_NONE	NOT_SWITCH	NOT_RESET	NOT_WAYPOINT	326.5763	3.383035	-316.7541	0	0	0	1	15.41054	-1.936249	0.9439437	315	1.492903	-301.548	
639.7017	COLLISION_NONE	NOT_SWITCH	NOT_RESET	NOT_WAYPOINT	326.4285	3.390021	-316.847	0	0	0	1	15.33654	-1.91394	0.9028597	315	1.492903	-301.548	
639.7217	COLLISION_NONE	NOT_SWITCH	NOT_RESET	NOT_WAYPOINT	326.2295	3.368419	-316.8575	0	0	0	1	15.33654	-1.91394	0.9028597	315	1.492903	-301.548	
639.7418	COLLISION_NONE	NOT_SWITCH	NOT_RESET	NOT_WAYPOINT	325.984	3.325072	-316.7814	0	0	0	1	15.23056	-1.847015	0.8535182	315	1.492903	-301.548	
639.7618	COLLISION_NONE	NOT_SWITCH	NOT_RESET	NOT_WAYPOINT	325.7904	3.303553	-316.7867	0	0	0	1	15.14459	-1.786591	0.8159142	315	1.492903	-301.548	
639.7818	COLLISION_NONE	NOT_SWITCH	NOT_RESET	NOT_WAYPOINT	325.5032	3.237998	-316.619	0	0	0	1	15.13181	-1.779114	0.7967858	315	1.492903	-301.548	
639.8018	COLLISION_NONE	NOT_SWITCH	NOT_RESET	NOT_WAYPOINT	325.2642	3.191433	-316.5359	0	0	0	1	15.09388	-1.733215	0.8000245	315	1.492903	-301.548	
639.8218	COLLISION_NONE	NOT_SWITCH	NOT_RESET	NOT_WAYPOINT	325.077	3.169652	-316.5333	0	0	0	1	15.08029	-1.688568	0.7979863	315	1.492903	-301.548	
639.8419	COLLISION_NONE	NOT_SWITCH	NOT_RESET	NOT_WAYPOINT	324.845	3.12634	-316.443	0	0	0	1	15.05816	-1.667847	0.808172	315	1.492903	-301.548	
639.8619	COLLISION_NONE	NOT_SWITCH	NOT_RESET	NOT_WAYPOINT	324.6613	3.102117	-316.4372	0	0	0	1	15.0038	-1.674133	0.8092303	315	1.492903	-301.548	
639.8819	COLLISION_NONE	NOT_SWITCH	NOT_RESET	NOT_WAYPOINT	324.4012	3.055282	-316.2471	0	0	0	1	14.99111	-1.625946	0.8081443	315	1.492903	-301.548	
639.9019	COLLISION_NONE	NOT_SWITCH	NOT_RESET	NOT_WAYPOINT	324.1809	3.016422	-316.148	0	0	0	1	14.95004	-1.664063	0.8254578	315	1.492903	-301.548	
639.9219	COLLISION_NONE	NOT_SWITCH	NOT_RESET	NOT_WAYPOINT	324.0034	2.990507	-316.1377	0	0	0	1	14.95027	-1.661224	0.8298385	315	1.492903	-301.548	
639.942	COLLISION_NONE	NOT_SWITCH	NOT_RESET	NOT_WAYPOINT	323.806	2.976953	-316.0308	0	0	0	1	14.95027	-1.661224	0.8298385	315	1.492903	-301.548	
639.962	COLLISION_NONE	NOT_SWITCH	NOT_RESET	NOT_WAYPOINT	323.6324	2.948239	-316.0203	0	0	0	1	14.90154	-1.720032	0.9183292	315	1.492903	-301.548	
639.982	COLLISION_NONE	NOT_SWITCH	NOT_RESET	NOT_WAYPOINT	323.4757	3.011233	-315.8373	0	0	0	1	14.91074	-1.711578	0.9419115	315	1.492903	-301.548	
640.002	COLLISION_NONE	NOT_SWITCH	NOT_RESET	NOT_WAYPOINT	323.3122	3.023879	-315.7426	0	0	0	1	14.90848	-1.737762	0.9459729	315	1.492903	-301.548	
640.022	COLLISION_NONE	NOT_SWITCH	NOT_RESET	NOT_WAYPOINT	323.1456	2.990366	-315.7386	0	0	0	1	14.9098	-1.735199	0.9647081	315	1.492903	-301.548	
640.0421	COLLISION_NONE	NOT_SWITCH	NOT_RESET	NOT_WAYPOINT	323.0037	3.017797	-315.6627	0	0	0	1	14.90118	-1.78183	1.010914	315	1.492903	-301.548	
640.0621	COLLISION_NONE	NOT_SWITCH	NOT_RESET	NOT_WAYPOINT	322.84	2.979071	-315.662	0	0	0	1	14.90829	-1.898682	1.074056	315	1.492903	-301.548	
640.0821	COLLISION_NONE	NOT_SWITCH	NOT_RESET	NOT_WAYPOINT	322.7427	3.077661	-315.541	0	0	0	1	14.9104	-1.92981	1.120243	315	1.492903	-301.548	
640.1021	COLLISION_NONE	NOT_SWITCH	NOT_RESET	NOT_WAYPOINT	322.6127	3.101586	-315.4827	0	0	0	1	14.91524	-1.992096	1.143456	315	1.492903	-301.548	
640.1221	COLLISION_NONE	NOT_SWITCH	NOT_RESET	NOT_WAYPOINT	322.4523	3.053228	-315.4909	0	0	0	1	14.92036	-2.017029	1.154636	315	1.492903	-301.548	
640.1422	COLLISION_NONE	NOT_SWITCH	NOT_RESET	NOT_WAYPOINT	322.3279	3.074698	-315.442	0	0	0	1	14.92516	-2.053131	1.188426	315	1.492903	-301.548	
640.1622	COLLISION_NONE	NOT_SWITCH	NOT_RESET	NOT_WAYPOINT	322.1697	3.020533	-315.4542	0	0	0	1	14.96059	-2.121826	1.302711	315	1.492903	-301.548	
640.1822	COLLISION_NONE	NOT_SWITCH	NOT_RESET	NOT_WAYPOINT	322.0865	3.109194	-315.3586	0	0	0	1	14.96735	-2.104492	1.353998	315	1.492903	-301.548	
640.2022	COLLISION_NONE	NOT_SWITCH	NOT_RESET	NOT_WAYPOINT	321.9659	3.120397	-315.3195	0	0	0	1	14.96069	-2.067474	1.429327	315	1.492903	-301.548	
640.2222	COLLISION_NONE	NOT_SWITCH	NOT_RESET	NOT_WAYPOINT	321.8101	3.056905	-315.3419	0	0	0	1	14.97543	-2.037628	1.490838	315	1.492903	-301.548	
640.2422	COLLISION_NONE	NOT_SWITCH	NOT_RESET	NOT_WAYPOINT	321.6919	3.063164	-315.3081	0	0	0	1	14.97189	-2.000977	1.551513	315	1.492903	-301.548	
640.2623	COLLISION_NONE	NOT_SWITCH	NOT_RESET	NOT_WAYPOINT	321.5387	2.994961	-315.336	0	0	0	1	14.99554	-1.924377	1.621269	315	1.492903	-301.548	
640.2823	COLLISION_NONE	NOT_SWITCH	NOT_RESET	NOT_WAYPOINT	321.4596	3.065079	-315.2495	0	0	0	1	15.00438	-1.869812	1.631601	315	1.492903	-301.548	
640.3023	COLLISION_NONE	NOT_SWITCH	NOT_RESET	NOT_WAYPOINT	321.3434	3.060584	-315.2233	0	0	0	1	14.97827	-1.848022	1.682169	315	1.492903	-301.548	
640.3223	COLLISION_NONE	NOT_SWITCH	NOT_RESET	NOT_WAYPOINT	321.1937	2.987072	-315.2653	0	0	0	1	14.9966	-1.844177	1.689478	315	1.492903	-301.548	
640.3423	COLLISION_NONE	NOT_SWITCH	NOT_RESET	NOT_WAYPOINT	321.0792	2.977403	-315.2428	0	0	0	1	15.00991	-1.820831	1.73128	315	1.492903	-301.548	
640.3624	COLLISION_NONE	NOT_SWITCH	NOT_RESET	NOT_WAYPOINT	320.9044	2.841748	-315.3701	0	0	0	1	14.99949	-1.800385	1.751657	315	1.492903	-301.548	
640.3824	COLLISION_NONE	NOT_SWITCH	NOT_RESET	NOT_WAYPOINT	320.76	2.763862	-315.425	0	0	0	1	14.99151	-1.748108	1.776758	315	1.492903	-301.548	
640.4024	COLLISION_NONE	NOT_SWITCH	NOT_RESET	NOT_WAYPOINT	320.6477	2.746331	-315.4102	0	0	0	1	14.96402	-1.71283	1.783681	315	1.492903	-301.548	
640.4224	COLLISION_NONE	NOT_SWITCH	NOT_RESET	NOT_WAYPOINT	320.5262	2.703908	-315.4929	0	0	0	1	14.96344	-1.660461	1.804807	315	1.492903	-301.548	
640.4424	COLLISION_NONE	NOT_SWITCH	NOT_RESET	NOT_WAYPOINT	320.4161	2.682768	-315.4795	0	0	0	1	14.91924	-1.641998	1.818954	315	1.492903	-301.548	
640.4625	COLLISION_NONE	NOT_SWITCH	NOT_RESET	NOT_WAYPOINT	320.3385	2.721242	-315.536	0	0	0	1	14.82902	-1.563232	1.833142	315	1.492903	-301.548	
640.4825	COLLISION_NONE	NOT_SWITCH	NOT_RESET	NOT_WAYPOINT	320.1981	2.629106	-315.4476	0	0	0	1	14.83151	-1.545929	1.830339	315	1.492903	-301.548	
640.5025	COLLISION_NONE	NOT_SWITCH	NOT_RESET	NOT_WAYPOINT	320.0892	2.59835	-315.428	0	0	0	1	14.78555	-1.506836	1.831838	315	1.492903	-301.548	
640.5225	COLLISION_NONE	NOT_SWITCH	NOT_RESET	NOT_WAYPOINT	320.0161	2.638281	-315.4644	0	0	0	1	14.75416	-1.483795	1.824764	315	1.492903	-301.548	
640.5425	COLLISION_NONE	WAIT_SWITCH	NOT_RESET	NOT_WAYPOINT	315	1.8	-315	0	0	0	1	14.71747	-1.498322	1.80467	315	1.492903	-301.548	
640.5626	COLLISION_NONE	NOT_SWITCH	NOT_RESET	NOT_WAYPOINT	315	1.8	-315	0	0	0	1	14.70197	-1.485931	1.797832	315	1.492903	-301.548	
640.5826	COLLISION_NONE	NOT_SWITCH	NOT_RESET	NOT_WAYPOINT	315	1.8	-315	0	0	0	1	14.6707	-1.491943	1.775863	315	1.492903	-301.548	
640.6026	COLLISION_NONE	NOT_SWITCH	NOT_RESET	NOT_WAYPOINT	315	1.8	-315	0	0	0	1	14.64278	-1.503632	1.784996	315	1.492903	-301.548	
640.6226	COLLISION_NONE	NOT_SWITCH	NOT_RESET	NOT_WAYPOINT	315	1.8	-315	0	0	0	1	14.61223	-1.487701	1.772565	315	1.492903	-301.548	
640.6426	COLLISION_NONE	NOT_SWITCH	NOT_RESET	NOT_WAYPOINT	315	1.8	-315	0	0	0	1	14.5081	-1.456207	1.767516	315	1.492903	-301.548	
640.6627	COLLISION_NONE	NOT_SWITCH	NOT_RESET	NOT_WAYPOINT	315	1.8	-315	0	0	0	1	14.43361	-1.433716	1.765935	315	1.492903	-301.548	
640.6827	COLLISION_NONE	NOT_SWITCH	NOT_RESET	NOT_WAYPOINT	315	1.8	-315	0	0	0	1	14.37309	-1.375031	1.776692	315	1.492903	-301.548	
640.7027	COLLISION_NONE	NOT_SWITCH	NOT_RESET	NOT_WAYPOINT	315	1.8	-315	0	0	0	1	14.29185	-1.341461	1.781914	315	1.492903	-301.548	
640.7227	COLLISION_NONE	NOT_SWITCH	NOT_RESET	NOT_WAYPOINT	315	1.8	-315	0	0	0	1	14.24453	-1.293823	1.767408	315	1.492903	-301.548	
640.7427	COLLISION_NONE	NOT_SWITCH	NOT_RESET	NOT_WAYPOINT	315	1.8	-315	0	0	0	1	14.15644	-1.232361	1.751076	315	1.492903	-301.548	
640.7628	COLLISION_NONE	NOT_SWITCH	NOT_RESET	NOT_WAYPOINT	315	1.8	-315	0	0	0	1	14.1097	-1.18689	1.743126	315	1.492903	-301.548	
640.7828	COLLISION_NONE	NOT_SWITCH	NOT_RESET	NOT_WAYPOINT	315	1.8	-315	0	0	0	1	14.06703	-1.141022	1.731565	315	1.492903	-301.548	
640.8028	COLLISION_NONE	NOT_SWITCH	NOT_RESET	NOT_WAYPOINT	315	1.8	-315	0	0	0	1	14.05773	-1.134125	1.712004	315	1.492903	-301.548	
640.8228	COLLISION_NONE	NOT_SWITCH	NOT_RESET	NOT_WAYPOINT	315	1.8	-315	0	0	0	1	13.99335	-1.119812	1.689591	315	1.492903	-301.548	
640.8428	COLLISION_NONE	NOT_SWITCH	NOT_RESET	NOT_WAYPOINT	315	1.8	-315	0	0	0	1	13.99832	-1.126099	1.709385	315	1.492903	-301.548	
640.8629	COLLISION_NONE	NOT_SWITCH	NOT_RESET	NOT_WAYPOINT	315	1.8	-315	0	0	0	1	14.04505	-1.126953	1.692714	315	1.492903	-301.548	
640.8829	COLLISION_NONE	NOT_SWITCH	NOT_RESET	NOT_WAYPOINT	315	1.8	-315	0	0	0	1	14.08318	-1.116058	1.682846	315	1.492903	-301.548	
640.9029	COLLISION_NONE	NOT_SWITCH	NOT_RESET	NOT_WAYPOINT	315	1.8	-315	0	0	0	1	14.06703	-1.104767	1.664819	315	1.492903	-301.548	
640.9229	COLLISION_NONE	NOT_SWITCH	NOT_RESET	NOT_WAYPOINT	315	1.8	-315	0	0	0	1	14.06544	-1.07135	1.622711	315	1.492903	-301.548	
640.9429	COLLISION_NONE	NOT_SWITCH	NOT_RESET	NOT_WAYPOINT	315	1.8	-315	0	0	0	1	14.00526	-0.9262695	1.492427	315	1.492903	-301.548	
640.963	COLLISION_NONE	NOT_SWITCH	NOT_RESET	NOT_WAYPOINT	315	1.8	-315	0	0	0	1	13.97367	-0.8327942	1.412838	315	1.492903	-301.548	
640.983	COLLISION_NONE	NOT_SWITCH	NOT_RESET	NOT_WAYPOINT	315	1.8	-315	0	0	0	1	13.94102	-0.7091675	1.34446	315	1.492903	-301.548	
641.003	COLLISION_NONE	NOT_SWITCH	NOT_RESET	NOT_WAYPOINT	315	1.8	-315	0	0	0	1	13.9099	-0.5984497	1.276354	315	1.492903	-301.548	
641.023	COLLISION_NONE	NOT_SWITCH	NOT_RESET	NOT_WAYPOINT	315	1.8	-315	0	0	0	1	13.8729	-0.3111572	1.133954	315	1.492903	-301.548	
641.043	COLLISION_NONE	NOT_SWITCH	NOT_RESET	NOT_WAYPOINT	315	1.8	-315	0	0	0	1	13.87473	-0.2325134	1.106809	315	1.492903	-301.548	
641.063	COLLISION_NONE	NOT_SWITCH	NOT_RESET	NOT_WAYPOINT	315	1.8	-315	0	0	0	1	13.85748	-0.07022095	1.000432	315	1.492903	-301.548	
641.0831	COLLISION_NONE	NOT_SWITCH	NOT_RESET	NOT_WAYPOINT	315	1.8	-315	0	0	0	1	13.85678	0.009490967	0.9701829	315	1.492903	-301.548	
641.1031	COLLISION_NONE	NOT_SWITCH	NOT_RESET	NOT_WAYPOINT	315	1.8	-315	0	0	0	1	13.79018	0.156311	0.8617105	315	1.492903	-301.548	
641.1231	COLLISION_NONE	NOT_SWITCH	NOT_RESET	NOT_WAYPOINT	315	1.8	-315	0	0	0	1	13.74825	0.2543945	0.768764	315	1.492903	-301.548	
641.1431	COLLISION_NONE	NOT_SWITCH	NOT_RESET	NOT_WAYPOINT	315	1.8	-315	0	0	0	1	13.70842	0.2723999	0.7348821	315	1.492903	-301.548	
641.1631	COLLISION_NONE	NOT_SWITCH	NOT_RESET	NOT_WAYPOINT	315	1.8	-315	0	0	0	1	13.66376	0.2855835	0.7182145	315	1.492903	-301.548	
641.1832	COLLISION_NONE	NOT_SWITCH	NOT_RESET	NOT_WAYPOINT	315	1.8	-315	0	0	0	1	13.61545	0.2892761	0.6920478	315	1.492903	-301.548	
641.2032	COLLISION_NONE	NOT_SWITCH	NOT_RESET	NOT_WAYPOINT	315	1.8	-315	0	0	0	1	13.53496	0.276123	0.6771853	315	1.492903	-301.548	
641.2232	COLLISION_NONE	NOT_SWITCH	NOT_RESET	NOT_WAYPOINT	315	1.8	-315	0	0	0	1	13.36875	0.2827148	0.692178	315	1.492903	-301.548	
641.2432	COLLISION_NONE	NOT_SWITCH	NOT_RESET	NOT_WAYPOINT	315	1.8	-315	0	0	0	1	13.30085	0.2867432	0.7137415	315	1.492903	-301.548	
641.2632	COLLISION_NONE	NOT_SWITCH	NOT_RESET	NOT_WAYPOINT	315	1.8	-315	0	0	0	1	13.19745	0.2634888	0.7262144	315	1.492903	-301.548	
641.2833	COLLISION_NONE	NOT_SWITCH	NOT_RESET	NOT_WAYPOINT	315	1.8	-315	0	0	0	1	13.13179	0.265564	0.7255268	315	1.492903	-301.548	
641.3033	COLLISION_NONE	NOT_SWITCH	NOT_RESET	NOT_WAYPOINT	315	1.8	-315	0	0	0	1	13.04059	0.2289429	0.7523181	315	1.492903	-301.548	
641.3233	COLLISION_NONE	NOT_SWITCH	NOT_RESET	NOT_WAYPOINT	315	1.8	-315	0	0	0	1	12.8396	0.2121887	0.7737861	315	1.492903	-301.548	
641.3433	COLLISION_NONE	NOT_SWITCH	NOT_RESET	NOT_WAYPOINT	315	1.8	-315	0	0	0	1	12.7843	0.179718	0.7895832	315	1.492903	-301.548	
641.3633	COLLISION_NONE	NOT_SWITCH	NOT_RESET	NOT_WAYPOINT	315	1.8	-315	0	0	0	1	12.70774	0.1307678	0.812957	315	1.492903	-301.548	
641.3834	COLLISION_NONE	NOT_SWITCH	NOT_RESET	NOT_WAYPOINT	315	1.8	-315	0	0	0	1	12.64303	0.1213684	0.8238578	315	1.492903	-301.548	
641.4034	COLLISION_NONE	NOT_SWITCH	NOT_RESET	NOT_WAYPOINT	315	1.8	-315	0	0	0	1	12.56384	0.05145264	0.835202	315	1.492903	-301.548	
641.4234	COLLISION_NONE	NOT_SWITCH	NOT_RESET	NOT_WAYPOINT	315	1.8	-315	0	0	0	1	12.38993	0.008392334	0.8711455	315	1.492903	-301.548	
641.4434	COLLISION_NONE	NOT_SWITCH	NOT_RESET	NOT_WAYPOINT	315	1.8	-315	0	0	0	1	12.33274	-0.01876831	0.8703942	315	1.492903	-301.548	
641.4634	COLLISION_NONE	NOT_SWITCH	NOT_RESET	NOT_WAYPOINT	315	1.8	-315	0	0	0	1	12.24355	-0.03775024	0.8801215	315	1.492903	-301.548	
641.4835	COLLISION_NONE	NOT_SWITCH	NOT_RESET	NOT_WAYPOINT	315	1.8	-315	0	0	0	1	12.17281	-0.03909302	0.8935013	315	1.492903	-301.548	
641.5035	COLLISION_NONE	NOT_SWITCH	NOT_RESET	NOT_WAYPOINT	315	1.8	-315	0	0	0	1	12.08741	-0.07061768	0.903713	315	1.492903	-301.548	
641.5235	COLLISION_NONE	NOT_SWITCH	NOT_RESET	NOT_WAYPOINT	315	1.8	-315	0	0	0	1	11.9181	-0.06832886	0.9074557	315	1.492903	-301.548	
641.5435	COLLISION_NONE	NOT_SWITCH	NOT_RESET	NOT_WAYPOINT	315	1.8	-315	0	0	0	1	11.77065	-0.0809021	0.9139693	315	1.492903	-301.548	
641.5635	COLLISION_NONE	NOT_SWITCH	NOT_RESET	NOT_WAYPOINT	315	1.8	-315	0	0	0	1	11.66658	-0.1111145	0.9109664	315	1.492903	-301.548	
641.5836	COLLISION_NONE	NOT_SWITCH	NOT_RESET	NOT_WAYPOINT	315	1.8	-315	0	0	0	1	11.54357	-0.106781	0.9061952	315	1.492903	-301.548	
641.6036	COLLISION_NONE	NOT_SWITCH	NOT_RESET	NOT_WAYPOINT	315	1.8	-315	0	0	0	1	11.40261	-0.1256104	0.9038017	315	1.492903	-301.548	
641.6236	COLLISION_NONE	NOT_SWITCH	NOT_RESET	NOT_WAYPOINT	315	1.8	-315	0	0	0	1	11.13423	-0.1643066	0.9130368	315	1.492903	-301.548	
641.6436	COLLISION_NONE	NOT_SWITCH	NOT_RESET	NOT_WAYPOINT	315	1.8	-315	0	0	0	1	11.00873	-0.1672363	0.9211226	315	1.492903	-301.548	
641.6636	COLLISION_NONE	NOT_SWITCH	NOT_RESET	NOT_WAYPOINT	315	1.8	-315	0	0	0	1	10.8521	-0.1940308	0.939425	315	1.492903	-301.548	
641.6837	COLLISION_NONE	NOT_SWITCH	NOT_RESET	NOT_WAYPOINT	315	1.8	-315	0	0	0	1	10.71204	-0.1739807	0.9570355	315	1.492903	-301.548	
641.7037	COLLISION_NONE	NOT_SWITCH	NOT_RESET	NOT_WAYPOINT	315	1.8	-315	0	0	0	1	10.48308	-0.1629639	0.9941485	315	1.492903	-301.548	
641.7237	COLLISION_NONE	NOT_SWITCH	NOT_RESET	NOT_WAYPOINT	315	1.8	-315	0	0	0	1	10.32002	-0.1340332	1.000201	315	1.492903	-301.548	
641.7437	COLLISION_NONE	NOT_SWITCH	NOT_RESET	NOT_WAYPOINT	315	1.8	-315	0	0	0	1	10.12652	-0.1358337	1.011389	315	1.492903	-301.548	
641.7637	COLLISION_NONE	NOT_SWITCH	NOT_RESET	NOT_WAYPOINT	315	1.8	-315	0	0	0	1	9.799479	-0.124115	1.031074	315	1.492903	-301.548	
641.7838	COLLISION_NONE	NOT_SWITCH	NOT_RESET	NOT_WAYPOINT	315	1.8	-315	0	0	0	1	9.567583	-0.1332703	1.053103	315	1.492903	-301.548	
641.8038	COLLISION_NONE	NOT_SWITCH	NOT_RESET	NOT_WAYPOINT	315	1.8	-315	0	0	0	1	9.000031	-0.09420776	1.142462	315	1.492903	-301.548	
641.8238	COLLISION_NONE	NOT_SWITCH	NOT_RESET	NOT_WAYPOINT	315	1.8	-315	0	0	0	1	8.665033	-0.06048584	1.152705	315	1.492903	-301.548	
641.8438	COLLISION_NONE	NOT_SWITCH	NOT_RESET	NOT_WAYPOINT	315	1.8	-315	0	0	0	1	8.302008	-0.03921509	1.208018	315	1.492903	-301.548	
641.8638	COLLISION_NONE	NOT_SWITCH	NOT_RESET	NOT_WAYPOINT	315	1.8	-315	0	0	0	1	7.966059	-0.02633667	1.238858	315	1.492903	-301.548	
641.8839	COLLISION_NONE	NOT_SWITCH	NOT_RESET	NOT_WAYPOINT	315	1.8	-315	0	0	0	1	7.599762	-0.05090332	1.274033	315	1.492903	-301.548	
641.9039	COLLISION_NONE	NOT_SWITCH	NOT_RESET	NOT_WAYPOINT	315	1.8	-315	0	0	0	1	6.896368	-0.04217529	1.315865	315	1.492903	-301.548	
641.9239	COLLISION_NONE	CORRECT_SWITCH	NOT_RESET	NOT_WAYPOINT	315	1.8	-315	0	2.033159E-05	0	1	6.573252	-0.04257202	1.34731	315	1.492903	-301.548	
641.9439	COLLISION_NONE	NOT_SWITCH	NOT_RESET	NOT_WAYPOINT	315.0053	1.8	-315.0193	0	3.603342E-05	0	1	6.419886	-0.03430176	1.365975	315	1.492903	-301.548	
641.9639	COLLISION_NONE	NOT_SWITCH	NOT_RESET	NOT_WAYPOINT	315.0107	1.8	-315.0382	0	4.388434E-05	0	1	5.953367	-0.03417969	1.392789	315	1.492903	-301.548	
641.9839	COLLISION_NONE	NOT_SWITCH	NOT_RESET	NOT_WAYPOINT	315.0156	1.8	-315.0553	0	4.780979E-05	0	1	5.528454	-0.0753479	1.417538	315	1.492903	-301.548	
642.004	COLLISION_NONE	NOT_SWITCH	NOT_RESET	NOT_WAYPOINT	315.0204	1.8	-315.0716	0	5.075389E-05	0	1	5.106068	-0.1120605	1.439591	315	1.492903	-301.548	
642.024	COLLISION_NONE	NOT_SWITCH	NOT_RESET	NOT_WAYPOINT	315.0255	1.8	-315.0861	0	5.124457E-05	0	1	4.944109	-0.1098022	1.411515	315	1.492903	-301.548	
642.044	COLLISION_NONE	NOT_SWITCH	NOT_RESET	NOT_WAYPOINT	315.0303	1.8	-315.1028	0	5.148991E-05	0	1	4.740528	-0.1099548	1.413123	315	1.492903	-301.548	
642.064	COLLISION_NONE	NOT_SWITCH	NOT_RESET	NOT_WAYPOINT	315.0344	1.8	-315.1189	0	5.161258E-05	0	1	4.557291	-0.07562256	1.402374	315	1.492903	-301.548	
642.084	COLLISION_NONE	NOT_SWITCH	NOT_RESET	NOT_WAYPOINT	315.0385	1.8	-315.1343	0	5.167392E-05	0	1	4.381487	-0.09170532	1.375174	315	1.492903	-301.548	
642.1041	COLLISION_NONE	NOT_SWITCH	NOT_RESET	NOT_WAYPOINT	315.0421	1.8	-315.1484	0	5.171992E-05	0	1	4.128994	-0.06658936	1.337233	315	1.492903	-301.548	
642.1241	COLLISION_NONE	NOT_SWITCH	NOT_RESET	NOT_WAYPOINT	315.0443	1.8	-315.1581	0	5.172758E-05	0	1	4.024923	-0.09176636	1.309006	315	1.492903	-301.548	
642.1441	COLLISION_NONE	NOT_SWITCH	NOT_RESET	NOT_WAYPOINT	315.0464	1.8	-315.1691	0	5.173142E-05	0	1	3.951605	-0.1316833	1.308954	315	1.492903	-301.548	
642.1641	COLLISION_NONE	NOT_SWITCH	NOT_RESET	NOT_WAYPOINT	315.0484	1.8	-315.1788	0	5.173334E-05	0	1	3.939322	-0.163269	1.321855	315	1.492903	-301.548	
642.1841	COLLISION_NONE	NOT_SWITCH	NOT_RESET	NOT_WAYPOINT	315.0507	1.8	-315.1877	0	5.173429E-05	0	1	3.921766	-0.2649536	1.330068	315	1.492903	-301.548	
642.2042	COLLISION_NONE	NOT_SWITCH	NOT_RESET	NOT_WAYPOINT	315.0535	1.8	-315.1979	0	5.173501E-05	0	1	3.914577	-0.3808899	1.371049	315	1.492903	-301.548	
642.2242	COLLISION_NONE	NOT_SWITCH	NOT_RESET	NOT_WAYPOINT	315.0581	1.8	-315.2121	0	5.173513E-05	0	1	3.946918	-0.4346313	1.406463	315	1.492903	-301.548	
642.2442	COLLISION_NONE	NOT_SWITCH	NOT_RESET	NOT_WAYPOINT	315.0621	1.8	-315.2238	0	5.173519E-05	0	1	3.936695	-0.4753418	1.449667	315	1.492903	-301.548	
642.2642	COLLISION_NONE	NOT_SWITCH	NOT_RESET	NOT_WAYPOINT	315.0677	1.8	-315.2389	0	5.17352E-05	0	1	3.936695	-0.4753418	1.449667	315	1.492903	-301.548	
642.2842	COLLISION_NONE	NOT_SWITCH	NOT_RESET	NOT_WAYPOINT	315.0737	1.8	-315.2548	0	5.17352E-05	0	1	3.955336	-0.5276794	1.546423	315	1.492903	-301.548	
642.3043	COLLISION_NONE	NOT_SWITCH	NOT_RESET	NOT_WAYPOINT	315.0809	1.8	-315.0635	0	5.17352E-05	0	1	3.946444	-0.4968262	1.587727	315	1.492903	-301.548	
642.3243	COLLISION_NONE	NOT_SWITCH	NOT_RESET	NOT_WAYPOINT	315.0878	1.8	-314.7545	0	5.17352E-05	0	1	3.935987	-0.4595947	1.615891	315	1.492903	-301.548	
642.3443	COLLISION_NONE	NOT_SWITCH	NOT_RESET	NOT_WAYPOINT	315.0946	1.8	-314.4291	0	5.17352E-05	0	1	3.943464	-0.4788513	1.61571	315	1.492903	-301.548	
642.3643	COLLISION_NONE	NOT_SWITCH	NOT_RESET	NOT_WAYPOINT	315.1014	1.8	-314.1037	0	5.17352E-05	0	1	3.904202	-0.4622498	1.623967	315	1.492903	-301.548	
642.3843	COLLISION_NONE	NOT_SWITCH	NOT_RESET	NOT_WAYPOINT	315.1083	1.8	-313.7783	0	5.17352E-05	0	1	3.848331	-0.4775085	1.627554	315	1.492903	-301.548	
642.4044	COLLISION_NONE	NOT_SWITCH	NOT_RESET	NOT_WAYPOINT	315.1151	1.8	-313.4529	0	5.17352E-05	0	1	3.799509	-0.4900818	1.63484	315	1.492903	-301.548	
642.4244	COLLISION_NONE	NOT_SWITCH	NOT_RESET	NOT_WAYPOINT	315.1219	1.8	-313.1275	0	5.17352E-05	0	1	3.784376	-0.4835815	1.625987	315	1.492903	-301.548	
642.4444	COLLISION_NONE	NOT_SWITCH	NOT_RESET	NOT_WAYPOINT	315.1288	1.8	-312.8021	0	5.17352E-05	0	1	3.770033	-0.4862366	1.626163	315	1.492903	-301.548	
642.4644	COLLISION_NONE	NOT_SWITCH	NOT_RESET	NOT_WAYPOINT	315.1356	1.8	-312.4767	0	5.17352E-05	0	1	3.756144	-0.449585	1.594006	315	1.492903	-301.548	
642.4844	COLLISION_NONE	NOT_SWITCH	NOT_RESET	NOT_WAYPOINT	315.142	1.8	-312.1513	0	5.17352E-05	0	1	3.775747	-0.3469543	1.514572	315	1.492903	-301.548	
642.5045	COLLISION_NONE	NOT_SWITCH	NOT_RESET	NOT_WAYPOINT	315.1468	1.8	-311.8261	0	5.17352E-05	0	1	3.792496	-0.3414307	1.497011	315	1.492903	-301.548	
642.5245	COLLISION_NONE	NOT_SWITCH	NOT_RESET	NOT_WAYPOINT	315.1523	1.8	-311.5008	0	5.17352E-05	0	1	3.815809	-0.2924194	1.443884	315	1.492903	-301.548	
642.5445	COLLISION_NONE	NOT_SWITCH	NOT_RESET	NOT_WAYPOINT	315.1579	1.8	-311.1754	0	5.17352E-05	0	1	3.807529	-0.2810974	1.424947	315	1.492903	-301.548	
642.5645	COLLISION_NONE	NOT_SWITCH	NOT_RESET	NOT_WAYPOINT	315.1635	1.8	-310.85	0	5.17352E-05	0	1	3.821077	-0.2503357	1.372732	315	1.492903	-301.548	
642.5845	COLLISION_NONE	NOT_SWITCH	NOT_RESET	NOT_WAYPOINT	315.169	1.8	-310.5246	0	5.17352E-05	0	1	3.822592	-0.2223511	1.299246	315	1.492903	-301.548	
642.6046	COLLISION_NONE	NOT_SWITCH	NOT_RESET	NOT_WAYPOINT	315.1746	1.8	-310.1992	0	5.17352E-05	0	1	3.787949	-0.2062378	1.264466	315	1.492903	-301.548	
642.6246	COLLISION_NONE	NOT_SWITCH	NOT_RESET	NOT_WAYPOINT	315.1801	1.8	-309.8738	0	5.17352E-05	0	1	3.777498	-0.1448364	1.239903	315	1.492903	-301.548	
642.6446	COLLISION_NONE	NOT_SWITCH	NOT_RESET	NOT_WAYPOINT	315.1857	1.8	-309.5484	0	5.17352E-05	0	1	3.768681	-0.1229858	1.226203	315	1.492903	-301.548	
642.6646	COLLISION_NONE	NOT_SWITCH	NOT_RESET	NOT_WAYPOINT	315.1917	1.8	-309.223	0	5.17352E-05	0	1	3.747047	-0.09121704	1.182792	315	1.492903	-301.548	
642.6846	COLLISION_NONE	NOT_SWITCH	NOT_RESET	NOT_WAYPOINT	315.1972	1.8	-308.8976	0	5.17352E-05	0	1	3.786158	0.05975342	1.078916	315	1.492903	-301.548	
642.7047	COLLISION_NONE	NOT_SWITCH	NOT_RESET	NOT_WAYPOINT	315.2023	1.8	-308.5722	0	5.17352E-05	0	1	3.798809	0.1186829	1.017416	315	1.492903	-301.548	
642.7247	COLLISION_NONE	NOT_SWITCH	NOT_RESET	NOT_WAYPOINT	315.207	1.8	-308.2468	0	5.17352E-05	0	1	3.818823	0.1620789	0.9564381	315	1.492903	-301.548	
642.7447	COLLISION_NONE	NOT_SWITCH	NOT_RESET	NOT_WAYPOINT	315.2113	1.8	-307.9214	0	5.17352E-05	0	1	3.837709	0.1896057	0.921283	315	1.492903	-301.548	
642.7647	COLLISION_NONE	NOT_SWITCH	NOT_RESET	NOT_WAYPOINT	315.2155	1.8	-307.596	0	5.17352E-05	0	1	3.887743	0.2510071	0.8337331	315	1.492903	-301.548	
642.7847	COLLISION_NONE	NOT_SWITCH	NOT_RESET	NOT_WAYPOINT	315.2198	1.8	-307.2706	0	5.17352E-05	0	1	3.924698	0.3400574	0.7018778	315	1.492903	-301.548	
642.8047	COLLISION_NONE	NOT_SWITCH	NOT_RESET	NOT_WAYPOINT	315.2232	1.8	-306.9453	0	5.17352E-05	0	1	3.904921	0.4168701	0.6377064	315	1.492903	-301.548	
642.8248	COLLISION_NONE	NOT_SWITCH	NOT_RESET	NOT_WAYPOINT	315.2271	1.8	-306.6199	0	5.17352E-05	0	1	3.949465	0.4891663	0.577229	315	1.492903	-301.548	
642.8448	COLLISION_NONE	NOT_SWITCH	NOT_RESET	NOT_WAYPOINT	315.2304	1.8	-306.2945	0	5.17352E-05	0	1	3.994392	0.5499878	0.5183686	315	1.492903	-301.548	
642.8648	COLLISION_NONE	NOT_SWITCH	NOT_RESET	NOT_WAYPOINT	315.233	1.8	-305.9692	0	5.17352E-05	0	1	4.116583	0.7092285	0.4131446	315	1.492903	-301.548	
642.8848	COLLISION_NONE	NOT_SWITCH	NOT_RESET	NOT_WAYPOINT	315.2343	1.8	-305.6439	0	5.17352E-05	0	1	4.178112	0.7819214	0.3274271	315	1.492903	-301.548	
642.9048	COLLISION_NONE	NOT_SWITCH	NOT_RESET	NOT_WAYPOINT	315.2355	1.8	-305.3185	0	5.17352E-05	0	1	4.209139	0.8061218	0.309204	315	1.492903	-301.548	
642.9249	COLLISION_NONE	NOT_SWITCH	NOT_RESET	NOT_WAYPOINT	315.2368	1.8	-304.9931	0	5.17352E-05	0	1	4.264256	0.8390503	0.2168977	315	1.492903	-301.548	
642.9449	COLLISION_NONE	NOT_SWITCH	NOT_RESET	NOT_WAYPOINT	315.238	1.8	-304.6677	0	5.17352E-05	0	1	4.287233	0.8163452	0.1694047	315	1.492903	-301.548	
642.9649	COLLISION_NONE	NOT_SWITCH	NOT_RESET	NOT_WAYPOINT	315.2389	1.8	-304.3423	0	5.17352E-05	0	1	4.264616	0.8224487	0.1429212	315	1.492903	-301.548	
642.9849	COLLISION_NONE	NOT_SWITCH	NOT_RESET	NOT_WAYPOINT	315.2401	1.8	-304.0169	0	5.17352E-05	0	1	4.254086	0.8058472	0.1333237	315	1.492903	-301.548	
643.0049	COLLISION_NONE	NOT_SWITCH	NOT_RESET	NOT_WAYPOINT	315.2418	1.8	-303.6915	0	5.17352E-05	0	1	4.24325	0.8130798	0.1385416	315	1.492903	-301.548	
643.025	COLLISION_NONE	NOT_SWITCH	NOT_RESET	NOT_WAYPOINT	315.2439	1.8	-303.3661	0	5.17352E-05	0	1	4.176878	0.7593079	0.1423365	315	1.492903	-301.548	
643.045	COLLISION_NONE	NOT_SWITCH	NOT_RESET	NOT_WAYPOINT	315.2464	1.8	-303.0407	0	5.17352E-05	0	1	4.157227	0.7136536	0.1494491	315	1.492903	-301.548	
643.065	COLLISION_NONE	NOT_SWITCH	NOT_RESET	NOT_WAYPOINT	315.2494	1.8	-302.7154	0	5.17352E-05	0	1	4.088047	0.664856	0.1685418	315	1.492903	-301.548	
643.085	COLLISION_NONE	NOT_SWITCH	NOT_RESET	NOT_WAYPOINT	315.2523	1.8	-302.3899	0	5.17352E-05	0	1	4.049351	0.6331787	0.1681324	315	1.492903	-301.548	
643.105	COLLISION_NONE	NOT_SWITCH	NOT_RESET	NOT_WAYPOINT	315.2557	1.8	-302.0645	0	5.17352E-05	0	1	4.027699	0.6177673	0.1556913	315	1.492903	-301.548	
643.1251	COLLISION_NONE	NOT_SWITCH	NOT_RESET	NOT_WAYPOINT	315.2587	1.8	-301.7392	0	5.17352E-05	0	1	4.01885	0.568573	0.1582954	315	1.492903	-301.548	
643.1451	COLLISION_NONE	NOT_SWITCH	NOT_RESET	NOT_WAYPOINT	315.2617	1.8	-301.4138	0	5.17352E-05	0	1	4.004738	0.5327759	0.1526394	315	1.492903	-301.548	
643.1651	COLLISION_NONE	NOT_SWITCH	NOT_RESET	NOT_WAYPOINT	315.2646	1.8	-301.0883	0	5.17352E-05	0	1	3.955141	0.4485474	0.111816	315	1.492903	-301.548	
643.1851	COLLISION_NONE	NOT_SWITCH	NOT_RESET	TRIGGER_WAYPOINT	315.2672	1.8	-300.763	0	5.17352E-05	0	1	3.946703	0.4594421	0.09625387	315	1.8	-285	
643.2051	COLLISION_NONE	NOT_SWITCH	NOT_RESET	NOT_WAYPOINT	315.2693	1.8	-300.4376	0	5.17352E-05	0	1	3.918602	0.4248047	0.0878967	315	1.8	-285	
643.2252	COLLISION_NONE	NOT_SWITCH	NOT_RESET	NOT_WAYPOINT	315.271	1.8	-300.1122	0	5.17352E-05	0	1	3.906004	0.4383545	0.05876541	315	1.8	-285	
643.2452	COLLISION_NONE	NOT_SWITCH	NOT_RESET	NOT_WAYPOINT	315.2726	1.8	-299.7868	0	5.17352E-05	0	1	3.894413	0.4590454	0.05210054	315	1.8	-285	
643.2652	COLLISION_NONE	NOT_SWITCH	NOT_RESET	NOT_WAYPOINT	315.2743	1.8	-299.4614	0	5.17352E-05	0	1	3.896189	0.4346619	-0.001787901	315	1.8	-285	
643.2852	COLLISION_NONE	NOT_SWITCH	NOT_RESET	NOT_WAYPOINT	315.276	1.8	-299.136	0	5.17352E-05	0	1	3.920139	0.447052	-0.01488173	315	1.8	-285	
643.3052	COLLISION_NONE	NOT_SWITCH	NOT_RESET	NOT_WAYPOINT	315.2773	1.8	-298.8106	0	5.17352E-05	0	1	3.933769	0.4275513	-0.0365448	315	1.8	-285	
643.3253	COLLISION_NONE	NOT_SWITCH	NOT_RESET	NOT_WAYPOINT	315.2785	1.8	-298.4852	0	5.17352E-05	0	1	3.91596	0.3924866	-0.04541254	315	1.8	-285	
643.3453	COLLISION_NONE	NOT_SWITCH	NOT_RESET	NOT_WAYPOINT	315.2798	1.8	-298.1598	0	5.17352E-05	0	1	3.915085	0.3919983	-0.06321669	315	1.8	-285	
643.3653	COLLISION_NONE	NOT_SWITCH	NOT_RESET	NOT_WAYPOINT	315.281	1.8	-297.8344	0	5.17352E-05	0	1	3.923456	0.3598022	-0.05483913	315	1.8	-285	
643.3853	COLLISION_NONE	NOT_SWITCH	NOT_RESET	NOT_WAYPOINT	315.2827	1.8	-297.509	0	5.17352E-05	0	1	3.946316	0.343689	-0.09768713	315	1.8	-285	
643.4053	COLLISION_NONE	NOT_SWITCH	NOT_RESET	NOT_WAYPOINT	315.284	1.8	-297.1836	0	5.17352E-05	0	1	3.961012	0.3167725	-0.09936333	315	1.8	-285	
643.4254	COLLISION_NONE	NOT_SWITCH	NOT_RESET	NOT_WAYPOINT	315.2852	1.8	-296.8582	0	5.17352E-05	0	1	3.985077	0.3035889	-0.1169088	315	1.8	-285	
643.4454	COLLISION_NONE	NOT_SWITCH	NOT_RESET	NOT_WAYPOINT	315.2865	1.8	-296.5328	0	5.17352E-05	0	1	4.070486	0.2897949	-0.1299887	315	1.8	-285	
643.4654	COLLISION_NONE	NOT_SWITCH	NOT_RESET	NOT_WAYPOINT	315.2877	1.8	-296.2074	0	5.17352E-05	0	1	4.189642	0.2863159	-0.1676576	315	1.8	-285	
643.4854	COLLISION_NONE	NOT_SWITCH	NOT_RESET	NOT_WAYPOINT	315.2894	1.8	-295.882	0	5.17352E-05	0	1	4.256775	0.2729187	-0.1764724	315	1.8	-285	
643.5054	COLLISION_NONE	NOT_SWITCH	NOT_RESET	NOT_WAYPOINT	315.291	1.8	-295.5566	0	5.17352E-05	0	1	4.352821	0.2684326	-0.1813933	315	1.8	-285	
643.5255	COLLISION_NONE	NOT_SWITCH	NOT_RESET	NOT_WAYPOINT	315.2923	1.8	-295.2312	0	5.17352E-05	0	1	4.418179	0.218811	-0.178688	315	1.8	-285	
643.5455	COLLISION_NONE	NOT_SWITCH	NOT_RESET	NOT_WAYPOINT	315.362	1.8	-294.9074	0	5.17352E-05	0	1	4.489151	0.1758118	-0.1324624	315	1.8	-285	
643.5655	COLLISION_NONE	NOT_SWITCH	NOT_RESET	NOT_WAYPOINT	315.6504	1.8	-294.5833	0	5.17352E-05	0	1	4.511446	0.1929016	-0.1090649	315	1.8	-285	
643.5855	COLLISION_NONE	NOT_SWITCH	NOT_RESET	NOT_WAYPOINT	315.9383	1.8	-294.2809	0	5.17352E-05	0	1	4.528454	0.1794128	-0.06243861	315	1.8	-285	
643.6055	COLLISION_NONE	NOT_SWITCH	NOT_RESET	NOT_WAYPOINT	316.2259	1.8	-294.0002	0	5.17352E-05	0	1	4.528454	0.1794128	-0.06243861	315	1.8	-285	
643.6255	COLLISION_NONE	NOT_SWITCH	NOT_RESET	NOT_WAYPOINT	316.5129	1.8	-293.741	0	5.17352E-05	0	1	4.568928	0.1979675	-0.03245163	315	1.8	-285	
643.6456	COLLISION_NONE	NOT_SWITCH	NOT_RESET	NOT_WAYPOINT	316.7993	1.8	-293.5033	0	5.17352E-05	0	1	4.65242	0.2443237	-0.04210663	315	1.8	-285	
643.6656	COLLISION_NONE	NOT_SWITCH	NOT_RESET	NOT_WAYPOINT	317.0835	1.8	-293.3083	0	5.17352E-05	0	1	4.693481	0.2872009	-0.06110966	315	1.8	-285	
643.6856	COLLISION_NONE	NOT_SWITCH	NOT_RESET	NOT_WAYPOINT	317.3664	1.8	-293.1345	0	5.17352E-05	0	1	4.723749	0.3013916	-0.08475077	315	1.8	-285	
643.7056	COLLISION_NONE	NOT_SWITCH	NOT_RESET	NOT_WAYPOINT	317.6474	1.8	-292.9666	0	5.17352E-05	0	1	4.778593	0.343811	-0.1044167	315	1.8	-285	
643.7256	COLLISION_NONE	NOT_SWITCH	NOT_RESET	NOT_WAYPOINT	317.928	1.8	-292.8435	0	6.335389E-05	0	1	4.784399	0.3676147	-0.13235	315	1.8	-285	
643.7457	COLLISION_NONE	NOT_SWITCH	NOT_RESET	NOT_WAYPOINT	318.21	1.8	-292.812	0	0.001643226	0	0.9999987	4.86027	0.4785461	-0.1975086	315	1.8	-285	
643.7657	COLLISION_NONE	NOT_SWITCH	NOT_RESET	NOT_WAYPOINT	318.4989	1.8	-293.006	0	0.003935918	0	0.9999923	4.896669	0.5643311	-0.2191327	315	1.8	-285	
643.7857	COLLISION_NONE	NOT_SWITCH	NOT_RESET	NOT_WAYPOINT	318.7899	1.8	-293.2483	0	0.007206317	0	0.9999741	4.930838	0.5974121	-0.2429819	315	1.8	-285	
643.8057	COLLISION_NONE	NOT_SWITCH	NOT_RESET	NOT_WAYPOINT	319.0804	1.8	-293.5082	0	0.01185267	0	0.9999298	4.97422	0.6720581	-0.2668399	315	1.8	-285	
643.8257	COLLISION_NONE	NOT_SWITCH	NOT_RESET	NOT_WAYPOINT	319.3692	1.8	-293.7699	0	0.01811607	0	0.9998359	5.013597	0.7275085	-0.3082161	315	1.8	-285	
643.8458	COLLISION_NONE	NOT_SWITCH	NOT_RESET	NOT_WAYPOINT	319.6552	1.8	-294.0299	0	0.03365374	0	0.9994336	5.130211	0.8596497	-0.4310994	315	1.8	-285	
643.8658	COLLISION_NONE	NOT_SWITCH	NOT_RESET	NOT_WAYPOINT	319.9318	1.8	-294.2787	0	0.04205596	0	0.9991153	5.130211	0.8596497	-0.4310994	315	1.8	-285	
643.8858	COLLISION_NONE	NOT_SWITCH	NOT_RESET	NOT_WAYPOINT	320.2075	1.8	-294.5167	0	0.0506142	0	0.9987183	5.254128	0.9393005	-0.4995617	315	1.8	-285	
643.9058	COLLISION_NONE	NOT_SWITCH	NOT_RESET	NOT_WAYPOINT	320.4807	1.8	-294.7477	0	0.05924818	0	0.9982433	5.287533	0.9558716	-0.5334182	315	1.8	-285	
643.9258	COLLISION_NONE	NOT_SWITCH	NOT_RESET	NOT_WAYPOINT	320.7507	1.8	-294.9745	0	0.06791743	0	0.997691	5.315029	0.974823	-0.5593936	315	1.8	-285	
643.9459	COLLISION_NONE	NOT_SWITCH	NOT_RESET	NOT_WAYPOINT	321.0185	1.8	-295.1945	0	0.08528946	0	0.9963562	5.384163	1.086426	-0.6375891	315	1.8	-285	
643.9659	COLLISION_NONE	NOT_SWITCH	NOT_RESET	NOT_WAYPOINT	321.2795	1.8	-295.4127	0	0.09397601	0	0.9955745	5.421858	1.116882	-0.6653954	315	1.8	-285	
643.9859	COLLISION_NONE	NOT_SWITCH	NOT_RESET	NOT_WAYPOINT	321.5378	1.8	-295.6327	0	0.1026579	0	0.9947168	5.434824	1.142029	-0.6790617	315	1.8	-285	
644.0059	COLLISION_NONE	NOT_SWITCH	NOT_RESET	NOT_WAYPOINT	321.7939	1.8	-295.8519	0	0.1113332	0	0.9937832	5.482996	1.182587	-0.7018123	315	1.8	-285	
644.0259	COLLISION_NONE	NOT_SWITCH	NOT_RESET	NOT_WAYPOINT	322.0488	1.8	-296.0628	0	0.1200006	0	0.9927738	5.53274	1.22998	-0.7018851	315	1.8	-285	
644.046	COLLISION_NONE	NOT_SWITCH	NOT_RESET	NOT_WAYPOINT	322.3021	1.8	-296.2686	0	0.1373082	0	0.9905284	5.621552	1.31134	-0.7646732	315	1.8	-285	
644.066	COLLISION_NONE	NOT_SWITCH	NOT_RESET	NOT_WAYPOINT	322.5586	1.8	-296.4426	0	0.1459468	0	0.9892924	5.648518	1.334381	-0.7898623	315	1.8	-285	
644.086	COLLISION_NONE	NOT_SWITCH	NOT_RESET	NOT_WAYPOINT	322.8169	1.8	-296.6034	0	0.1545743	0	0.9879811	5.654518	1.345764	-0.809303	315	1.8	-285	
644.106	COLLISION_NONE	NOT_SWITCH	NOT_RESET	NOT_WAYPOINT	323.0862	1.8	-296.7229	0	0.16319	0	0.9865947	5.671934	1.391479	-0.8120547	315	1.8	-285	
644.126	COLLISION_NONE	NOT_SWITCH	NOT_RESET	NOT_WAYPOINT	323.3928	1.8	-296.729	0	0.1803836	0	0.9835964	5.677942	1.39917	-0.8321998	315	1.8	-285	
644.1461	COLLISION_NONE	NOT_SWITCH	NOT_RESET	NOT_WAYPOINT	323.7854	1.8	-296.5151	0	0.1889187	0	0.9819928	5.63792	1.427917	-0.8326394	315	1.8	-285	
644.1661	COLLISION_NONE	NOT_SWITCH	NOT_RESET	NOT_WAYPOINT	324.1769	1.8	-296.307	0	0.1969631	0	0.9804109	5.651756	1.444916	-0.8441738	315	1.8	-285	
644.1861	COLLISION_NONE	NOT_SWITCH	NOT_RESET	NOT_WAYPOINT	324.5668	1.8	-296.1011	0	0.2031434	0	0.979149	5.630356	1.457428	-0.8446534	315	1.8	-285	
644.2061	COLLISION_NONE	NOT_SWITCH	NOT_RESET	NOT_WAYPOINT	324.9552	1.8	-295.8975	0	0.2062306	0	0.9785035	5.636829	1.496216	-0.8483274	315	1.8	-285	
644.2261	COLLISION_NONE	NOT_SWITCH	NOT_RESET	NOT_WAYPOINT	325.3435	1.8	-295.6981	0	0.2085446	0	0.9780129	5.630117	1.542908	-0.9071037	315	1.8	-285	
644.2462	COLLISION_NONE	NOT_SWITCH	NOT_RESET	NOT_WAYPOINT	325.7344	1.8	-295.5096	0	0.2089301	0	0.9779307	5.619543	1.551941	-0.912173	315	1.8	-285	
644.2662	COLLISION_NONE	NOT_SWITCH	NOT_RESET	NOT_WAYPOINT	326.1297	1.8	-295.3272	0	0.2091229	0	0.9778894	5.628458	1.554962	-0.9475476	315	1.8	-285	
644.2862	COLLISION_NONE	NOT_SWITCH	NOT_RESET	NOT_WAYPOINT	326.5289	1.8	-295.1487	0	0.2092193	0	0.9778688	5.614229	1.50946	-0.9661851	315	1.8	-285	
644.3062	COLLISION_NONE	NOT_SWITCH	NOT_RESET	NOT_WAYPOINT	326.9308	1.8	-294.9719	0	0.2092674	0	0.9778585	5.641111	1.518585	-0.9974516	315	1.8	-285	
644.3262	COLLISION_NONE	NOT_SWITCH	NOT_RESET	NOT_WAYPOINT	327.3335	1.8	-294.7952	0	0.2093036	0	0.9778508	5.697744	1.514435	-1.007302	315	1.8	-285	
644.3463	COLLISION_NONE	NOT_SWITCH	NOT_RESET	NOT_WAYPOINT	327.7363	1.8	-294.6186	0	0.2093096	0	0.9778495	5.695087	1.480804	-0.9920753	315	1.8	-285	
644.3663	COLLISION_NONE	NOT_SWITCH	NOT_RESET	NOT_WAYPOINT	328.139	1.8	-294.4419	0	0.2093126	0	0.9778488	5.724035	1.48645	-0.9884279	315	1.8	-285	
644.3863	COLLISION_NONE	NOT_SWITCH	NOT_RESET	NOT_WAYPOINT	328.5418	1.8	-294.2653	0	0.2093141	0	0.9778485	5.71352	1.454193	-0.9976869	315	1.8	-285	
644.4063	COLLISION_NONE	NOT_SWITCH	NOT_RESET	NOT_WAYPOINT	328.9446	1.8	-294.0887	0	0.2093148	0	0.9778484	5.738476	1.440948	-0.9938889	315	1.8	-285	
644.4263	COLLISION_NONE	NOT_SWITCH	NOT_RESET	NOT_WAYPOINT	329.3474	1.8	-293.912	0	0.2093154	0	0.9778482	5.807869	1.404999	-0.9638381	315	1.8	-285	
644.4464	COLLISION_NONE	NOT_SWITCH	NOT_RESET	NOT_WAYPOINT	329.7501	1.8	-293.7354	0	0.2093155	0	0.9778482	5.84479	1.378967	-0.9379381	315	1.8	-285	
644.4664	COLLISION_NONE	NOT_SWITCH	NOT_RESET	NOT_WAYPOINT	330.1529	1.8	-293.5587	0	0.2093155	0	0.9778481	5.867077	1.384399	-0.9127494	315	1.8	-285	
644.4864	COLLISION_NONE	NOT_SWITCH	NOT_RESET	NOT_WAYPOINT	330.5557	1.8	-293.3821	0	0.2093155	0	0.9778482	5.886791	1.314453	-0.8945099	315	1.8	-285	
644.5064	COLLISION_NONE	NOT_SWITCH	NOT_RESET	NOT_WAYPOINT	330.9584	1.8	-293.2055	0	0.2093155	0	0.9778482	5.92963	1.330048	-0.8859704	315	1.8	-285	
644.5264	COLLISION_NONE	NOT_SWITCH	NOT_RESET	NOT_WAYPOINT	331.3612	1.8	-293.0288	0	0.2093155	0	0.9778482	5.97641	1.338684	-0.8823934	315	1.8	-285	
644.5464	COLLISION_NONE	NOT_SWITCH	NOT_RESET	NOT_WAYPOINT	331.764	1.8	-292.8522	0	0.2093155	0	0.9778482	5.962139	1.320038	-0.8818659	315	1.8	-285	
644.5665	COLLISION_NONE	NOT_SWITCH	NOT_RESET	NOT_WAYPOINT	332.1667	1.8	-292.6756	0	0.209316	0	0.9778481	5.994463	1.341339	-0.8611608	315	1.8	-285	
644.5865	COLLISION_NONE	NOT_SWITCH	NOT_RESET	NOT_WAYPOINT	332.5695	1.8	-292.4989	0	0.2093182	0	0.9778476	6.030558	1.337891	-0.8523718	315	1.8	-285	
644.6065	COLLISION_NONE	NOT_SWITCH	NOT_RESET	NOT_WAYPOINT	332.9723	1.8	-292.3223	0	0.2093233	0	0.9778465	6.073328	1.349457	-0.8623356	315	1.8	-285	
644.6265	COLLISION_NONE	NOT_SWITCH	NOT_RESET	NOT_WAYPOINT	333.3751	1.8	-292.1457	0	0.2093421	0	0.9778425	6.136982	1.35907	-0.8662835	315	1.8	-285	
644.6465	COLLISION_NONE	NOT_SWITCH	NOT_RESET	NOT_WAYPOINT	333.7778	1.8	-291.9691	0	0.209356	0	0.9778395	6.172058	1.356934	-0.882159	315	1.8	-285	
644.6666	COLLISION_NONE	NOT_SWITCH	NOT_RESET	NOT_WAYPOINT	334.1806	1.8	-291.7924	0	0.2093733	0	0.9778358	6.213984	1.343536	-0.9004382	315	1.8	-285	
644.6866	COLLISION_NONE	NOT_SWITCH	NOT_RESET	NOT_WAYPOINT	334.5834	1.8	-291.6158	0	0.2093929	0	0.9778317	6.225061	1.316467	-0.9024154	315	1.8	-285	
644.7066	COLLISION_NONE	NOT_SWITCH	NOT_RESET	NOT_WAYPOINT	334.9861	1.8	-291.4393	0	0.2094394	0	0.9778216	6.265211	1.275726	-0.9009173	315	1.8	-285	
644.7266	COLLISION_NONE	NOT_SWITCH	NOT_RESET	NOT_WAYPOINT	335.3889	1.8	-291.2628	0	0.2094654	0	0.977816	6.298176	1.267242	-0.885875	315	1.8	-285	
644.7466	COLLISION_NONE	NOT_SWITCH	NOT_RESET	NOT_WAYPOINT	335.7917	1.8	-291.0862	0	0.2094932	0	0.9778101	6.312817	1.224518	-0.8874646	315	1.8	-285	
644.7667	COLLISION_NONE	NOT_SWITCH	NOT_RESET	NOT_WAYPOINT	336.1946	1.8	-290.9098	0	0.209525	0	0.9778033	6.384542	1.18634	-0.8866888	315	1.8	-285	
644.7867	COLLISION_NONE	NOT_SWITCH	NOT_RESET	NOT_WAYPOINT	336.5974	1.8	-290.7333	0	0.2095605	0	0.9777957	6.421103	1.176941	-0.8684081	315	1.8	-285	
644.8067	COLLISION_NONE	NOT_SWITCH	NOT_RESET	TRIGGER_WAYPOINT	337.0002	1.8	-290.5569	0	0.2096403	0	0.9777786	6.468933	1.15448	-0.8459479	343.5317	1.8	-275.7295	
644.8267	COLLISION_NONE	NOT_SWITCH	NOT_RESET	NOT_WAYPOINT	337.4031	1.8	-290.3806	0	0.2096834	0	0.9777694	6.491419	1.155273	-0.8180516	343.5317	1.8	-275.7295	
644.8467	COLLISION_NONE	NOT_SWITCH	NOT_RESET	NOT_WAYPOINT	337.806	1.8	-290.2042	0	0.20973	0	0.9777594	6.546169	1.101929	-0.8161067	343.5317	1.8	-275.7295	
644.8668	COLLISION_NONE	NOT_SWITCH	NOT_RESET	NOT_WAYPOINT	338.2089	1.8	-290.0279	0	0.2097791	0	0.9777488	6.565508	1.042053	-0.792793	343.5317	1.8	-275.7295	
644.8868	COLLISION_NONE	NOT_SWITCH	NOT_RESET	NOT_WAYPOINT	338.6118	1.8	-289.8517	0	0.2098301	0	0.9777378	6.581156	1.01709	-0.7696422	343.5317	1.8	-275.7295	
644.9068	COLLISION_NONE	NOT_SWITCH	NOT_RESET	NOT_WAYPOINT	339.0148	1.8	-289.6754	0	0.2099325	0	0.9777159	6.56983	0.9352112	-0.7458286	343.5317	1.8	-275.7295	
644.9268	COLLISION_NONE	NOT_SWITCH	NOT_RESET	NOT_WAYPOINT	339.3938	1.8	-289.4909	0	0.2099851	0	0.9777046	6.595791	0.89505	-0.726114	343.5317	1.8	-275.7295	
644.9468	COLLISION_NONE	NOT_SWITCH	NOT_RESET	NOT_WAYPOINT	339.753	1.8	-289.2981	0	0.2100392	0	0.977693	6.613777	0.8824463	-0.7257038	343.5317	1.8	-275.7295	
644.9669	COLLISION_NONE	NOT_SWITCH	NOT_RESET	NOT_WAYPOINT	340.0927	1.8	-289.0969	0	0.2100943	0	0.9776812	6.622128	0.8524475	-0.7140109	343.5317	1.8	-275.7295	
644.9869	COLLISION_NONE	NOT_SWITCH	NOT_RESET	NOT_WAYPOINT	340.4125	1.8	-288.8878	0	0.2101509	0	0.977669	6.66256	0.8291931	-0.7057987	343.5317	1.8	-275.7295	
645.0069	COLLISION_NONE	NOT_SWITCH	NOT_RESET	NOT_WAYPOINT	340.7125	1.8	-288.6714	0	0.2102724	0	0.9776429	6.723076	0.8074341	-0.7088118	343.5317	1.8	-275.7295	
645.0269	COLLISION_NONE	NOT_SWITCH	NOT_RESET	NOT_WAYPOINT	340.973	1.8	-288.4403	0	0.2103377	0	0.9776288	6.758404	0.7962646	-0.7195235	343.5317	1.8	-275.7295	
645.0469	COLLISION_NONE	NOT_SWITCH	NOT_RESET	NOT_WAYPOINT	341.229	1.8	-288.2094	0	0.2104069	0	0.9776139	6.812246	0.7767029	-0.7325207	343.5317	1.8	-275.7295	
645.067	COLLISION_NONE	NOT_SWITCH	NOT_RESET	NOT_WAYPOINT	341.4526	1.8	-287.965	0	0.2104789	0	0.9775984	6.816481	0.7247009	-0.7250819	343.5317	1.8	-275.7295	
645.087	COLLISION_NONE	NOT_SWITCH	NOT_RESET	NOT_WAYPOINT	341.5719	1.8	-287.6721	0	0.2105544	0	0.9775822	6.849545	0.6972961	-0.7138984	343.5317	1.8	-275.7295	
645.107	COLLISION_NONE	NOT_SWITCH	NOT_RESET	NOT_WAYPOINT	341.5837	1.8	-287.3278	0	0.2107126	0	0.9775481	6.936096	0.6147766	-0.6585914	343.5317	1.8	-275.7295	
645.127	COLLISION_NONE	NOT_SWITCH	NOT_RESET	NOT_WAYPOINT	341.4161	1.8	-286.8941	0	0.2107961	0	0.9775301	6.967323	0.5807495	-0.6165991	343.5317	1.8	-275.7295	
645.147	COLLISION_NONE	NOT_SWITCH	NOT_RESET	NOT_WAYPOINT	341.2665	1.8	-286.4692	0	0.2108817	0	0.9775116	6.982073	0.5896912	-0.6082674	343.5317	1.8	-275.7295	
645.1671	COLLISION_NONE	NOT_SWITCH	NOT_RESET	NOT_WAYPOINT	341.1215	1.8	-286.0472	0	0.2109689	0	0.9774928	6.997187	0.5378113	-0.6048853	343.5317	1.8	-275.7295	
645.1871	COLLISION_NONE	NOT_SWITCH	NOT_RESET	NOT_WAYPOINT	340.9775	1.8	-285.6273	0	0.2110586	0	0.9774734	7.034428	0.5285339	-0.5902925	343.5317	1.8	-275.7295	
645.2071	COLLISION_NONE	NOT_SWITCH	NOT_RESET	NOT_WAYPOINT	340.8263	1.8	-285.2279	0	0.2112468	0	0.9774328	7.104637	0.4933472	-0.5537277	343.5317	1.8	-275.7295	
645.2271	COLLISION_NONE	NOT_SWITCH	NOT_RESET	NOT_WAYPOINT	340.6664	1.8	-284.871	0	0.2113457	0	0.9774114	7.152369	0.4606018	-0.5407839	343.5317	1.8	-275.7295	
645.2471	COLLISION_NONE	NOT_SWITCH	NOT_RESET	NOT_WAYPOINT	340.5092	1.8	-284.5361	0	0.2114481	0	0.9773892	7.152369	0.4606018	-0.5407839	343.5317	1.8	-275.7295	
645.2672	COLLISION_NONE	NOT_SWITCH	NOT_RESET	NOT_WAYPOINT	340.3583	1.8	-284.2227	0	0.2115522	0	0.9773667	7.190197	0.4350281	-0.5045959	343.5317	1.8	-275.7295	
645.2872	COLLISION_NONE	NOT_SWITCH	NOT_RESET	NOT_WAYPOINT	340.2311	1.8	-283.9615	0	0.2116583	0	0.9773438	7.219551	0.4313354	-0.4957839	343.5317	1.8	-275.7295	
645.3072	COLLISION_NONE	NOT_SWITCH	NOT_RESET	NOT_WAYPOINT	340.1511	1.8	-283.8046	0	0.2118721	0	0.9772974	7.221352	0.420105	-0.4624113	343.5317	1.8	-275.7295	
645.3272	COLLISION_NONE	NOT_SWITCH	NOT_RESET	NOT_WAYPOINT	340.1682	1.8	-283.862	0	0.2119789	0	0.9772743	7.201408	0.3786926	-0.4448664	343.5317	1.8	-275.7295	
645.3472	COLLISION_NONE	NOT_SWITCH	NOT_RESET	NOT_WAYPOINT	340.2334	1.8	-284.0267	0	0.2120847	0	0.9772514	7.183393	0.3765869	-0.448129	343.5317	1.8	-275.7295	
645.3672	COLLISION_NONE	NOT_SWITCH	NOT_RESET	NOT_WAYPOINT	340.3467	1.8	-284.2987	0	0.2121884	0	0.9772288	7.151134	0.3856201	-0.4449595	343.5317	1.8	-275.7295	
645.3873	COLLISION_NONE	NOT_SWITCH	NOT_RESET	NOT_WAYPOINT	340.5029	1.8	-284.6672	0	0.212391	0	0.9771848	7.12859	0.4067078	-0.4648201	343.5317	1.8	-275.7295	
645.4073	COLLISION_NONE	NOT_SWITCH	NOT_RESET	NOT_WAYPOINT	340.6589	1.8	-285.0359	0	0.2124914	0	0.9771629	7.132671	0.4444275	-0.4431856	343.5317	1.8	-275.7295	
645.4273	COLLISION_NONE	NOT_SWITCH	NOT_RESET	NOT_WAYPOINT	340.8149	1.8	-285.4045	0	0.2125912	0	0.9771413	7.122358	0.4680481	-0.4238011	343.5317	1.8	-275.7295	
645.4473	COLLISION_NONE	NOT_SWITCH	NOT_RESET	NOT_WAYPOINT	340.9708	1.8	-285.7732	0	0.2126902	0	0.9771197	7.122358	0.4680481	-0.4238011	343.5317	1.8	-275.7295	
645.4673	COLLISION_NONE	NOT_SWITCH	NOT_RESET	NOT_WAYPOINT	341.1267	1.8	-286.1419	0	0.2127896	0	0.9770981	7.128517	0.4596252	-0.4400736	343.5317	1.8	-275.7295	
645.4874	COLLISION_NONE	NOT_SWITCH	NOT_RESET	NOT_WAYPOINT	341.2824	1.8	-286.5107	0	0.2129895	0	0.9770545	7.122433	0.4598389	-0.493302	343.5317	1.8	-275.7295	
645.5074	COLLISION_NONE	NOT_SWITCH	NOT_RESET	NOT_WAYPOINT	341.438	1.8	-286.8795	0	0.2130898	0	0.9770327	7.135757	0.4784851	-0.5115315	343.5317	1.8	-275.7295	
645.5274	COLLISION_NONE	NOT_SWITCH	NOT_RESET	NOT_WAYPOINT	341.5935	1.8	-287.2484	0	0.21319	0	0.9770108	7.128559	0.4774475	-0.5043585	343.5317	1.8	-275.7295	
645.5474	COLLISION_NONE	NOT_SWITCH	NOT_RESET	NOT_WAYPOINT	341.749	1.8	-287.6172	0	0.2132906	0	0.9769889	7.138296	0.4820862	-0.5288018	343.5317	1.8	-275.7295	
645.5674	COLLISION_NONE	NOT_SWITCH	NOT_RESET	NOT_WAYPOINT	341.9044	1.8	-287.9861	0	0.2133915	0	0.9769667	7.13776	0.4955139	-0.5367801	343.5317	1.8	-275.7295	
645.5875	COLLISION_NONE	NOT_SWITCH	NOT_RESET	NOT_WAYPOINT	342.0597	1.8	-288.355	0	0.2135921	0	0.976923	7.111097	0.5540161	-0.5490955	343.5317	1.8	-275.7295	
645.6075	COLLISION_NONE	NOT_SWITCH	NOT_RESET	NOT_WAYPOINT	342.2148	1.8	-288.7241	0	0.2136905	0	0.9769015	7.088074	0.5819397	-0.5640922	343.5317	1.8	-275.7295	
645.6275	COLLISION_NONE	NOT_SWITCH	NOT_RESET	NOT_WAYPOINT	342.3699	1.8	-289.0931	0	0.2137862	0	0.9768806	7.083422	0.5956421	-0.5719067	343.5317	1.8	-275.7295	
645.6475	COLLISION_NONE	NOT_SWITCH	NOT_RESET	NOT_WAYPOINT	342.5249	1.8	-289.4621	0	0.2138792	0	0.9768602	7.01412	0.6270142	-0.5914839	343.5317	1.8	-275.7295	
645.6675	COLLISION_NONE	NOT_SWITCH	NOT_RESET	NOT_WAYPOINT	342.6798	1.8	-289.8312	0	0.2139686	0	0.9768406	6.959761	0.629425	-0.6067081	343.5317	1.8	-275.7295	
645.6876	COLLISION_NONE	NOT_SWITCH	NOT_RESET	NOT_WAYPOINT	342.8347	1.8	-290.2003	0	0.2141411	0	0.9768028	6.930956	0.6826477	-0.6664496	343.5317	1.8	-275.7295	
645.7076	COLLISION_NONE	NOT_SWITCH	NOT_RESET	NOT_WAYPOINT	342.9894	1.8	-290.5695	0	0.2142264	0	0.9767841	6.94986	0.7070007	-0.7123608	343.5317	1.8	-275.7295	
645.7276	COLLISION_NONE	NOT_SWITCH	NOT_RESET	NOT_WAYPOINT	343.1441	1.8	-290.9387	0	0.2143115	0	0.9767654	6.943226	0.7258606	-0.7619403	343.5317	1.8	-275.7295	
645.7476	COLLISION_NONE	NOT_SWITCH	NOT_RESET	NOT_WAYPOINT	343.2987	1.8	-291.3079	0	0.2143965	0	0.9767467	6.936834	0.769104	-0.8173862	343.5317	1.8	-275.7295	
645.7676	COLLISION_NONE	NOT_SWITCH	NOT_RESET	NOT_WAYPOINT	343.4533	1.8	-291.6771	0	0.2144806	0	0.9767283	6.92013	0.7875671	-0.8630678	343.5317	1.8	-275.7295	
645.7877	COLLISION_NONE	NOT_SWITCH	NOT_RESET	NOT_WAYPOINT	343.6078	1.8	-292.0464	0	0.2146481	0	0.9766915	6.906691	0.8906555	-0.9600475	343.5317	1.8	-275.7295	
645.8077	COLLISION_NONE	NOT_SWITCH	NOT_RESET	NOT_WAYPOINT	343.7621	1.8	-292.4157	0	0.2147312	0	0.9766732	6.902983	0.9650879	-1.016653	343.5317	1.8	-275.7295	
645.8277	COLLISION_NONE	NOT_SWITCH	NOT_RESET	NOT_WAYPOINT	343.9164	1.8	-292.7851	0	0.2148133	0	0.9766552	6.883127	0.9828796	-1.058802	343.5317	1.8	-275.7295	
645.8477	COLLISION_NONE	NOT_SWITCH	NOT_RESET	NOT_WAYPOINT	344.0706	1.8	-293.1545	0	0.2148951	0	0.9766372	6.883104	1.052765	-1.11288	343.5317	1.8	-275.7295	
645.8677	COLLISION_NONE	NOT_SWITCH	NOT_RESET	NOT_WAYPOINT	344.2248	1.8	-293.5239	0	0.2149757	0	0.9766194	6.859877	1.070648	-1.154872	343.5317	1.8	-275.7295	
645.8878	COLLISION_NONE	NOT_SWITCH	NOT_RESET	NOT_WAYPOINT	344.3789	1.8	-293.8933	0	0.2151356	0	0.9765842	6.828678	1.060608	-1.209254	343.5317	1.8	-275.7295	
645.9078	COLLISION_NONE	NOT_SWITCH	NOT_RESET	NOT_WAYPOINT	344.5329	1.8	-294.2628	0	0.215214	0	0.9765669	6.828678	1.060608	-1.209254	343.5317	1.8	-275.7295	
645.9278	COLLISION_NONE	NOT_SWITCH	NOT_RESET	NOT_WAYPOINT	344.6868	1.8	-294.6323	0	0.2152923	0	0.9765497	6.840826	0.9789429	-1.282819	343.5317	1.8	-275.7295	
645.9478	COLLISION_NONE	NOT_SWITCH	NOT_RESET	NOT_WAYPOINT	344.8407	1.8	-295.0019	0	0.2153713	0	0.9765323	6.840137	0.9707947	-1.298678	343.5317	1.8	-275.7295	
645.9678	COLLISION_NONE	NOT_SWITCH	NOT_RESET	NOT_WAYPOINT	344.9945	1.8	-295.3714	0	0.2154515	0	0.9765146	6.875782	0.9390564	-1.302691	343.5317	1.8	-275.7295	
645.9879	COLLISION_NONE	NOT_SWITCH	NOT_RESET	NOT_WAYPOINT	345.1482	1.8	-295.741	0	0.2156157	0	0.9764783	6.893467	0.9345398	-1.322119	343.5317	1.8	-275.7295	
646.0079	COLLISION_NONE	NOT_SWITCH	NOT_RESET	TRIGGER_WAYPOINT	345.3018	1.8	-296.1106	0	0.2156989	0	0.97646	6.89727	0.9441223	-1.31323	361.1653	1.8	-300	
646.0279	COLLISION_NONE	NOT_SWITCH	NOT_RESET	NOT_WAYPOINT	345.4554	1.8	-296.4803	0	0.2157826	0	0.9764415	6.906528	0.9334412	-1.337104	361.1653	1.8	-300	
646.0479	COLLISION_NONE	NOT_SWITCH	NOT_RESET	NOT_WAYPOINT	345.6089	1.8	-296.85	0	0.2158673	0	0.9764228	6.920496	0.9425659	-1.346579	361.1653	1.8	-300	
646.0679	COLLISION_NONE	NOT_SWITCH	NOT_RESET	NOT_WAYPOINT	345.7623	1.8	-297.2197	0	0.2160387	0	0.9763849	6.934978	0.9033813	-1.347707	361.1653	1.8	-300	
646.088	COLLISION_NONE	NOT_SWITCH	NOT_RESET	NOT_WAYPOINT	345.9156	1.8	-297.5895	0	0.2161252	0	0.9763657	6.93494	0.8645935	-1.366048	361.1653	1.8	-300	
646.108	COLLISION_NONE	NOT_SWITCH	NOT_RESET	NOT_WAYPOINT	346.0688	1.8	-297.9593	0	0.2162122	0	0.9763464	6.958757	0.833313	-1.387485	361.1653	1.8	-300	
646.128	COLLISION_NONE	NOT_SWITCH	NOT_RESET	NOT_WAYPOINT	346.222	1.8	-298.3291	0	0.2163	0	0.9763269	6.952587	0.8111572	-1.373731	361.1653	1.8	-300	
646.148	COLLISION_NONE	NOT_SWITCH	NOT_RESET	NOT_WAYPOINT	346.3751	1.8	-298.6989	0	0.2163889	0	0.9763073	6.970446	0.7911987	-1.374805	361.1653	1.8	-300	
646.168	COLLISION_NONE	NOT_SWITCH	NOT_RESET	NOT_WAYPOINT	346.5282	1.8	-299.0688	0	0.2165729	0	0.9762664	7.033312	0.7649841	-1.339644	361.1653	1.8	-300	
646.188	COLLISION_NONE	NOT_SWITCH	NOT_RESET	NOT_WAYPOINT	346.681	1.8	-299.4388	0	0.2166682	0	0.9762453	7.05607	0.7067871	-1.32711	361.1653	1.8	-300	
646.2081	COLLISION_NONE	NOT_SWITCH	NOT_RESET	NOT_WAYPOINT	346.8338	1.8	-299.8087	0	0.2167667	0	0.9762235	7.102999	0.6997375	-1.323267	361.1653	1.8	-300	
646.2281	COLLISION_NONE	NOT_SWITCH	NOT_RESET	NOT_WAYPOINT	346.9866	1.8	-300.1787	0	0.216869	0	0.9762008	7.149208	0.6891174	-1.320106	361.1653	1.8	-300	
646.2481	COLLISION_NONE	NOT_SWITCH	NOT_RESET	NOT_WAYPOINT	347.1393	1.8	-300.5487	0	0.2169756	0	0.976177	7.207281	0.6540222	-1.315162	361.1653	1.8	-300	
646.2681	COLLISION_NONE	NOT_SWITCH	NOT_RESET	NOT_WAYPOINT	347.2919	1.8	-300.9188	0	0.2171973	0	0.9761277	7.266224	0.6188049	-1.292431	361.1653	1.8	-300	
646.2881	COLLISION_NONE	NOT_SWITCH	NOT_RESET	NOT_WAYPOINT	347.4442	1.8	-301.2889	0	0.217312	0	0.9761022	7.274918	0.5788574	-1.27221	361.1653	1.8	-300	
646.3082	COLLISION_NONE	NOT_SWITCH	NOT_RESET	NOT_WAYPOINT	347.5966	1.8	-301.6591	0	0.2174286	0	0.9760762	7.296572	0.587677	-1.264213	361.1653	1.8	-300	
646.3282	COLLISION_NONE	NOT_SWITCH	NOT_RESET	NOT_WAYPOINT	347.7488	1.8	-302.0293	0	0.2175469	0	0.9760499	7.311872	0.5953064	-1.231178	361.1653	1.8	-300	
646.3482	COLLISION_NONE	NOT_SWITCH	NOT_RESET	NOT_WAYPOINT	347.9095	1.8	-302.3797	0	0.2176665	0	0.9760233	7.323805	0.5791016	-1.213467	361.1653	1.8	-300	
646.3682	COLLISION_NONE	NOT_SWITCH	NOT_RESET	NOT_WAYPOINT	348.0778	1.8	-302.7099	0	0.2179084	0	0.9759693	7.351257	0.5762939	-1.172287	361.1653	1.8	-300	
646.3882	COLLISION_NONE	NOT_SWITCH	NOT_RESET	NOT_WAYPOINT	348.2826	1.8	-302.9538	0	0.2180303	0	0.975942	7.340853	0.5514221	-1.162579	361.1653	1.8	-300	
646.4083	COLLISION_NONE	NOT_SWITCH	NOT_RESET	NOT_WAYPOINT	348.5381	1.8	-303.0889	0	0.2181531	0	0.9759146	7.360907	0.5399475	-1.133521	361.1653	1.8	-300	
646.4283	COLLISION_NONE	NOT_SWITCH	NOT_RESET	NOT_WAYPOINT	348.8448	1.8	-303.1165	0	0.2182755	0	0.9758872	7.341217	0.4997253	-1.105072	361.1653	1.8	-300	
646.4483	COLLISION_NONE	NOT_SWITCH	NOT_RESET	NOT_WAYPOINT	349.204	1.8	-303.0378	0	0.2183977	0	0.9758599	7.345669	0.491333	-1.08551	361.1653	1.8	-300	
646.4683	COLLISION_NONE	NOT_SWITCH	NOT_RESET	NOT_WAYPOINT	349.5962	1.8	-302.8943	0	0.218638	0	0.9758061	7.322433	0.4556885	-1.059531	361.1653	1.8	-300	
646.4883	COLLISION_NONE	NOT_SWITCH	NOT_RESET	NOT_WAYPOINT	350.0096	1.8	-302.7107	0	0.218758	0	0.9757792	7.324297	0.4324646	-1.024994	361.1653	1.8	-300	
646.5084	COLLISION_NONE	NOT_SWITCH	NOT_RESET	NOT_WAYPOINT	350.4173	1.8	-302.5376	0	0.2188787	0	0.9757521	7.342613	0.4211121	-1.031583	361.1653	1.8	-300	
646.5284	COLLISION_NONE	NOT_SWITCH	NOT_RESET	NOT_WAYPOINT	350.8229	1.8	-302.3661	0	0.2190013	0	0.9757246	7.375036	0.4226379	-1.029021	361.1653	1.8	-300	
646.5484	COLLISION_NONE	NOT_SWITCH	NOT_RESET	NOT_WAYPOINT	351.2278	1.8	-302.1966	0	0.2191268	0	0.9756964	7.422359	0.4109192	-1.004851	361.1653	1.8	-300	
646.5684	COLLISION_NONE	NOT_SWITCH	NOT_RESET	NOT_WAYPOINT	351.6337	1.8	-302.0281	0	0.219389	0	0.9756374	7.521992	0.3745117	-1.023536	361.1653	1.8	-300	
646.5884	COLLISION_NONE	NOT_SWITCH	NOT_RESET	NOT_WAYPOINT	352.0403	1.8	-301.8599	0	0.2195254	0	0.9756069	7.551664	0.3192749	-1.028786	361.1653	1.8	-300	
646.6085	COLLISION_NONE	NOT_SWITCH	NOT_RESET	NOT_WAYPOINT	352.4467	1.8	-301.6917	0	0.2196655	0	0.9755753	7.593136	0.333252	-1.04918	361.1653	1.8	-300	
646.6285	COLLISION_NONE	NOT_SWITCH	NOT_RESET	NOT_WAYPOINT	352.8531	1.8	-301.5237	0	0.2198085	0	0.9755431	7.615362	0.3082581	-1.048038	361.1653	1.8	-300	
646.6485	COLLISION_NONE	NOT_SWITCH	NOT_RESET	NOT_WAYPOINT	353.2596	1.8	-301.3557	0	0.2201021	0	0.9754769	7.645805	0.311615	-1.070121	361.1653	1.8	-300	
646.6685	COLLISION_NONE	NOT_SWITCH	NOT_RESET	NOT_WAYPOINT	353.6662	1.8	-301.1882	0	0.2202521	0	0.9754431	7.687561	0.3120422	-1.100433	361.1653	1.8	-300	
646.6885	COLLISION_NONE	NOT_SWITCH	NOT_RESET	NOT_WAYPOINT	354.0728	1.8	-301.0206	0	0.2204046	0	0.9754086	7.704885	0.3210449	-1.110046	361.1653	1.8	-300	
646.7086	COLLISION_NONE	NOT_SWITCH	NOT_RESET	NOT_WAYPOINT	354.4794	1.8	-300.8531	0	0.2205602	0	0.9753733	7.753437	0.3101196	-1.142954	361.1653	1.8	-300	
646.7286	COLLISION_NONE	NOT_SWITCH	NOT_RESET	NOT_WAYPOINT	354.8861	1.8	-300.6858	0	0.2207192	0	0.9753374	7.794434	0.3033447	-1.174736	361.1653	1.8	-300	
646.7486	COLLISION_NONE	NOT_SWITCH	NOT_RESET	NOT_WAYPOINT	355.2929	1.8	-300.5186	0	0.2210471	0	0.9752631	7.854465	0.3551025	-1.245368	361.1653	1.8	-300	
646.7686	COLLISION_NONE	NOT_SWITCH	NOT_RESET	NOT_WAYPOINT	355.6998	1.8	-300.3519	0	0.2212141	0	0.9752253	7.856092	0.3590698	-1.280413	361.1653	1.8	-300	
646.7886	COLLISION_NONE	NOT_SWITCH	NOT_RESET	NOT_WAYPOINT	356.1068	1.8	-300.1851	0	0.2213825	0	0.9751871	7.869484	0.370575	-1.300066	361.1653	1.8	-300	
646.8087	COLLISION_NONE	NOT_SWITCH	NOT_RESET	NOT_WAYPOINT	356.5138	1.8	-300.0185	0	0.2215506	0	0.9751489	7.847235	0.3835754	-1.31786	361.1653	1.8	-300	
646.8287	COLLISION_NONE	NOT_SWITCH	NOT_RESET	NOT_WAYPOINT	356.9208	1.8	-299.852	0	0.2217175	0	0.975111	7.847235	0.3835754	-1.31786	361.1653	1.8	-300	
646.8487	COLLISION_NONE	NOT_SWITCH	NOT_RESET	NOT_WAYPOINT	357.3279	1.8	-299.6856	0	0.2220494	0	0.9750354	7.819447	0.4030762	-1.362765	361.1653	1.8	-300	
646.8687	COLLISION_NONE	NOT_SWITCH	NOT_RESET	NOT_WAYPOINT	357.7352	1.8	-299.5197	0	0.2222147	0	0.9749978	7.811689	0.3765564	-1.382144	361.1653	1.8	-300	
646.8887	COLLISION_NONE	NOT_SWITCH	NOT_RESET	NOT_WAYPOINT	358.1425	1.8	-299.3538	0	0.22238	0	0.9749601	7.815086	0.3255615	-1.399916	361.1653	1.8	-300	
646.9088	COLLISION_NONE	NOT_SWITCH	NOT_RESET	NOT_WAYPOINT	358.5498	1.8	-299.188	0	0.2225466	0	0.9749221	7.84304	0.3088074	-1.418813	361.1653	1.8	-300	
646.9288	COLLISION_NONE	NOT_SWITCH	NOT_RESET	NOT_WAYPOINT	358.9572	1.8	-299.0223	0	0.2227151	0	0.9748836	7.87141	0.3218689	-1.413841	361.1653	1.8	-300	
646.9488	COLLISION_NONE	NOT_SWITCH	NOT_RESET	NOT_WAYPOINT	359.3646	1.8	-298.8568	0	0.2230609	0	0.9748045	7.94982	0.3088684	-1.427047	361.1653	1.8	-300	
646.9688	COLLISION_NONE	NOT_SWITCH	NOT_RESET	NOT_WAYPOINT	359.7722	1.8	-298.6917	0	0.2232376	0	0.9747641	7.950182	0.2841187	-1.42141	361.1653	1.8	-300	
646.9888	COLLISION_NONE	NOT_SWITCH	NOT_RESET	NOT_WAYPOINT	360.1798	1.8	-298.5266	0	0.2234177	0	0.9747229	7.985466	0.3074036	-1.428902	361.1653	1.8	-300	
647.0089	COLLISION_NONE	NOT_SWITCH	NOT_RESET	NOT_WAYPOINT	360.5875	1.8	-298.3617	0	0.2235994	0	0.9746812	8.015377	0.2587585	-1.41161	361.1653	1.8	-300	
647.0289	COLLISION_NONE	NOT_SWITCH	NOT_RESET	NOT_WAYPOINT	360.9953	1.8	-298.197	0	0.2237834	0	0.9746389	8.05238	0.2427063	-1.402207	361.1653	1.8	-300	
647.0489	COLLISION_NONE	NOT_SWITCH	NOT_RESET	NOT_WAYPOINT	361.4031	1.8	-298.0323	0	0.224161	0	0.9745521	8.137079	0.1427002	-1.380157	361.1653	1.8	-300	
647.0689	COLLISION_NONE	NOT_SWITCH	NOT_RESET	NOT_WAYPOINT	361.8111	1.8	-297.8682	0	0.2243548	0	0.9745076	8.176481	0.1357117	-1.376234	361.1653	1.8	-300	
647.0889	COLLISION_NONE	NOT_SWITCH	NOT_RESET	NOT_WAYPOINT	362.2191	1.8	-297.704	0	0.2245516	0	0.9744622	8.206263	0.1379089	-1.359219	361.1653	1.8	-300	
647.1089	COLLISION_NONE	NOT_SWITCH	NOT_RESET	NOT_WAYPOINT	362.6272	1.8	-297.5401	0	0.2247508	0	0.9744163	8.216555	0.1210327	-1.373909	361.1653	1.8	-300	
647.129	COLLISION_NONE	NOT_SWITCH	NOT_RESET	NOT_WAYPOINT	363.0353	1.8	-297.3763	0	0.2249523	0	0.9743698	8.252699	0.1096191	-1.367144	361.1653	1.8	-300	
647.149	COLLISION_NONE	NOT_SWITCH	NOT_RESET	NOT_WAYPOINT	363.4435	1.8	-297.2126	0	0.225363	0	0.9742749	8.313766	0.1075745	-1.356034	361.1653	1.8	-300	
647.169	COLLISION_NONE	NOT_SWITCH	NOT_RESET	NOT_WAYPOINT	363.8519	1.8	-297.0495	0	0.2255716	0	0.9742267	8.325878	0.08197021	-1.351151	361.1653	1.8	-300	
647.189	COLLISION_NONE	NOT_SWITCH	NOT_RESET	NOT_WAYPOINT	364.2603	1.8	-296.8864	0	0.2257816	0	0.9741779	8.339067	0.09512329	-1.35976	361.1653	1.8	-300	
647.209	COLLISION_NONE	NOT_SWITCH	NOT_RESET	NOT_WAYPOINT	364.6688	1.8	-296.7234	0	0.2259912	0	0.9741294	8.310987	0.0692749	-1.360295	361.1653	1.8	-300	
647.2291	COLLISION_NONE	NOT_SWITCH	NOT_RESET	NOT_WAYPOINT	365.0773	1.8	-296.5606	0	0.2262014	0	0.9740806	8.331898	0.05044556	-1.368794	361.1653	1.8	-300	
647.2491	COLLISION_NONE	NOT_SWITCH	NOT_RESET	NOT_WAYPOINT	365.486	1.8	-296.398	0	0.2266204	0	0.9739832	8.321938	0.03799438	-1.363721	361.1653	1.8	-300	
647.2691	COLLISION_NONE	NOT_SWITCH	NOT_RESET	NOT_WAYPOINT	365.8948	1.8	-296.236	0	0.2268295	0	0.9739345	8.319744	0.02130127	-1.342083	361.1653	1.8	-300	
647.2891	COLLISION_NONE	NOT_SWITCH	NOT_RESET	NOT_WAYPOINT	366.3036	1.8	-296.0739	0	0.2270391	0	0.9738857	8.323936	-0.005218506	-1.329943	361.1653	1.8	-300	
647.3091	COLLISION_NONE	NOT_SWITCH	NOT_RESET	NOT_WAYPOINT	366.7125	1.8	-295.912	0	0.2272495	0	0.9738366	8.339396	0.0050354	-1.310587	361.1653	1.8	-300	
647.3292	COLLISION_NONE	NOT_SWITCH	NOT_RESET	NOT_WAYPOINT	367.1215	1.8	-295.7503	0	0.2276738	0	0.9737374	8.35527	-0.0567627	-1.302729	361.1653	1.8	-300	
647.3492	COLLISION_NONE	NOT_SWITCH	NOT_RESET	NOT_WAYPOINT	367.5306	1.8	-295.5891	0	0.2278878	0	0.9736875	8.390968	-0.07791138	-1.305246	361.1653	1.8	-300	
647.3692	COLLISION_NONE	NOT_SWITCH	NOT_RESET	NOT_WAYPOINT	367.9398	1.8	-295.4279	0	0.2281032	0	0.9736369	8.407246	-0.1413574	-1.290657	361.1653	1.8	-300	
647.3892	COLLISION_NONE	NOT_SWITCH	NOT_RESET	NOT_WAYPOINT	368.3491	1.8	-295.2669	0	0.2283206	0	0.9735861	8.42565	-0.1445923	-1.28144	361.1653	1.8	-300	
647.4092	COLLISION_NONE	NOT_SWITCH	NOT_RESET	NOT_WAYPOINT	368.7584	1.8	-295.106	0	0.2285388	0	0.9735349	8.434633	-0.2009277	-1.261454	361.1653	1.8	-300	
647.4293	COLLISION_NONE	NOT_SWITCH	NOT_RESET	NOT_WAYPOINT	369.1678	1.8	-294.9454	0	0.2289801	0	0.9734311	8.481819	-0.2401428	-1.257591	361.1653	1.8	-300	
647.4493	COLLISION_NONE	NOT_SWITCH	NOT_RESET	NOT_WAYPOINT	369.5774	1.8	-294.7853	0	0.2292035	0	0.9733785	8.504507	-0.2557678	-1.247643	361.1653	1.8	-300	
647.4693	COLLISION_NONE	NOT_SWITCH	NOT_RESET	NOT_WAYPOINT	369.987	1.8	-294.6253	0	0.2294276	0	0.9733258	8.502024	-0.2978821	-1.234911	361.1653	1.8	-300	
647.4893	COLLISION_NONE	NOT_SWITCH	NOT_RESET	NOT_WAYPOINT	370.3967	1.8	-294.4654	0	0.2296527	0	0.9732726	8.517452	-0.3296509	-1.220857	361.1653	1.8	-300	
647.5093	COLLISION_NONE	NOT_SWITCH	NOT_RESET	NOT_WAYPOINT	370.8064	1.8	-294.3057	0	0.2298795	0	0.9732191	8.54405	-0.3358459	-1.201939	361.1653	1.8	-300	
647.5294	COLLISION_NONE	NOT_SWITCH	NOT_RESET	NOT_WAYPOINT	371.2162	1.8	-294.1462	0	0.2303376	0	0.9731108	8.579311	-0.4006042	-1.170735	361.1653	1.8	-300	
647.5494	COLLISION_NONE	NOT_SWITCH	NOT_RESET	NOT_WAYPOINT	371.6263	1.8	-293.9872	0	0.2305694	0	0.973056	8.610226	-0.4334412	-1.139782	361.1653	1.8	-300	
647.5694	COLLISION_NONE	NOT_SWITCH	NOT_RESET	NOT_WAYPOINT	372.0363	1.8	-293.8283	0	0.2308015	0	0.9730008	8.599154	-0.4725647	-1.086664	361.1653	1.8	-300	
647.5894	COLLISION_NONE	NOT_SWITCH	NOT_RESET	NOT_WAYPOINT	372.4465	1.8	-293.6696	0	0.2310343	0	0.9729457	8.612543	-0.5181274	-1.064662	361.1653	1.8	-300	
647.6094	COLLISION_NONE	NOT_SWITCH	NOT_RESET	NOT_WAYPOINT	372.8567	1.8	-293.511	0	0.2312661	0	0.9728906	8.586355	-0.5622559	-1.036852	361.1653	1.8	-300	
647.6295	COLLISION_NONE	NOT_SWITCH	NOT_RESET	NOT_WAYPOINT	373.263	1.8	-293.3518	0	0.2317283	0	0.9727806	8.578974	-0.6389771	-0.9417142	361.1653	1.8	-300	
647.6495	COLLISION_NONE	NOT_SWITCH	NOT_RESET	NOT_WAYPOINT	373.633	1.8	-293.1758	0	0.2319588	0	0.9727257	8.59156	-0.6722717	-0.9206976	361.1653	1.8	-300	
647.6695	COLLISION_NONE	NOT_SWITCH	NOT_RESET	NOT_WAYPOINT	373.9837	1.8	-292.9907	0	0.2321891	0	0.9726706	8.586094	-0.7075195	-0.9028109	361.1653	1.8	-300	
647.6895	COLLISION_NONE	NOT_SWITCH	NOT_RESET	NOT_WAYPOINT	374.3153	1.8	-292.7963	0	0.2324193	0	0.9726158	8.58906	-0.7539978	-0.8733494	361.1653	1.8	-300	
647.7095	COLLISION_NONE	NOT_SWITCH	NOT_RESET	NOT_WAYPOINT	374.6274	1.8	-292.5935	0	0.2326503	0	0.9725605	8.617727	-0.8282776	-0.8332371	361.1653	1.8	-300	
647.7296	COLLISION_NONE	NOT_SWITCH	NOT_RESET	NOT_WAYPOINT	374.92	1.8	-292.3825	0	0.2331156	0	0.972449	8.655645	-0.9754028	-0.737369	361.1653	1.8	-300	
647.7496	COLLISION_NONE	NOT_SWITCH	NOT_RESET	NOT_WAYPOINT	375.1811	1.8	-292.1592	0	0.2333513	0	0.9723926	8.698744	-1.051453	-0.7126889	361.1653	1.8	-300	
647.7696	COLLISION_NONE	NOT_SWITCH	NOT_RESET	NOT_WAYPOINT	375.4213	1.8	-291.9269	0	0.233588	0	0.9723356	8.70093	-1.140289	-0.6528588	361.1653	1.8	-300	
647.7896	COLLISION_NONE	NOT_SWITCH	NOT_RESET	NOT_WAYPOINT	375.5971	1.8	-291.6618	0	0.233826	0	0.9722785	8.722187	-1.196198	-0.6228855	361.1653	1.8	-300	
647.8096	COLLISION_NONE	NOT_SWITCH	NOT_RESET	TRIGGER_WAYPOINT	375.6676	1.8	-291.3408	0	0.2340644	0	0.9722211	8.719933	-1.284607	-0.5806082	378.7988	1.8	-275.7295	
647.8297	COLLISION_NONE	NOT_SWITCH	NOT_RESET	NOT_WAYPOINT	375.6357	1.8	-290.9638	0	0.2345442	0	0.9721055	8.747929	-1.444794	-0.4943132	378.7988	1.8	-275.7295	
647.8497	COLLISION_NONE	NOT_SWITCH	NOT_RESET	NOT_WAYPOINT	375.4883	1.8	-290.5214	0	0.2347846	0	0.9720474	8.758108	-1.514099	-0.4702313	378.7988	1.8	-275.7295	
647.8697	COLLISION_NONE	NOT_SWITCH	NOT_RESET	NOT_WAYPOINT	375.3596	1.8	-290.0894	0	0.235026	0	0.9719891	8.780293	-1.604004	-0.4475777	378.7988	1.8	-275.7295	
647.8897	COLLISION_NONE	NOT_SWITCH	NOT_RESET	NOT_WAYPOINT	375.2356	1.8	-289.6606	0	0.2352681	0	0.9719305	8.788406	-1.665924	-0.4038774	378.7988	1.8	-275.7295	
647.9097	COLLISION_NONE	NOT_SWITCH	NOT_RESET	NOT_WAYPOINT	375.1125	1.8	-289.234	0	0.2355107	0	0.9718718	8.798563	-1.758331	-0.3488574	378.7988	1.8	-275.7295	
647.9297	COLLISION_NONE	NOT_SWITCH	NOT_RESET	NOT_WAYPOINT	374.9919	1.8	-288.8079	0	0.2359984	0	0.9717535	8.828955	-1.883209	-0.2804247	378.7988	1.8	-275.7295	
647.9498	COLLISION_NONE	NOT_SWITCH	NOT_RESET	NOT_WAYPOINT	374.8748	1.8	-288.3794	0	0.2362445	0	0.9716936	8.873455	-2.002258	-0.2081149	378.7988	1.8	-275.7295	
647.9698	COLLISION_NONE	NOT_SWITCH	NOT_RESET	NOT_WAYPOINT	374.7568	1.8	-287.9515	0	0.236492	0	0.9716334	8.873455	-2.002258	-0.2081149	378.7988	1.8	-275.7295	
647.9898	COLLISION_NONE	NOT_SWITCH	NOT_RESET	NOT_WAYPOINT	374.6388	1.8	-287.5233	0	0.2367422	0	0.9715725	8.941273	-2.125458	-0.077196	378.7988	1.8	-275.7295	
648.0098	COLLISION_NONE	NOT_SWITCH	NOT_RESET	NOT_WAYPOINT	374.521	1.8	-287.0951	0	0.2372499	0	0.9714487	9.009081	-2.239899	0.0159874	378.7988	1.8	-275.7295	
648.0298	COLLISION_NONE	NOT_SWITCH	NOT_RESET	NOT_WAYPOINT	374.4039	1.8	-286.6667	0	0.2375073	0	0.9713858	9.030758	-2.280334	0.04543722	378.7988	1.8	-275.7295	
648.0499	COLLISION_NONE	NOT_SWITCH	NOT_RESET	NOT_WAYPOINT	374.2868	1.8	-286.2383	0	0.2377673	0	0.9713222	9.080292	-2.391815	0.1654648	378.7988	1.8	-275.7295	
648.0699	COLLISION_NONE	NOT_SWITCH	NOT_RESET	NOT_WAYPOINT	374.1699	1.8	-285.8098	0	0.2380304	0	0.9712577	9.128088	-2.456787	0.2381617	378.7988	1.8	-275.7295	
648.0899	COLLISION_NONE	NOT_SWITCH	NOT_RESET	NOT_WAYPOINT	374.0532	1.8	-285.3813	0	0.2382969	0	0.9711924	9.172865	-2.496338	0.2877567	378.7988	1.8	-275.7295	
648.1099	COLLISION_NONE	NOT_SWITCH	NOT_RESET	NOT_WAYPOINT	373.9368	1.8	-284.9526	0	0.2388392	0	0.9710591	9.234446	-2.573456	0.3891854	378.7988	1.8	-275.7295	
648.1299	COLLISION_NONE	NOT_SWITCH	NOT_RESET	NOT_WAYPOINT	373.821	1.8	-284.5239	0	0.2391146	0	0.9709914	9.284513	-2.634857	0.4444799	378.7988	1.8	-275.7295	
648.15	COLLISION_NONE	NOT_SWITCH	NOT_RESET	NOT_WAYPOINT	373.7053	1.8	-284.0951	0	0.2393914	0	0.9709232	9.273769	-2.697296	0.4638716	378.7988	1.8	-275.7295	
648.17	COLLISION_NONE	NOT_SWITCH	NOT_RESET	NOT_WAYPOINT	373.5898	1.8	-283.6662	0	0.2396695	0	0.9708545	9.31341	-2.757263	0.5165528	378.7988	1.8	-275.7295	
648.19	COLLISION_NONE	NOT_SWITCH	NOT_RESET	NOT_WAYPOINT	373.4746	1.8	-283.2373	0	0.2399487	0	0.9707856	9.329176	-2.826385	0.5866117	378.7988	1.8	-275.7295	
648.21	COLLISION_NONE	NOT_SWITCH	NOT_RESET	NOT_WAYPOINT	373.3597	1.8	-282.8083	0	0.240512	0	0.9706461	9.40794	-2.850769	0.6551518	378.7988	1.8	-275.7295	
648.23	COLLISION_NONE	NOT_SWITCH	NOT_RESET	NOT_WAYPOINT	373.2455	1.8	-282.3791	0	0.240798	0	0.9705753	9.435125	-2.887177	0.6633713	378.7988	1.8	-275.7295	
648.2501	COLLISION_NONE	NOT_SWITCH	NOT_RESET	NOT_WAYPOINT	373.1222	1.8	-281.9697	0	0.2410876	0	0.9705034	9.48579	-2.878326	0.6692274	378.7988	1.8	-275.7295	
648.2701	COLLISION_NONE	NOT_SWITCH	NOT_RESET	NOT_WAYPOINT	372.9897	1.8	-281.5799	0	0.2413794	0	0.9704309	9.498287	-2.87973	0.6860731	378.7988	1.8	-275.7295	
648.2901	COLLISION_NONE	NOT_SWITCH	NOT_RESET	NOT_WAYPOINT	372.8484	1.8	-281.2099	0	0.2416736	0	0.9703576	9.525099	-2.863861	0.6734195	378.7988	1.8	-275.7295	
648.3101	COLLISION_NONE	NOT_SWITCH	NOT_RESET	NOT_WAYPOINT	372.698	1.8	-280.8593	0	0.2422697	0	0.970209	9.594223	-2.911499	0.6585765	378.7988	1.8	-275.7295	
648.3301	COLLISION_NONE	NOT_SWITCH	NOT_RESET	NOT_WAYPOINT	372.53	1.8	-280.5477	0	0.2425728	0	0.9701332	9.643154	-2.945618	0.6623051	378.7988	1.8	-275.7295	
648.3502	COLLISION_NONE	NOT_SWITCH	NOT_RESET	NOT_WAYPOINT	372.3531	1.8	-280.2554	0	0.2428779	0	0.9700569	9.649992	-2.982727	0.6824517	378.7988	1.8	-275.7295	
648.3702	COLLISION_NONE	NOT_SWITCH	NOT_RESET	NOT_WAYPOINT	372.1674	1.8	-279.9823	0	0.2431851	0	0.9699799	9.679705	-3.033295	0.7159688	378.7988	1.8	-275.7295	
648.3902	COLLISION_NONE	NOT_SWITCH	NOT_RESET	NOT_WAYPOINT	371.9727	1.8	-279.7281	0	0.2434934	0	0.9699026	9.688705	-3.08902	0.746249	378.7988	1.8	-275.7295	
648.4102	COLLISION_NONE	NOT_SWITCH	NOT_RESET	NOT_WAYPOINT	371.7714	1.8	-279.4887	0	0.2441161	0	0.9697461	9.739271	-3.180267	0.7909353	378.7988	1.8	-275.7295	
648.4302	COLLISION_NONE	NOT_SWITCH	NOT_RESET	NOT_WAYPOINT	371.5648	1.8	-279.2661	0	0.2444288	0	0.9696673	9.744034	-3.23703	0.8104773	378.7988	1.8	-275.7295	
648.4503	COLLISION_NONE	NOT_SWITCH	NOT_RESET	NOT_WAYPOINT	371.3592	1.8	-279.046	0	0.2447423	0	0.9695882	9.761423	-3.260773	0.8363309	378.7988	1.8	-275.7295	
648.4703	COLLISION_NONE	NOT_SWITCH	NOT_RESET	NOT_WAYPOINT	371.153	1.8	-278.8307	0	0.2450562	0	0.9695089	9.762438	-3.275726	0.8831573	378.7988	1.8	-275.7295	
648.4903	COLLISION_NONE	NOT_SWITCH	NOT_RESET	NOT_WAYPOINT	370.9445	1.8	-278.6224	0	0.2453701	0	0.9694296	9.762486	-3.301056	0.9063625	378.7988	1.8	-275.7295	
648.5103	COLLISION_NONE	NOT_SWITCH	NOT_RESET	NOT_WAYPOINT	370.7292	1.8	-278.4273	0	0.2459991	0	0.9692701	9.759752	-3.311127	0.9509761	378.7988	1.8	-275.7295	
648.5303	COLLISION_NONE	NOT_SWITCH	NOT_RESET	NOT_WAYPOINT	370.4774	1.8	-278.293	0	0.2463133	0	0.9691903	9.776672	-3.344513	0.9675255	378.7988	1.8	-275.7295	
648.5504	COLLISION_NONE	NOT_SWITCH	NOT_RESET	NOT_WAYPOINT	370.2012	1.8	-278.1956	0	0.2466268	0	0.9691105	9.762161	-3.386322	0.9844263	378.7988	1.8	-275.7295	
648.5704	COLLISION_NONE	NOT_SWITCH	NOT_RESET	NOT_WAYPOINT	369.9015	1.8	-278.1334	0	0.2469402	0	0.9690307	9.769436	-3.38266	0.9812303	378.7988	1.8	-275.7295	
648.5904	COLLISION_NONE	NOT_SWITCH	NOT_RESET	NOT_WAYPOINT	369.568	1.8	-278.1265	0	0.2475666	0	0.9688709	9.773989	-3.45108	1.001659	378.7988	1.8	-275.7295	
648.6104	COLLISION_NONE	NOT_SWITCH	NOT_RESET	NOT_WAYPOINT	369.1761	1.8	-278.2154	0	0.2478789	0	0.9687911	9.751209	-3.486542	1.013322	378.7988	1.8	-275.7295	
648.6304	COLLISION_NONE	NOT_SWITCH	NOT_RESET	NOT_WAYPOINT	368.786	1.8	-278.3031	0	0.2481904	0	0.9687113	9.750727	-3.513977	1.028919	378.7988	1.8	-275.7295	
648.6505	COLLISION_NONE	NOT_SWITCH	NOT_RESET	NOT_WAYPOINT	368.3922	1.8	-278.3949	0	0.2485017	0	0.9686315	9.756554	-3.551575	1.034575	378.7988	1.8	-275.7295	
648.6705	COLLISION_NONE	NOT_SWITCH	NOT_RESET	NOT_WAYPOINT	367.9977	1.8	-278.4869	0	0.2488114	0	0.968552	9.727169	-3.559387	1.067137	378.7988	1.8	-275.7295	
648.6905	COLLISION_NONE	NOT_SWITCH	NOT_RESET	NOT_WAYPOINT	367.6032	1.8	-278.5787	0	0.2494256	0	0.968394	9.701895	-3.589478	1.090946	378.7988	1.8	-275.7295	
648.7105	COLLISION_NONE	NOT_SWITCH	NOT_RESET	NOT_WAYPOINT	367.2086	1.8	-278.6698	0	0.2497304	0	0.9683154	9.675295	-3.612549	1.102107	378.7988	1.8	-275.7295	
648.7305	COLLISION_NONE	NOT_SWITCH	NOT_RESET	NOT_WAYPOINT	366.8138	1.8	-278.7608	0	0.2500341	0	0.968237	9.668652	-3.614044	1.112932	378.7988	1.8	-275.7295	
648.7505	COLLISION_NONE	NOT_SWITCH	NOT_RESET	NOT_WAYPOINT	366.4191	1.8	-278.8516	0	0.2503374	0	0.9681587	9.67802	-3.646881	1.112338	378.7988	1.8	-275.7295	
648.7706	COLLISION_NONE	NOT_SWITCH	NOT_RESET	NOT_WAYPOINT	366.0243	1.8	-278.9421	0	0.250641	0	0.9680801	9.689219	-3.646423	1.122315	378.7988	1.8	-275.7295	
648.7906	COLLISION_NONE	NOT_SWITCH	NOT_RESET	NOT_WAYPOINT	365.6294	1.8	-279.0324	0	0.2512472	0	0.967923	9.686024	-3.704254	1.134995	378.7988	1.8	-275.7295	
648.8106	COLLISION_NONE	NOT_SWITCH	NOT_RESET	NOT_WAYPOINT	365.2344	1.8	-279.122	0	0.2515487	0	0.9678447	9.653078	-3.742462	1.146881	378.7988	1.8	-275.7295	
648.8306	COLLISION_NONE	NOT_SWITCH	NOT_RESET	NOT_WAYPOINT	364.8394	1.8	-279.2116	0	0.2518491	0	0.9677665	9.650732	-3.752075	1.1557	378.7988	1.8	-275.7295	
648.8506	COLLISION_NONE	NOT_SWITCH	NOT_RESET	NOT_WAYPOINT	364.4443	1.8	-279.3009	0	0.2521488	0	0.9676885	9.647074	-3.741821	1.165339	378.7988	1.8	-275.7295	
648.8707	COLLISION_NONE	NOT_SWITCH	NOT_RESET	NOT_WAYPOINT	364.0492	1.8	-279.39	0	0.2524477	0	0.9676106	9.63245	-3.725372	1.169963	378.7988	1.8	-275.7295	
648.8907	COLLISION_NONE	NOT_SWITCH	NOT_RESET	NOT_WAYPOINT	363.654	1.8	-279.4788	0	0.2530422	0	0.9674553	9.605171	-3.697235	1.199574	378.7988	1.8	-275.7295	
648.9107	COLLISION_NONE	NOT_SWITCH	NOT_RESET	NOT_WAYPOINT	363.2586	1.8	-279.5669	0	0.2533365	0	0.9673783	9.567966	-3.743927	1.199229	378.7988	1.8	-275.7295	
648.9307	COLLISION_NONE	NOT_SWITCH	NOT_RESET	NOT_WAYPOINT	362.8633	1.8	-279.655	0	0.2536291	0	0.9673016	9.562325	-3.728851	1.188516	378.7988	1.8	-275.7295	
648.9507	COLLISION_NONE	NOT_SWITCH	NOT_RESET	NOT_WAYPOINT	362.4678	1.8	-279.7429	0	0.253919	0	0.9672255	9.518599	-3.759125	1.206463	378.7988	1.8	-275.7295	
648.9708	COLLISION_NONE	NOT_SWITCH	NOT_RESET	NOT_WAYPOINT	362.0724	1.8	-279.8305	0	0.2542072	0	0.9671498	9.505695	-3.764282	1.184707	378.7988	1.8	-275.7295	
648.9908	COLLISION_NONE	NOT_SWITCH	NOT_RESET	NOT_WAYPOINT	361.6817	1.8	-279.9112	0	0.2547745	0	0.9670005	9.440836	-3.807373	1.201424	378.7988	1.8	-275.7295	
649.0108	COLLISION_NONE	NOT_SWITCH	NOT_RESET	NOT_WAYPOINT	361.31	1.8	-279.9602	0	0.255055	0	0.9669266	9.420412	-3.825562	1.206098	378.7988	1.8	-275.7295	
649.0308	COLLISION_NONE	NOT_SWITCH	NOT_RESET	NOT_WAYPOINT	360.949	1.8	-279.9909	0	0.2553345	0	0.9668528	9.423824	-3.825836	1.205745	378.7988	1.8	-275.7295	
649.0508	COLLISION_NONE	NOT_SWITCH	NOT_RESET	NOT_WAYPOINT	360.5998	1.8	-280.0037	0	0.2556143	0	0.9667789	9.439201	-3.822266	1.216224	378.7988	1.8	-275.7295	
649.0709	COLLISION_NONE	NOT_SWITCH	NOT_RESET	NOT_WAYPOINT	360.2621	1.8	-279.9988	0	0.2558934	0	0.966705	9.426437	-3.845123	1.219374	378.7988	1.8	-275.7295	
649.0909	COLLISION_NONE	NOT_SWITCH	NOT_RESET	NOT_WAYPOINT	359.9357	1.8	-279.9762	0	0.2564483	0	0.966558	9.403379	-3.875793	1.228685	378.7988	1.8	-275.7295	
649.1109	COLLISION_NONE	NOT_SWITCH	NOT_RESET	NOT_WAYPOINT	359.6312	1.8	-279.9184	0	0.2567227	0	0.9664851	9.369711	-3.933807	1.225658	378.7988	1.8	-275.7295	
649.1309	COLLISION_NONE	NOT_SWITCH	NOT_RESET	NOT_WAYPOINT	359.3469	1.8	-279.8268	0	0.2569946	0	0.9664128	9.332495	-3.930908	1.250509	378.7988	1.8	-275.7295	
649.1509	COLLISION_NONE	NOT_SWITCH	NOT_RESET	TRIGGER_WAYPOINT	359.0946	1.8	-279.6788	0	0.2572636	0	0.9663413	9.291817	-3.953033	1.266562	350.2671	1.8	-266.459	
649.171	COLLISION_NONE	NOT_SWITCH	NOT_RESET	NOT_WAYPOINT	358.8778	1.8	-279.4656	0	0.2577943	0	0.9661999	9.25139	-3.979767	1.321055	350.2671	1.8	-266.459	
649.191	COLLISION_NONE	NOT_SWITCH	NOT_RESET	NOT_WAYPOINT	358.7186	1.8	-279.1425	0	0.2580565	0	0.9661298	9.236835	-3.970764	1.32406	350.2671	1.8	-266.459	
649.211	COLLISION_NONE	NOT_SWITCH	NOT_RESET	NOT_WAYPOINT	358.5604	1.8	-278.8142	0	0.2583178	0	0.96606	9.240492	-3.99234	1.34787	350.2671	1.8	-266.459	
649.231	COLLISION_NONE	NOT_SWITCH	NOT_RESET	NOT_WAYPOINT	358.4023	1.8	-278.4851	0	0.2585781	0	0.9659904	9.22954	-3.998535	1.34726	350.2671	1.8	-266.459	
649.251	COLLISION_NONE	NOT_SWITCH	NOT_RESET	NOT_WAYPOINT	358.2444	1.8	-278.1559	0	0.2588381	0	0.9659207	9.234797	-4.00528	1.356264	350.2671	1.8	-266.459	
649.2711	COLLISION_NONE	NOT_SWITCH	NOT_RESET	NOT_WAYPOINT	358.0867	1.8	-277.8265	0	0.2593561	0	0.9657818	9.218334	-4.067322	1.379879	350.2671	1.8	-266.459	
649.2911	COLLISION_NONE	NOT_SWITCH	NOT_RESET	NOT_WAYPOINT	357.9296	1.8	-277.497	0	0.2596137	0	0.9657125	9.21064	-4.086823	1.401358	350.2671	1.8	-266.459	
649.3111	COLLISION_NONE	NOT_SWITCH	NOT_RESET	NOT_WAYPOINT	357.7724	1.8	-277.1674	0	0.2598712	0	0.9656433	9.221666	-4.120941	1.425406	350.2671	1.8	-266.459	
649.3311	COLLISION_NONE	NOT_SWITCH	NOT_RESET	NOT_WAYPOINT	357.6154	1.8	-276.8377	0	0.2601296	0	0.9655737	9.246092	-4.150513	1.438733	350.2671	1.8	-266.459	
649.3511	COLLISION_NONE	NOT_SWITCH	NOT_RESET	NOT_WAYPOINT	357.4585	1.8	-276.508	0	0.260388	0	0.9655041	9.224245	-4.190796	1.456689	350.2671	1.8	-266.459	
649.3712	COLLISION_NONE	NOT_SWITCH	NOT_RESET	NOT_WAYPOINT	357.3019	1.8	-276.1782	0	0.2609028	0	0.9653651	9.212719	-4.247437	1.45256	350.2671	1.8	-266.459	
649.3912	COLLISION_NONE	NOT_SWITCH	NOT_RESET	NOT_WAYPOINT	357.1458	1.8	-275.8481	0	0.2611587	0	0.9652959	9.208296	-4.277588	1.467877	350.2671	1.8	-266.459	
649.4112	COLLISION_NONE	NOT_SWITCH	NOT_RESET	NOT_WAYPOINT	356.9896	1.8	-275.518	0	0.2614144	0	0.9652267	9.214371	-4.293365	1.481982	350.2671	1.8	-266.459	
649.4312	COLLISION_NONE	NOT_SWITCH	NOT_RESET	NOT_WAYPOINT	356.8337	1.8	-275.1879	0	0.2616695	0	0.9651575	9.211945	-4.291656	1.493313	350.2671	1.8	-266.459	
649.4512	COLLISION_NONE	NOT_SWITCH	NOT_RESET	NOT_WAYPOINT	356.6779	1.8	-274.8577	0	0.261924	0	0.9650885	9.201681	-4.319824	1.520263	350.2671	1.8	-266.459	
649.4713	COLLISION_NONE	NOT_SWITCH	NOT_RESET	NOT_WAYPOINT	356.522	1.8	-274.5306	0	0.2624335	0	0.9649501	9.212858	-4.332336	1.55263	350.2671	1.8	-266.459	
649.4913	COLLISION_NONE	NOT_SWITCH	NOT_RESET	NOT_WAYPOINT	356.365	1.8	-274.2097	0	0.2626882	0	0.9648808	9.216587	-4.355011	1.547355	350.2671	1.8	-266.459	
649.5113	COLLISION_NONE	NOT_SWITCH	NOT_RESET	NOT_WAYPOINT	356.2015	1.8	-273.9001	0	0.2629429	0	0.9648114	9.226425	-4.413849	1.576977	350.2671	1.8	-266.459	
649.5313	COLLISION_NONE	NOT_SWITCH	NOT_RESET	NOT_WAYPOINT	356.032	1.8	-273.6013	0	0.2631983	0	0.9647418	9.240509	-4.411041	1.608839	350.2671	1.8	-266.459	
649.5513	COLLISION_NONE	NOT_SWITCH	NOT_RESET	NOT_WAYPOINT	355.8532	1.8	-273.3214	0	0.2634539	0	0.964672	9.2661	-4.443024	1.632238	350.2671	1.8	-266.459	
649.5714	COLLISION_NONE	NOT_SWITCH	NOT_RESET	NOT_WAYPOINT	355.659	1.8	-273.0706	0	0.2639678	0	0.9645315	9.267532	-4.488159	1.658237	350.2671	1.8	-266.459	
649.5914	COLLISION_NONE	NOT_SWITCH	NOT_RESET	NOT_WAYPOINT	355.3741	1.8	-272.9749	0	0.2642261	0	0.9644608	9.295002	-4.506195	1.670189	350.2671	1.8	-266.459	
649.6114	COLLISION_NONE	NOT_SWITCH	NOT_RESET	NOT_WAYPOINT	355.0331	1.8	-272.9686	0	0.2644856	0	0.9643897	9.305855	-4.517944	1.663252	350.2671	1.8	-266.459	
649.6314	COLLISION_NONE	NOT_SWITCH	NOT_RESET	NOT_WAYPOINT	354.6569	1.8	-273.0168	0	0.2647465	0	0.964318	9.327843	-4.518036	1.66869	350.2671	1.8	-266.459	
649.6514	COLLISION_NONE	NOT_SWITCH	NOT_RESET	NOT_WAYPOINT	354.266	1.8	-273.0871	0	0.265009	0	0.964246	9.347118	-4.519409	1.681234	350.2671	1.8	-266.459	
649.6714	COLLISION_NONE	NOT_SWITCH	NOT_RESET	NOT_WAYPOINT	353.8775	1.8	-273.1571	0	0.2655397	0	0.9640999	9.394512	-4.557068	1.662366	350.2671	1.8	-266.459	
649.6915	COLLISION_NONE	NOT_SWITCH	NOT_RESET	NOT_WAYPOINT	353.5255	1.8	-273.25	0	0.2658081	0	0.964026	9.421034	-4.516663	1.658403	350.2671	1.8	-266.459	
649.7115	COLLISION_NONE	NOT_SWITCH	NOT_RESET	NOT_WAYPOINT	353.1924	1.8	-273.3532	0	0.2660771	0	0.9639518	9.410568	-4.551392	1.644478	350.2671	1.8	-266.459	
649.7315	COLLISION_NONE	NOT_SWITCH	NOT_RESET	NOT_WAYPOINT	352.8784	1.8	-273.4665	0	0.2663464	0	0.9638774	9.408714	-4.523346	1.643504	350.2671	1.8	-266.459	
649.7515	COLLISION_NONE	NOT_SWITCH	NOT_RESET	NOT_WAYPOINT	352.5912	1.8	-273.5946	0	0.2666147	0	0.9638032	9.38129	-4.508972	1.630749	350.2671	1.8	-266.459	
649.7715	COLLISION_NONE	NOT_SWITCH	NOT_RESET	NOT_WAYPOINT	352.3799	1.8	-273.7687	0	0.2671507	0	0.9636548	9.371479	-4.503143	1.575348	350.2671	1.8	-266.459	
649.7916	COLLISION_NONE	NOT_SWITCH	NOT_RESET	NOT_WAYPOINT	352.37	1.8	-274.069	0	0.2674192	0	0.9635803	9.394875	-4.48465	1.530968	350.2671	1.8	-266.459	
649.8116	COLLISION_NONE	NOT_SWITCH	NOT_RESET	NOT_WAYPOINT	352.4436	1.8	-274.4252	0	0.2676879	0	0.9635057	9.394875	-4.48465	1.530968	350.2671	1.8	-266.459	
649.8316	COLLISION_NONE	NOT_SWITCH	NOT_RESET	NOT_WAYPOINT	352.5478	1.8	-274.8024	0	0.2679562	0	0.9634311	9.372757	-4.456635	1.506407	350.2671	1.8	-266.459	
649.8516	COLLISION_NONE	NOT_SWITCH	NOT_RESET	NOT_WAYPOINT	352.6595	1.8	-275.1852	0	0.2682236	0	0.9633567	9.35697	-4.45932	1.492678	350.2671	1.8	-266.459	
649.8716	COLLISION_NONE	NOT_SWITCH	NOT_RESET	NOT_WAYPOINT	352.7722	1.8	-275.5693	0	0.2687533	0	0.9632091	9.302423	-4.469727	1.44795	350.2671	1.8	-266.459	
649.8917	COLLISION_NONE	NOT_SWITCH	NOT_RESET	NOT_WAYPOINT	352.8843	1.8	-275.9536	0	0.2690161	0	0.9631357	9.298201	-4.460358	1.443209	350.2671	1.8	-266.459	
649.9117	COLLISION_NONE	NOT_SWITCH	NOT_RESET	NOT_WAYPOINT	352.9964	1.8	-276.3378	0	0.269277	0	0.9630628	9.264244	-4.467834	1.426214	350.2671	1.8	-266.459	
649.9317	COLLISION_NONE	NOT_SWITCH	NOT_RESET	NOT_WAYPOINT	353.1083	1.8	-276.7221	0	0.2695367	0	0.9629902	9.25905	-4.492645	1.399702	350.2671	1.8	-266.459	
649.9517	COLLISION_NONE	NOT_SWITCH	NOT_RESET	NOT_WAYPOINT	353.2199	1.8	-277.1065	0	0.2700526	0	0.9628456	9.239063	-4.518768	1.370436	350.2671	1.8	-266.459	
649.9717	COLLISION_NONE	NOT_SWITCH	NOT_RESET	NOT_WAYPOINT	353.331	1.8	-277.491	0	0.2703108	0	0.9627731	9.255096	-4.533417	1.337514	350.2671	1.8	-266.459	
649.9918	COLLISION_NONE	NOT_SWITCH	NOT_RESET	NOT_WAYPOINT	353.442	1.8	-277.8756	0	0.2705703	0	0.9627002	9.278702	-4.533508	1.28897	350.2671	1.8	-266.459	
650.0118	COLLISION_NONE	NOT_SWITCH	NOT_RESET	NOT_WAYPOINT	353.5529	1.8	-278.2602	0	0.2708314	0	0.9626268	9.297796	-4.527161	1.231556	350.2671	1.8	-266.459	
650.0318	COLLISION_NONE	NOT_SWITCH	NOT_RESET	NOT_WAYPOINT	353.6635	1.8	-278.6449	0	0.2710943	0	0.9625528	9.305655	-4.530029	1.205134	350.2671	1.8	-266.459	
650.0518	COLLISION_NONE	NOT_SWITCH	NOT_RESET	NOT_WAYPOINT	353.774	1.8	-279.0296	0	0.2716245	0	0.9624033	9.34235	-4.563782	1.123309	350.2671	1.8	-266.459	
650.0718	COLLISION_NONE	NOT_SWITCH	NOT_RESET	NOT_WAYPOINT	353.8838	1.8	-279.4145	0	0.2718913	0	0.962328	9.334311	-4.56189	1.0848	350.2671	1.8	-266.459	
650.0919	COLLISION_NONE	NOT_SWITCH	NOT_RESET	NOT_WAYPOINT	353.9936	1.8	-279.7995	0	0.2721585	0	0.9622525	9.329311	-4.547119	1.038267	350.2671	1.8	-266.459	
650.1119	COLLISION_NONE	NOT_SWITCH	NOT_RESET	NOT_WAYPOINT	354.1032	1.8	-280.1844	0	0.2724243	0	0.9621773	9.289921	-4.53299	1.015625	350.2671	1.8	-266.459	
650.1319	COLLISION_NONE	NOT_SWITCH	NOT_RESET	NOT_WAYPOINT	354.2126	1.8	-280.5695	0	0.2726893	0	0.9621022	9.285196	-4.472534	0.9932601	350.2671	1.8	-266.459	
650.1519	COLLISION_NONE	NOT_SWITCH	NOT_RESET	NOT_WAYPOINT	354.3217	1.8	-280.9546	0	0.2732192	0	0.9619518	9.296827	-4.439636	0.9098344	350.2671	1.8	-266.459	
650.1719	COLLISION_NONE	NOT_SWITCH	NOT_RESET	TRIGGER_WAYPOINT	354.4302	1.8	-281.3398	0	0.2734868	0	0.9618757	9.333813	-4.392181	0.8706303	350.2671	1.8	-296.459	
650.192	COLLISION_NONE	NOT_SWITCH	NOT_RESET	NOT_WAYPOINT	354.5388	1.8	-281.7251	0	0.2737569	0	0.961799	9.354839	-4.356628	0.8050556	350.2671	1.8	-296.459	
650.212	COLLISION_NONE	NOT_SWITCH	NOT_RESET	NOT_WAYPOINT	354.6471	1.8	-282.1105	0	0.2740294	0	0.9617214	9.378342	-4.330292	0.7623744	350.2671	1.8	-296.459	
650.232	COLLISION_NONE	NOT_SWITCH	NOT_RESET	NOT_WAYPOINT	354.7552	1.8	-282.4959	0	0.2743046	0	0.9616429	9.402962	-4.270752	0.7124412	350.2671	1.8	-296.459	
650.252	COLLISION_NONE	NOT_SWITCH	NOT_RESET	NOT_WAYPOINT	354.863	1.8	-282.8813	0	0.2748624	0	0.9614836	9.436293	-4.20282	0.6027548	350.2671	1.8	-296.459	
650.272	COLLISION_NONE	NOT_SWITCH	NOT_RESET	NOT_WAYPOINT	354.9702	1.8	-283.267	0	0.2751436	0	0.9614032	9.44009	-4.203644	0.5699674	350.2671	1.8	-296.459	
650.2921	COLLISION_NONE	NOT_SWITCH	NOT_RESET	NOT_WAYPOINT	355.0774	1.8	-283.6526	0	0.2754262	0	0.9613222	9.453236	-4.147644	0.5417695	350.2671	1.8	-296.459	
650.3121	COLLISION_NONE	NOT_SWITCH	NOT_RESET	NOT_WAYPOINT	355.1844	1.8	-284.0384	0	0.2757098	0	0.9612409	9.455973	-4.131073	0.502143	350.2671	1.8	-296.459	
650.3321	COLLISION_NONE	NOT_SWITCH	NOT_RESET	NOT_WAYPOINT	355.2911	1.8	-284.4241	0	0.2759943	0	0.9611593	9.46549	-4.115326	0.497655	350.2671	1.8	-296.459	
650.3521	COLLISION_NONE	NOT_SWITCH	NOT_RESET	NOT_WAYPOINT	355.3976	1.8	-284.81	0	0.2765673	0	0.9609946	9.495508	-4.116364	0.4341896	350.2671	1.8	-296.459	
650.3721	COLLISION_NONE	NOT_SWITCH	NOT_RESET	NOT_WAYPOINT	355.5034	1.8	-285.196	0	0.2768564	0	0.9609113	9.52017	-4.111145	0.4334344	350.2671	1.8	-296.459	
650.3922	COLLISION_NONE	NOT_SWITCH	NOT_RESET	NOT_WAYPOINT	355.6092	1.8	-285.582	0	0.2771466	0	0.9608276	9.517094	-4.111664	0.4371789	350.2671	1.8	-296.459	
650.4122	COLLISION_NONE	NOT_SWITCH	NOT_RESET	NOT_WAYPOINT	355.7148	1.8	-285.9681	0	0.277439	0	0.9607432	9.562534	-4.128052	0.4158471	350.2671	1.8	-296.459	
650.4322	COLLISION_NONE	NOT_SWITCH	NOT_RESET	NOT_WAYPOINT	355.8201	1.8	-286.3543	0	0.2780285	0	0.9605728	9.598766	-4.172516	0.435675	350.2671	1.8	-296.459	
650.4522	COLLISION_NONE	NOT_SWITCH	NOT_RESET	NOT_WAYPOINT	355.9248	1.8	-286.7406	0	0.2783245	0	0.9604871	9.591551	-4.240509	0.4429024	350.2671	1.8	-296.459	
650.4722	COLLISION_NONE	NOT_SWITCH	NOT_RESET	NOT_WAYPOINT	356.0262	1.8	-287.1239	0	0.2786202	0	0.9604014	9.568832	-4.297394	0.4788007	350.2671	1.8	-296.459	
650.4922	COLLISION_NONE	NOT_SWITCH	NOT_RESET	NOT_WAYPOINT	356.11	1.8	-287.4962	0	0.278915	0	0.9603158	9.573065	-4.333221	0.5136219	350.2671	1.8	-296.459	
650.5123	COLLISION_NONE	NOT_SWITCH	NOT_RESET	NOT_WAYPOINT	356.1763	1.8	-287.8558	0	0.2792079	0	0.9602307	9.564167	-4.328125	0.5298418	350.2671	1.8	-296.459	
650.5323	COLLISION_NONE	NOT_SWITCH	NOT_RESET	NOT_WAYPOINT	356.2252	1.8	-288.2027	0	0.2797921	0	0.9600607	9.561239	-4.30481	0.5853581	350.2671	1.8	-296.459	
650.5523	COLLISION_NONE	NOT_SWITCH	NOT_RESET	NOT_WAYPOINT	356.2445	1.8	-288.527	0	0.280084	0	0.9599755	9.562187	-4.342865	0.6128603	350.2671	1.8	-296.459	
650.5723	COLLISION_NONE	NOT_SWITCH	NOT_RESET	NOT_WAYPOINT	356.1939	1.8	-288.8059	0	0.2803771	0	0.9598899	9.588135	-4.36908	0.6446414	350.2671	1.8	-296.459	
650.5923	COLLISION_NONE	NOT_SWITCH	NOT_RESET	NOT_WAYPOINT	356.0421	1.8	-289.0207	0	0.280672	0	0.9598038	9.63056	-4.38678	0.6985345	350.2671	1.8	-296.459	
650.6124	COLLISION_NONE	NOT_SWITCH	NOT_RESET	NOT_WAYPOINT	355.7891	1.8	-289.1729	0	0.280969	0	0.9597169	9.65946	-4.386353	0.7323713	350.2671	1.8	-296.459	
650.6324	COLLISION_NONE	NOT_SWITCH	NOT_RESET	NOT_WAYPOINT	355.4413	1.8	-289.2682	0	0.2815695	0	0.9595409	9.719107	-4.408051	0.7768676	350.2671	1.8	-296.459	
650.6524	COLLISION_NONE	NOT_SWITCH	NOT_RESET	NOT_WAYPOINT	355.0161	1.8	-289.3176	0	0.2818719	0	0.9594521	9.722921	-4.445099	0.8330328	350.2671	1.8	-296.459	
650.6724	COLLISION_NONE	NOT_SWITCH	NOT_RESET	NOT_WAYPOINT	354.6099	1.8	-289.3779	0	0.2821763	0	0.9593626	9.761885	-4.463531	0.8582213	350.2671	1.8	-296.459	
650.6924	COLLISION_NONE	NOT_SWITCH	NOT_RESET	NOT_WAYPOINT	354.2082	1.8	-289.4402	0	0.2824811	0	0.9592729	9.764465	-4.505157	0.9349704	350.2671	1.8	-296.459	
650.7125	COLLISION_NONE	NOT_SWITCH	NOT_RESET	NOT_WAYPOINT	353.8085	1.8	-289.5031	0	0.2827866	0	0.9591829	9.755322	-4.54007	1.006934	350.2671	1.8	-296.459	
650.7325	COLLISION_NONE	NOT_SWITCH	NOT_RESET	NOT_WAYPOINT	353.4188	1.8	-289.5522	0	0.2833978	0	0.9590025	9.80369	-4.626862	1.116923	350.2671	1.8	-296.459	
650.7525	COLLISION_NONE	NOT_SWITCH	NOT_RESET	NOT_WAYPOINT	353.054	1.8	-289.5666	0	0.2837049	0	0.9589117	9.824184	-4.662567	1.157704	350.2671	1.8	-296.459	
650.7725	COLLISION_NONE	NOT_SWITCH	NOT_RESET	NOT_WAYPOINT	352.6946	1.8	-289.5729	0	0.2840137	0	0.9588202	9.855913	-4.686676	1.210902	350.2671	1.8	-296.459	
650.7925	COLLISION_NONE	NOT_SWITCH	NOT_RESET	NOT_WAYPOINT	352.3383	1.8	-289.5763	0	0.2843246	0	0.9587281	9.889961	-4.73288	1.237522	350.2671	1.8	-296.459	
650.8126	COLLISION_NONE	NOT_SWITCH	NOT_RESET	NOT_WAYPOINT	351.9843	1.8	-289.5796	0	0.2846377	0	0.9586352	9.924395	-4.779877	1.267489	350.2671	1.8	-296.459	
650.8326	COLLISION_NONE	NOT_SWITCH	NOT_RESET	NOT_WAYPOINT	351.6384	1.8	-289.5692	0	0.2852702	0	0.9584472	9.997412	-4.874237	1.359402	350.2671	1.8	-296.459	
650.8526	COLLISION_NONE	NOT_SWITCH	NOT_RESET	NOT_WAYPOINT	351.3101	1.8	-289.5305	0	0.2855887	0	0.9583523	9.992966	-4.935669	1.389229	350.2671	1.8	-296.459	
650.8726	COLLISION_NONE	NOT_SWITCH	NOT_RESET	NOT_WAYPOINT	350.9843	1.8	-289.4919	0	0.285908	0	0.9582571	10.00848	-4.946747	1.428589	350.2671	1.8	-296.459	
650.8926	COLLISION_NONE	NOT_SWITCH	NOT_RESET	NOT_WAYPOINT	350.6609	1.8	-289.4514	0	0.2862274	0	0.9581617	10.00495	-4.988159	1.473548	350.2671	1.8	-296.459	
650.9127	COLLISION_NONE	NOT_SWITCH	NOT_RESET	NOT_WAYPOINT	350.3394	1.8	-289.4068	0	0.2865477	0	0.958066	10.03215	-5.020081	1.510933	350.2671	1.8	-296.459	
650.9327	COLLISION_NONE	NOT_SWITCH	NOT_RESET	NOT_WAYPOINT	350.0186	1.8	-289.3572	0	0.2871896	0	0.9578738	10.05124	-5.044678	1.57221	350.2671	1.8	-296.459	
650.9527	COLLISION_NONE	NOT_SWITCH	NOT_RESET	NOT_WAYPOINT	349.6761	1.8	-289.3268	0	0.2875131	0	0.9577767	10.09966	-5.038757	1.61995	350.2671	1.8	-296.459	
650.9727	COLLISION_NONE	NOT_SWITCH	NOT_RESET	NOT_WAYPOINT	349.3346	1.8	-289.2979	0	0.287838	0	0.9576792	10.09966	-5.038757	1.61995	350.2671	1.8	-296.459	
650.9927	COLLISION_NONE	NOT_SWITCH	NOT_RESET	NOT_WAYPOINT	348.9925	1.8	-289.2696	0	0.2881657	0	0.9575806	10.14566	-5.059784	1.701363	350.2671	1.8	-296.459	
651.0128	COLLISION_NONE	NOT_SWITCH	NOT_RESET	NOT_WAYPOINT	348.6503	1.8	-289.241	0	0.2884972	0	0.9574807	10.2229	-5.071655	1.739234	350.2671	1.8	-296.459	
651.0328	COLLISION_NONE	NOT_SWITCH	NOT_RESET	NOT_WAYPOINT	348.3081	1.8	-289.2122	0	0.2891676	0	0.9572785	10.26137	-5.108948	1.774493	350.2671	1.8	-296.459	
651.0528	COLLISION_NONE	NOT_SWITCH	NOT_RESET	NOT_WAYPOINT	347.966	1.8	-289.1828	0	0.2895049	0	0.9571765	10.27302	-5.178894	1.779417	350.2671	1.8	-296.459	
651.0728	COLLISION_NONE	NOT_SWITCH	NOT_RESET	NOT_WAYPOINT	347.6239	1.8	-289.1533	0	0.2898436	0	0.957074	10.29365	-5.185486	1.794304	350.2671	1.8	-296.459	
651.0928	COLLISION_NONE	NOT_SWITCH	NOT_RESET	NOT_WAYPOINT	347.2818	1.8	-289.1235	0	0.2901827	0	0.9569713	10.29395	-5.211151	1.820742	350.2671	1.8	-296.459	
651.1129	COLLISION_NONE	NOT_SWITCH	NOT_RESET	NOT_WAYPOINT	346.9397	1.8	-289.0935	0	0.2908641	0	0.9567644	10.33119	-5.231598	1.816836	350.2671	1.8	-296.459	
651.1329	COLLISION_NONE	NOT_SWITCH	NOT_RESET	NOT_WAYPOINT	346.5977	1.8	-289.0628	0	0.2912064	0	0.9566603	10.34357	-5.249939	1.854776	350.2671	1.8	-296.459	
651.1529	COLLISION_NONE	NOT_SWITCH	NOT_RESET	NOT_WAYPOINT	346.2557	1.8	-289.0321	0	0.29155	0	0.9565556	10.34357	-5.249939	1.854776	350.2671	1.8	-296.459	
651.1729	COLLISION_NONE	NOT_SWITCH	NOT_RESET	NOT_WAYPOINT	345.9138	1.8	-289.0011	0	0.2918955	0	0.9564503	10.39464	-5.210205	1.90643	350.2671	1.8	-296.459	
651.1929	COLLISION_NONE	NOT_SWITCH	NOT_RESET	NOT_WAYPOINT	345.5718	1.8	-288.9699	0	0.2922429	0	0.9563441	10.39464	-5.210205	1.90643	350.2671	1.8	-296.459	
651.213	COLLISION_NONE	NOT_SWITCH	NOT_RESET	NOT_WAYPOINT	345.2299	1.8	-288.9384	0	0.2929448	0	0.9561294	10.46707	-5.171478	1.898503	350.2671	1.8	-296.459	
651.233	COLLISION_NONE	NOT_SWITCH	NOT_RESET	NOT_WAYPOINT	344.888	1.8	-288.9062	0	0.2932995	0	0.9560207	10.50746	-5.124542	1.89159	350.2671	1.8	-296.459	
651.253	COLLISION_NONE	NOT_SWITCH	NOT_RESET	NOT_WAYPOINT	344.5461	1.8	-288.874	0	0.2936556	0	0.9559113	10.50664	-5.119171	1.885723	350.2671	1.8	-296.459	
651.273	COLLISION_NONE	NOT_SWITCH	NOT_RESET	NOT_WAYPOINT	344.2043	1.8	-288.8415	0	0.2940137	0	0.9558012	10.52265	-5.096802	1.882273	350.2671	1.8	-296.459	
651.293	COLLISION_NONE	NOT_SWITCH	NOT_RESET	NOT_WAYPOINT	343.8585	1.8	-288.8162	0	0.2943729	0	0.9556907	10.53182	-5.045074	1.857396	350.2671	1.8	-296.459	
651.313	COLLISION_NONE	NOT_SWITCH	NOT_RESET	NOT_WAYPOINT	343.4946	1.8	-288.8176	0	0.2950947	0	0.9554681	10.54263	-4.96579	1.799041	350.2671	1.8	-296.459	
651.3331	COLLISION_NONE	NOT_SWITCH	NOT_RESET	NOT_WAYPOINT	343.1008	1.8	-288.8611	0	0.295457	0	0.9553561	10.55032	-4.911865	1.767502	350.2671	1.8	-296.459	
651.3531	COLLISION_NONE	NOT_SWITCH	NOT_RESET	NOT_WAYPOINT	342.7079	1.8	-288.9032	0	0.2958216	0	0.9552432	10.58691	-4.854004	1.734643	350.2671	1.8	-296.459	
651.3731	COLLISION_NONE	NOT_SWITCH	NOT_RESET	NOT_WAYPOINT	342.3112	1.8	-288.9496	0	0.2961879	0	0.9551297	10.59322	-4.806335	1.71273	350.2671	1.8	-296.459	
651.3931	COLLISION_NONE	NOT_SWITCH	NOT_RESET	NOT_WAYPOINT	341.9108	1.8	-289.001	0	0.2965563	0	0.9550154	10.61555	-4.757843	1.678836	350.2671	1.8	-296.459	
651.4131	COLLISION_NONE	NOT_SWITCH	NOT_RESET	NOT_WAYPOINT	341.5092	1.8	-289.0532	0	0.2972972	0	0.954785	10.62564	-4.70752	1.660812	350.2671	1.8	-296.459	
651.4332	COLLISION_NONE	NOT_SWITCH	NOT_RESET	NOT_WAYPOINT	341.1074	1.8	-289.1046	0	0.2976706	0	0.9546687	10.66776	-4.685577	1.626632	350.2671	1.8	-296.459	
651.4532	COLLISION_NONE	NOT_SWITCH	NOT_RESET	NOT_WAYPOINT	340.7056	1.8	-289.1559	0	0.2980442	0	0.9545522	10.64724	-4.688599	1.634742	350.2671	1.8	-296.459	
651.4732	COLLISION_NONE	NOT_SWITCH	NOT_RESET	NOT_WAYPOINT	340.3038	1.8	-289.2068	0	0.298419	0	0.9544351	10.6732	-4.661224	1.621044	350.2671	1.8	-296.459	
651.4932	COLLISION_NONE	NOT_SWITCH	NOT_RESET	NOT_WAYPOINT	339.9019	1.8	-289.2575	0	0.2987945	0	0.9543175	10.67564	-4.676239	1.631882	350.2671	1.8	-296.459	
651.5132	COLLISION_NONE	NOT_SWITCH	NOT_RESET	NOT_WAYPOINT	339.5	1.8	-289.3079	0	0.2995473	0	0.9540814	10.69121	-4.645355	1.626893	350.2671	1.8	-296.459	
651.5333	COLLISION_NONE	NOT_SWITCH	NOT_RESET	NOT_WAYPOINT	339.098	1.8	-289.3573	0	0.2999258	0	0.9539626	10.72465	-4.647888	1.634564	350.2671	1.8	-296.459	
651.5533	COLLISION_NONE	NOT_SWITCH	NOT_RESET	NOT_WAYPOINT	338.696	1.8	-289.4067	0	0.3003072	0	0.9538426	10.77327	-4.624664	1.657824	350.2671	1.8	-296.459	
651.5733	COLLISION_NONE	NOT_SWITCH	NOT_RESET	NOT_WAYPOINT	338.2939	1.8	-289.4558	0	0.3006918	0	0.9537214	10.81004	-4.605316	1.637921	350.2671	1.8	-296.459	
651.5933	COLLISION_NONE	NOT_SWITCH	NOT_RESET	NOT_WAYPOINT	337.8918	1.8	-289.5046	0	0.301079	0	0.9535993	10.83405	-4.580902	1.638112	350.2671	1.8	-296.459	
651.6133	COLLISION_NONE	NOT_SWITCH	NOT_RESET	NOT_WAYPOINT	337.4896	1.8	-289.553	0	0.301857	0	0.9533532	10.84455	-4.549774	1.651614	350.2671	1.8	-296.459	
651.6334	COLLISION_NONE	NOT_SWITCH	NOT_RESET	NOT_WAYPOINT	337.0874	1.8	-289.6005	0	0.3022471	0	0.9532296	10.84449	-4.54599	1.65249	350.2671	1.8	-296.459	
651.6534	COLLISION_NONE	NOT_SWITCH	NOT_RESET	NOT_WAYPOINT	336.6852	1.8	-289.6479	0	0.3026371	0	0.9531059	10.84449	-4.54599	1.65249	350.2671	1.8	-296.459	
651.6734	COLLISION_NONE	NOT_SWITCH	NOT_RESET	NOT_WAYPOINT	336.2828	1.8	-289.695	0	0.3030286	0	0.9529815	10.86915	-4.458832	1.656299	350.2671	1.8	-296.459	
651.6934	COLLISION_NONE	NOT_SWITCH	NOT_RESET	NOT_WAYPOINT	335.8987	1.8	-289.754	0	0.3038164	0	0.9527306	10.91463	-4.404022	1.633188	350.2671	1.8	-296.459	
651.7134	COLLISION_NONE	NOT_SWITCH	NOT_RESET	NOT_WAYPOINT	335.5515	1.8	-289.8357	0	0.3042145	0	0.9526036	10.9535	-4.346893	1.621845	350.2671	1.8	-296.459	
651.7335	COLLISION_NONE	NOT_SWITCH	NOT_RESET	NOT_WAYPOINT	335.2226	1.8	-289.9285	0	0.3046152	0	0.9524755	10.97614	-4.322754	1.607772	350.2671	1.8	-296.459	
651.7535	COLLISION_NONE	NOT_SWITCH	NOT_RESET	NOT_WAYPOINT	334.9099	1.8	-290.0308	0	0.3050182	0	0.9523466	10.97811	-4.294189	1.60351	350.2671	1.8	-296.459	
651.7735	COLLISION_NONE	NOT_SWITCH	NOT_RESET	NOT_WAYPOINT	334.6504	1.8	-290.1696	0	0.3054228	0	0.9522169	11.00371	-4.248444	1.565334	350.2671	1.8	-296.459	
651.7935	COLLISION_NONE	NOT_SWITCH	NOT_RESET	NOT_WAYPOINT	334.4793	1.8	-290.3713	0	0.3062358	0	0.9519557	11.02148	-4.216766	1.539034	350.2671	1.8	-296.459	
651.8135	COLLISION_NONE	NOT_SWITCH	NOT_RESET	NOT_WAYPOINT	334.4991	1.8	-290.7132	0	0.3066437	0	0.9518244	11.01929	-4.191223	1.534235	350.2671	1.8	-296.459	
651.8336	COLLISION_NONE	NOT_SWITCH	NOT_RESET	NOT_WAYPOINT	334.5646	1.8	-291.0915	0	0.3070515	0	0.9516929	11.01737	-4.17569	1.520034	350.2671	1.8	-296.459	
651.8536	COLLISION_NONE	NOT_SWITCH	NOT_RESET	NOT_WAYPOINT	334.643	1.8	-291.4807	0	0.30746	0	0.951561	11.03022	-4.142212	1.523222	350.2671	1.8	-296.459	
651.8736	COLLISION_NONE	NOT_SWITCH	NOT_RESET	NOT_WAYPOINT	334.7238	1.8	-291.8724	0	0.307868	0	0.9514291	11.01118	-4.130157	1.516654	350.2671	1.8	-296.459	
651.8936	COLLISION_NONE	NOT_SWITCH	NOT_RESET	NOT_WAYPOINT	334.8043	1.8	-292.2645	0	0.3086828	0	0.9511651	11.0089	-4.122589	1.504068	350.2671	1.8	-296.459	
651.9136	COLLISION_NONE	NOT_SWITCH	NOT_RESET	NOT_WAYPOINT	334.8839	1.8	-292.6567	0	0.3090906	0	0.9510326	11.01782	-4.115051	1.483668	350.2671	1.8	-296.459	
651.9337	COLLISION_NONE	NOT_SWITCH	NOT_RESET	NOT_WAYPOINT	334.9635	1.8	-293.049	0	0.3094997	0	0.9508996	11.04174	-4.082916	1.485795	350.2671	1.8	-296.459	
651.9537	COLLISION_NONE	NOT_SWITCH	NOT_RESET	NOT_WAYPOINT	335.0427	1.8	-293.4413	0	0.3099099	0	0.950766	11.05144	-4.067932	1.48492	350.2671	1.8	-296.459	
651.9737	COLLISION_NONE	NOT_SWITCH	NOT_RESET	NOT_WAYPOINT	335.1216	1.8	-293.8337	0	0.3103212	0	0.9506318	11.06309	-4.05899	1.457465	350.2671	1.8	-296.459	
651.9937	COLLISION_NONE	NOT_SWITCH	NOT_RESET	NOT_WAYPOINT	335.2001	1.8	-294.2262	0	0.3111477	0	0.9503616	11.07341	-4.105896	1.431416	350.2671	1.8	-296.459	
652.0137	COLLISION_NONE	NOT_SWITCH	NOT_RESET	NOT_WAYPOINT	335.2777	1.8	-294.6188	0	0.3115633	0	0.9502254	11.11938	-4.094391	1.423664	350.2671	1.8	-296.459	
652.0338	COLLISION_NONE	NOT_SWITCH	NOT_RESET	NOT_WAYPOINT	335.3552	1.8	-295.0115	0	0.311979	0	0.950089	11.10583	-4.113281	1.427346	350.2671	1.8	-296.459	
652.0538	COLLISION_NONE	NOT_SWITCH	NOT_RESET	NOT_WAYPOINT	335.4324	1.8	-295.4043	0	0.3123947	0	0.9499524	11.10058	-4.101166	1.41266	350.2671	1.8	-296.459	
652.0738	COLLISION_NONE	NOT_SWITCH	NOT_RESET	NOT_WAYPOINT	335.5092	1.8	-295.7971	0	0.3128085	0	0.9498162	11.05527	-4.109894	1.392228	350.2671	1.8	-296.459	
652.0938	COLLISION_NONE	NOT_SWITCH	NOT_RESET	NOT_WAYPOINT	335.5857	1.8	-296.19	0	0.3136325	0	0.9495444	11.03408	-4.067841	1.345935	350.2671	1.8	-296.459	
652.1138	COLLISION_NONE	NOT_SWITCH	NOT_RESET	NOT_WAYPOINT	335.6612	1.8	-296.583	0	0.3140439	0	0.9494085	11.04258	-4.064484	1.328022	350.2671	1.8	-296.459	
652.1339	COLLISION_NONE	NOT_SWITCH	NOT_RESET	NOT_WAYPOINT	335.7196	1.8	-296.9626	0	0.3144562	0	0.949272	11.05904	-4.025452	1.289263	350.2671	1.8	-296.459	
652.1539	COLLISION_NONE	NOT_SWITCH	NOT_RESET	NOT_WAYPOINT	335.7615	1.8	-297.3282	0	0.3148681	0	0.9491355	11.03666	-3.995728	1.261708	350.2671	1.8	-296.459	
652.1739	COLLISION_NONE	NOT_SWITCH	NOT_RESET	NOT_WAYPOINT	335.7868	1.8	-297.6799	0	0.3152789	0	0.948999	11.01532	-3.968567	1.244286	350.2671	1.8	-296.459	
652.1939	COLLISION_NONE	NOT_SWITCH	NOT_RESET	NOT_WAYPOINT	335.7958	1.8	-298.0177	0	0.3161009	0	0.9487256	11.02508	-3.949097	1.208505	350.2671	1.8	-296.459	
