#Walking Trial Path#
#TimeStamp#	#Collision Event#	#Mode Switch Event#	#Reset Event#	#Waypoint Event#	#PositionX#	#PositionY#	#PositionZ#	#OrientationX#	#OrientationY#	#OrientationZ#	#OrientationW#	#HeadOrientationX#	#HeadOrientationY#	#HeadOrientationZ#	#WayPointX#	#WayPointY#	#WayPointZ#	
612.4752	COLLISION_NONE	CORRECT_SWITCH	NOT_RESET	NOT_WAYPOINT	296.5773	2.928841	318.1019	0	0	0	1	15.5717	-2.711212	0.3243788	295.4722	1.280402	315	
612.4952	COLLISION_NONE	NOT_SWITCH	NOT_RESET	NOT_WAYPOINT	297.3834	2.86906	318.0938	0	0	0	1	15.5534	-2.734894	0.2718415	295.4722	1.280402	315	
612.5152	COLLISION_NONE	NOT_SWITCH	NOT_RESET	NOT_WAYPOINT	298.0906	2.813652	318.0739	0	0	0	1	15.55931	-2.748199	0.2169828	295.4722	1.280402	315	
612.5352	COLLISION_NONE	NOT_SWITCH	NOT_RESET	NOT_WAYPOINT	298.6	2.769082	318.0317	0	0	0	1	15.56818	-2.726593	0.1569591	295.4722	1.280402	315	
612.5552	COLLISION_NONE	NOT_SWITCH	NOT_RESET	NOT_WAYPOINT	299.0108	2.734199	317.9795	0	0	0	1	15.55219	-2.719727	0.1416421	295.4722	1.280402	315	
612.5753	COLLISION_NONE	NOT_SWITCH	NOT_RESET	NOT_WAYPOINT	299.3234	2.712783	317.9193	0	0	0	1	15.57095	-2.7211	0.1110449	295.4722	1.280402	315	
612.5953	COLLISION_NONE	NOT_SWITCH	NOT_RESET	NOT_WAYPOINT	299.6593	2.772094	317.9069	0	0	0	1	15.60086	-2.740082	0.1041989	295.4722	1.280402	315	
612.6153	COLLISION_NONE	NOT_SWITCH	NOT_RESET	NOT_WAYPOINT	299.9648	2.74503	317.8467	0	0	0	1	15.64027	-2.75	0.09190297	295.4722	1.280402	315	
612.6353	COLLISION_NONE	NOT_SWITCH	NOT_RESET	NOT_WAYPOINT	300.175	2.872956	317.8525	0	0	0	1	15.67103	-2.755768	0.07029426	295.4722	1.280402	315	
612.6553	COLLISION_NONE	NOT_SWITCH	NOT_RESET	NOT_WAYPOINT	300.4323	2.915519	317.824	0	0	0	1	15.7102	-2.777191	0.08042443	295.4722	1.280402	315	
612.6754	COLLISION_NONE	NOT_SWITCH	NOT_RESET	NOT_WAYPOINT	300.733	2.87143	317.7599	0	0	0	1	15.72591	-2.786926	0.09139037	295.4722	1.280402	315	
612.6954	COLLISION_NONE	NOT_SWITCH	NOT_RESET	NOT_WAYPOINT	300.9803	2.901987	317.7268	0	0	0	1	15.75531	-2.827118	0.1114895	295.4722	1.280402	315	
612.7154	COLLISION_NONE	NOT_SWITCH	NOT_RESET	NOT_WAYPOINT	301.3282	2.76449	317.6284	0	0	0	1	15.75943	-2.85675	0.1503849	295.4722	1.280402	315	
612.7354	COLLISION_NONE	NOT_SWITCH	NOT_RESET	NOT_WAYPOINT	301.6255	2.703385	317.5611	0	0	0	1	15.77392	-2.866119	0.1469605	295.4722	1.280402	315	
612.7554	COLLISION_NONE	NOT_SWITCH	NOT_RESET	NOT_WAYPOINT	301.8683	2.716926	317.5231	0	0	0	1	15.76657	-2.859253	0.1820669	295.4722	1.280402	315	
612.7755	COLLISION_NONE	NOT_SWITCH	NOT_RESET	NOT_WAYPOINT	302.1612	2.645836	317.4536	0	0	0	1	15.77205	-2.843597	0.2113866	295.4722	1.280402	315	
612.7955	COLLISION_NONE	NOT_SWITCH	NOT_RESET	NOT_WAYPOINT	302.4012	2.650127	317.414	0	0	0	1	15.7533	-2.845093	0.2520016	295.4722	1.280402	315	
612.8155	COLLISION_NONE	NOT_SWITCH	NOT_RESET	NOT_WAYPOINT	302.7335	2.482353	317.3071	0	0	0	1	15.76274	-2.821167	0.2798027	295.4722	1.280402	315	
612.8355	COLLISION_NONE	NOT_SWITCH	NOT_RESET	NOT_WAYPOINT	303.0194	2.392927	317.2326	0	0	0	1	15.78474	-2.795258	0.2963442	295.4722	1.280402	315	
612.8555	COLLISION_NONE	NOT_SWITCH	NOT_RESET	NOT_WAYPOINT	303.2566	2.381061	317.1895	0	0	0	1	15.78227	-2.790344	0.3087379	295.4722	1.280402	315	
612.8755	COLLISION_NONE	NOT_SWITCH	NOT_RESET	NOT_WAYPOINT	303.3981	2.375103	317.1191	0	0	0	1	15.78623	-2.784943	0.3172199	295.4722	1.280402	315	
612.8956	COLLISION_NONE	NOT_SWITCH	NOT_RESET	NOT_WAYPOINT	303.635	2.359303	317.0782	0	0	0	1	15.83489	-2.746582	0.3501462	295.4722	1.280402	315	
612.9156	COLLISION_NONE	NOT_SWITCH	NOT_RESET	NOT_WAYPOINT	303.692	2.421932	317.0245	0	0	0	1	15.83489	-2.746582	0.3501462	295.4722	1.280402	315	
612.9356	COLLISION_NONE	NOT_SWITCH	NOT_RESET	NOT_WAYPOINT	303.8402	2.440102	316.9779	0	0	0	1	15.79891	-2.702484	0.4151161	295.4722	1.280402	315	
612.9556	COLLISION_NONE	NOT_SWITCH	NOT_RESET	NOT_WAYPOINT	304.0805	2.416255	316.94	0	0	0	1	15.75329	-2.735718	0.4596795	295.4722	1.280402	315	
612.9756	COLLISION_NONE	NOT_SWITCH	NOT_RESET	NOT_WAYPOINT	304.2323	2.434992	316.8986	0	0	0	1	15.74251	-2.735535	0.4639454	295.4722	1.280402	315	
612.9957	COLLISION_NONE	NOT_SWITCH	NOT_RESET	NOT_WAYPOINT	304.4737	2.405421	316.862	0	0	0	1	15.70454	-2.719116	0.4960626	295.4722	1.280402	315	
613.0157	COLLISION_NONE	NOT_SWITCH	NOT_RESET	NOT_WAYPOINT	304.541	2.466396	316.8217	0	0	0	1	15.69176	-2.7005	0.523647	295.4722	1.280402	315	
613.0357	COLLISION_NONE	NOT_SWITCH	NOT_RESET	NOT_WAYPOINT	304.6969	2.476975	316.7839	0	0	0	1	15.67054	-2.669922	0.5584251	295.4722	1.280402	315	
613.0557	COLLISION_NONE	NOT_SWITCH	NOT_RESET	NOT_WAYPOINT	304.9429	2.440244	316.7499	0	0	0	1	15.64167	-2.674591	0.5588837	295.4722	1.280402	315	
613.0757	COLLISION_NONE	NOT_SWITCH	NOT_RESET	NOT_WAYPOINT	305.1007	2.446594	316.7139	0	0	0	1	15.61433	-2.63913	0.5518781	295.4722	1.280402	315	
613.0958	COLLISION_NONE	NOT_SWITCH	NOT_RESET	NOT_WAYPOINT	305.3485	2.405749	316.6818	0	0	0	1	15.54766	-2.615967	0.5618575	295.4722	1.280402	315	
613.1158	COLLISION_NONE	NOT_SWITCH	NOT_RESET	NOT_WAYPOINT	305.4193	2.449689	316.6447	0	0	0	1	15.52145	-2.569153	0.5723839	295.4722	1.280402	315	
613.1358	COLLISION_NONE	NOT_SWITCH	NOT_RESET	NOT_WAYPOINT	305.5805	2.447031	316.6108	0	0	0	1	15.43908	-2.540283	0.5702462	295.4722	1.280402	315	
613.1558	COLLISION_NONE	NOT_SWITCH	NOT_RESET	NOT_WAYPOINT	305.8351	2.405081	316.5828	0	0	0	1	15.43908	-2.540283	0.5702462	295.4722	1.280402	315	
613.1758	COLLISION_NONE	NOT_SWITCH	NOT_RESET	NOT_WAYPOINT	305.9975	2.397722	316.5501	0	0	0	1	15.34222	-2.452911	0.5483027	295.4722	1.280402	315	
613.1959	COLLISION_NONE	NOT_SWITCH	NOT_RESET	NOT_WAYPOINT	306.2562	2.361244	316.5268	0	0	0	1	15.23797	-2.358063	0.5322534	295.4722	1.280402	315	
613.2159	COLLISION_NONE	NOT_SWITCH	NOT_RESET	NOT_WAYPOINT	306.3241	2.374223	316.487	0	0	0	1	15.2107	-2.268585	0.5140274	295.4722	1.280402	315	
613.2359	COLLISION_NONE	NOT_SWITCH	NOT_RESET	NOT_WAYPOINT	306.489	2.360733	316.4565	0	0	0	1	15.16991	-2.184784	0.5058717	295.4722	1.280402	315	
613.2559	COLLISION_NONE	NOT_SWITCH	NOT_RESET	NOT_WAYPOINT	306.7432	2.381478	316.4499	0	0	0	1	15.08118	-2.156952	0.5072025	295.4722	1.280402	315	
613.2759	COLLISION_NONE	NOT_SWITCH	NOT_RESET	NOT_WAYPOINT	306.9059	2.364961	316.4203	0	0	0	1	15.0107	-2.10907	0.4765011	295.4722	1.280402	315	
613.296	COLLISION_NONE	NOT_SWITCH	NOT_RESET	NOT_WAYPOINT	307.0536	2.440771	316.413	0	0	0	1	14.84525	-2.019714	0.4582484	295.4722	1.280402	315	
613.316	COLLISION_NONE	NOT_SWITCH	NOT_RESET	NOT_WAYPOINT	307.2258	2.315394	316.36	0	0	0	1	14.75241	-1.964996	0.4267936	295.4722	1.280402	315	
613.336	COLLISION_NONE	NOT_SWITCH	NOT_RESET	NOT_WAYPOINT	307.3839	2.282642	316.3287	0	0	0	1	14.7033	-1.917206	0.4274381	295.4722	1.280402	315	
613.356	COLLISION_NONE	NOT_SWITCH	NOT_RESET	NOT_WAYPOINT	307.5181	2.340966	316.3169	0	0	0	1	14.50173	-1.792206	0.4272162	295.4722	1.280402	315	
613.376	COLLISION_NONE	NOT_SWITCH	NOT_RESET	NOT_WAYPOINT	307.6736	2.299717	316.285	0	0	0	1	14.39629	-1.678894	0.4403691	295.4722	1.280402	315	
613.3961	COLLISION_NONE	NOT_SWITCH	NOT_RESET	NOT_WAYPOINT	307.7746	2.439185	316.2906	0	0	0	1	14.23997	-1.50351	0.4464835	295.4722	1.280402	315	
613.4161	COLLISION_NONE	NOT_SWITCH	NOT_RESET	NOT_WAYPOINT	307.9026	2.48034	316.2767	0	0	0	1	14.18866	-1.467743	0.4582994	295.4722	1.280402	315	
613.4361	COLLISION_NONE	NOT_SWITCH	NOT_RESET	NOT_WAYPOINT	308.0548	2.422616	316.2426	0	0	0	1	14.05686	-1.34198	0.4645408	295.4722	1.280402	315	
613.4561	COLLISION_NONE	NOT_SWITCH	NOT_RESET	NOT_WAYPOINT	308.1793	2.45505	316.2278	0	0	0	1	13.94671	-1.301086	0.4659824	295.4722	1.280402	315	
613.4761	COLLISION_NONE	NOT_SWITCH	NOT_RESET	NOT_WAYPOINT	308.3286	2.388701	316.1927	0	0	0	1	13.8256	-1.182617	0.4622531	295.4722	1.280402	315	
613.4962	COLLISION_NONE	NOT_SWITCH	NOT_RESET	NOT_WAYPOINT	308.4232	2.502834	316.1963	0	0	0	1	13.68718	-1.091003	0.455934	295.4722	1.280402	315	
613.5162	COLLISION_NONE	NOT_SWITCH	NOT_RESET	NOT_WAYPOINT	308.5449	2.518852	316.1797	0	0	0	1	13.59268	-1.035248	0.4418997	295.4722	1.280402	315	
613.5362	COLLISION_NONE	NOT_SWITCH	NOT_RESET	NOT_WAYPOINT	308.6896	2.436021	316.1413	0	0	0	1	13.52022	-0.966156	0.4301507	295.4722	1.280402	315	
613.5562	COLLISION_NONE	NOT_SWITCH	NOT_RESET	NOT_WAYPOINT	308.8094	2.443715	316.1239	0	0	0	1	13.47171	-0.9216309	0.4220279	295.4722	1.280402	315	
613.5762	COLLISION_NONE	NOT_SWITCH	NOT_RESET	NOT_WAYPOINT	308.948	2.352049	316.083	0	0	0	1	13.26822	-0.7576904	0.3567519	295.4722	1.280402	315	
613.5963	COLLISION_NONE	NOT_SWITCH	NOT_RESET	NOT_WAYPOINT	309.0451	2.442703	316.0875	0	0	0	1	13.22279	-0.7232361	0.3385391	295.4722	1.280402	315	
613.6163	COLLISION_NONE	NOT_SWITCH	NOT_RESET	NOT_WAYPOINT	309.1624	2.43441	316.0679	0	0	0	1	13.1418	-0.6974792	0.3341802	295.4722	1.280402	315	
613.6363	COLLISION_NONE	NOT_SWITCH	NOT_RESET	NOT_WAYPOINT	309.2686	2.329992	316.011	0	0	0	1	13.11663	-0.6490479	0.3183787	295.4722	1.280402	315	
613.6563	COLLISION_NONE	NOT_SWITCH	NOT_RESET	NOT_WAYPOINT	309.3831	2.314397	315.9904	0	0	0	1	12.98568	-0.5722961	0.2962825	295.4722	1.280402	315	
613.6763	COLLISION_NONE	NOT_SWITCH	NOT_RESET	NOT_WAYPOINT	309.4597	2.386288	315.9836	0	0	0	1	12.80612	-0.4394226	0.2648593	295.4722	1.280402	315	
613.6964	COLLISION_NONE	NOT_SWITCH	NOT_RESET	NOT_WAYPOINT	309.6113	2.266923	315.9486	0	0	0	1	12.74792	-0.388855	0.2364316	295.4722	1.280402	315	
613.7164	COLLISION_NONE	NOT_SWITCH	NOT_RESET	NOT_WAYPOINT	309.7263	2.235626	315.927	0	0	0	1	12.72445	-0.3477478	0.2294815	295.4722	1.280402	315	
613.7364	COLLISION_NONE	NOT_SWITCH	NOT_RESET	NOT_WAYPOINT	309.8029	2.291877	315.9178	0	0	0	1	12.62253	-0.3181763	0.2302853	295.4722	1.280402	315	
613.7564	COLLISION_NONE	NOT_SWITCH	NOT_RESET	NOT_WAYPOINT	309.9174	2.252453	315.8959	0	0	0	1	12.55422	-0.2708435	0.2158426	295.4722	1.280402	315	
613.7764	COLLISION_NONE	NOT_SWITCH	NOT_RESET	NOT_WAYPOINT	309.9932	2.30045	315.886	0	0	0	1	12.43591	-0.1647644	0.1672876	295.4722	1.280402	315	
613.7964	COLLISION_NONE	WAIT_SWITCH	NOT_RESET	NOT_WAYPOINT	315	1.8	315	0	0	0	1	12.35334	-0.09487915	0.1480187	295.4722	1.280402	315	
613.8165	COLLISION_NONE	NOT_SWITCH	NOT_RESET	NOT_WAYPOINT	315.0689	1.8	314.9844	0	0	0	1	12.24878	0.01754761	0.1000832	295.4722	1.280402	315	
613.8365	COLLISION_NONE	NOT_SWITCH	NOT_RESET	NOT_WAYPOINT	315.0689	1.8	314.9844	0	0	0	1	12.17775	0.08825684	0.08761549	295.4722	1.280402	315	
613.8565	COLLISION_NONE	NOT_SWITCH	NOT_RESET	NOT_WAYPOINT	315.0689	1.8	314.9844	0	0	0	1	12.14252	0.1412048	0.06928635	295.4722	1.280402	315	
613.8765	COLLISION_NONE	NOT_SWITCH	NOT_RESET	NOT_WAYPOINT	315.0689	1.8	314.9844	0	0	0	1	12.03753	0.2750244	0.01538575	295.4722	1.280402	315	
613.8965	COLLISION_NONE	NOT_SWITCH	NOT_RESET	NOT_WAYPOINT	315.0689	1.8	314.9844	0	0	0	1	11.97979	0.2899475	0.006882548	295.4722	1.280402	315	
613.9166	COLLISION_NONE	NOT_SWITCH	NOT_RESET	NOT_WAYPOINT	315.0689	1.8	314.9844	0	0	0	1	11.9449	0.3341064	-0.01007032	295.4722	1.280402	315	
613.9366	COLLISION_NONE	NOT_SWITCH	NOT_RESET	NOT_WAYPOINT	315.0689	1.8	314.9844	0	0	0	1	11.90387	0.3681335	-0.01838076	295.4722	1.280402	315	
613.9566	COLLISION_NONE	NOT_SWITCH	NOT_RESET	NOT_WAYPOINT	315.0689	1.8	314.9844	0	0	0	1	11.89564	0.3714905	-0.02808857	295.4722	1.280402	315	
613.9766	COLLISION_NONE	NOT_SWITCH	NOT_RESET	NOT_WAYPOINT	315.0689	1.8	314.9844	0	0	0	1	11.88838	0.4126587	-0.07209575	295.4722	1.280402	315	
613.9966	COLLISION_NONE	NOT_SWITCH	NOT_RESET	NOT_WAYPOINT	315.0689	1.8	314.9844	0	0	0	1	11.89831	0.4099121	-0.09470308	295.4722	1.280402	315	
614.0167	COLLISION_NONE	NOT_SWITCH	NOT_RESET	NOT_WAYPOINT	315.0689	1.8	314.9844	0	0	0	1	11.91505	0.4029541	-0.1186377	295.4722	1.280402	315	
614.0367	COLLISION_NONE	NOT_SWITCH	NOT_RESET	NOT_WAYPOINT	315.0689	1.8	314.9844	0	0	0	1	11.94523	0.3426208	-0.1305521	295.4722	1.280402	315	
614.0567	COLLISION_NONE	NOT_SWITCH	NOT_RESET	NOT_WAYPOINT	315.0689	1.8	314.9844	0	0	0	1	11.98188	0.2684631	-0.1533238	295.4722	1.280402	315	
614.0767	COLLISION_NONE	NOT_SWITCH	NOT_RESET	NOT_WAYPOINT	315.0689	1.8	314.9844	0	0	0	1	12.00748	0.2362061	-0.162042	295.4722	1.280402	315	
614.0967	COLLISION_NONE	NOT_SWITCH	NOT_RESET	NOT_WAYPOINT	315.0689	1.8	314.9844	0	0	0	1	12.01942	0.2049255	-0.1555939	295.4722	1.280402	315	
614.1168	COLLISION_NONE	NOT_SWITCH	NOT_RESET	NOT_WAYPOINT	315.0689	1.8	314.9844	0	0	0	1	12.05468	0.1746216	-0.1894947	295.4722	1.280402	315	
614.1368	COLLISION_NONE	NOT_SWITCH	NOT_RESET	NOT_WAYPOINT	315.0689	1.8	314.9844	0	0	0	1	12.06507	0.1393433	-0.212785	295.4722	1.280402	315	
614.1568	COLLISION_NONE	NOT_SWITCH	NOT_RESET	NOT_WAYPOINT	315.0689	1.8	314.9844	0	0	0	1	12.08707	0.1043396	-0.2256579	295.4722	1.280402	315	
614.1768	COLLISION_NONE	NOT_SWITCH	NOT_RESET	NOT_WAYPOINT	315.0689	1.8	314.9844	0	0	0	1	12.07925	0.09820557	-0.2304517	295.4722	1.280402	315	
614.1968	COLLISION_NONE	NOT_SWITCH	NOT_RESET	NOT_WAYPOINT	315.0689	1.8	314.9844	0	0	0	1	12.08304	0.09613037	-0.2239268	295.4722	1.280402	315	
614.2169	COLLISION_NONE	NOT_SWITCH	NOT_RESET	NOT_WAYPOINT	315.0689	1.8	314.9844	0	0	0	1	12.08734	0.08041382	-0.227816	295.4722	1.280402	315	
614.2369	COLLISION_NONE	NOT_SWITCH	NOT_RESET	NOT_WAYPOINT	315.0689	1.8	314.9844	0	0	0	1	12.05237	0.05300903	-0.2221423	295.4722	1.280402	315	
614.2569	COLLISION_NONE	NOT_SWITCH	NOT_RESET	NOT_WAYPOINT	315.0689	1.8	314.9844	0	0	0	1	12.01385	0.05673218	-0.194441	295.4722	1.280402	315	
614.2769	COLLISION_NONE	NOT_SWITCH	NOT_RESET	NOT_WAYPOINT	315.0689	1.8	314.9844	0	0	0	1	11.99093	0.07348633	-0.2039261	295.4722	1.280402	315	
614.2969	COLLISION_NONE	NOT_SWITCH	NOT_RESET	NOT_WAYPOINT	315.0689	1.8	314.9844	0	0	0	1	11.91658	0.06887817	-0.1803454	295.4722	1.280402	315	
614.317	COLLISION_NONE	NOT_SWITCH	NOT_RESET	NOT_WAYPOINT	315.0689	1.8	314.9844	0	0	0	1	11.84745	0.1125183	-0.1707315	295.4722	1.280402	315	
614.337	COLLISION_NONE	NOT_SWITCH	NOT_RESET	NOT_WAYPOINT	315.0689	1.8	314.9844	0	0	0	1	11.75466	0.1118164	-0.1562771	295.4722	1.280402	315	
614.357	COLLISION_NONE	NOT_SWITCH	NOT_RESET	NOT_WAYPOINT	315.0689	1.8	314.9844	0	0	0	1	11.60501	0.190033	-0.1460963	295.4722	1.280402	315	
614.377	COLLISION_NONE	NOT_SWITCH	NOT_RESET	NOT_WAYPOINT	315.0689	1.8	314.9844	0	0	0	1	11.52288	0.2433777	-0.1698778	295.4722	1.280402	315	
614.397	COLLISION_NONE	NOT_SWITCH	NOT_RESET	NOT_WAYPOINT	315.0689	1.8	314.9844	0	0	0	1	11.42641	0.2861023	-0.1955951	295.4722	1.280402	315	
614.4171	COLLISION_NONE	NOT_SWITCH	NOT_RESET	NOT_WAYPOINT	315.0689	1.8	314.9844	0	0	0	1	11.34185	0.3500671	-0.1988513	295.4722	1.280402	315	
614.4371	COLLISION_NONE	NOT_SWITCH	NOT_RESET	NOT_WAYPOINT	315.0689	1.8	314.9844	0	0	0	1	11.23653	0.3418884	-0.2146033	295.4722	1.280402	315	
614.4571	COLLISION_NONE	NOT_SWITCH	NOT_RESET	NOT_WAYPOINT	315.0689	1.8	314.9844	0	0	0	1	10.97025	0.375061	-0.189256	295.4722	1.280402	315	
614.4771	COLLISION_NONE	NOT_SWITCH	NOT_RESET	NOT_WAYPOINT	315.0689	1.8	314.9844	0	0	0	1	10.83357	0.3793945	-0.1828876	295.4722	1.280402	315	
614.4971	COLLISION_NONE	NOT_SWITCH	NOT_RESET	NOT_WAYPOINT	315.0689	1.8	314.9844	0	0	0	1	10.5853	0.3686523	-0.1180711	295.4722	1.280402	315	
614.5172	COLLISION_NONE	NOT_SWITCH	NOT_RESET	NOT_WAYPOINT	315.0689	1.8	314.9844	0	0	0	1	10.41044	0.3783875	-0.09099889	295.4722	1.280402	315	
614.5372	COLLISION_NONE	NOT_SWITCH	NOT_RESET	NOT_WAYPOINT	315.0689	1.8	314.9844	0	0	0	1	10.2289	0.3843384	-0.04662991	295.4722	1.280402	315	
614.5572	COLLISION_NONE	NOT_SWITCH	NOT_RESET	NOT_WAYPOINT	315.0689	1.8	314.9844	0	0	0	1	9.810728	0.3102417	0.03594542	295.4722	1.280402	315	
614.5772	COLLISION_NONE	NOT_SWITCH	NOT_RESET	NOT_WAYPOINT	315.0689	1.8	314.9844	0	0	0	1	9.580479	0.2799683	0.08153892	295.4722	1.280402	315	
614.5972	COLLISION_NONE	CORRECT_SWITCH	NOT_RESET	NOT_WAYPOINT	315.0689	1.8	314.9844	0	0.0001495465	0	1	9.314663	0.1781311	0.156235	295.4722	1.280402	315	
614.6172	COLLISION_NONE	NOT_SWITCH	NOT_RESET	NOT_WAYPOINT	315.0708	1.8	314.9535	0	0.0003607143	0	0.9999999	9.032366	0.1092834	0.2174947	295.4722	1.280402	315	
614.6373	COLLISION_NONE	NOT_SWITCH	NOT_RESET	NOT_WAYPOINT	315.0727	1.8	314.9231	0	0.0005887194	0	0.9999999	8.734266	0.007873535	0.2907307	295.4722	1.280402	315	
614.6573	COLLISION_NONE	NOT_SWITCH	NOT_RESET	NOT_WAYPOINT	315.0747	1.8	314.8949	0	0.001017279	0	0.9999995	8.127863	-0.18573	0.3766066	295.4722	1.280402	315	
614.6773	COLLISION_NONE	NOT_SWITCH	NOT_RESET	NOT_WAYPOINT	315.0779	1.8	314.87	0	0.00119993	0	0.9999993	7.822399	-0.2675476	0.4448409	295.4722	1.280402	315	
614.6973	COLLISION_NONE	NOT_SWITCH	NOT_RESET	NOT_WAYPOINT	315.0819	1.8	314.8458	0	0.001355316	0	0.9999992	7.48505	-0.3706055	0.4999547	295.4722	1.280402	315	
614.7173	COLLISION_NONE	NOT_SWITCH	NOT_RESET	NOT_WAYPOINT	315.0861	1.8	314.8222	0	0.001474548	0	0.999999	7.15707	-0.4500732	0.5349164	295.4722	1.280402	315	
614.7374	COLLISION_NONE	NOT_SWITCH	NOT_RESET	NOT_WAYPOINT	315.0901	1.8	314.8018	0	0.001620965	0	0.9999987	6.427147	-0.6002808	0.5792034	295.4722	1.280402	315	
614.7574	COLLISION_NONE	NOT_SWITCH	NOT_RESET	NOT_WAYPOINT	315.0937	1.8	314.7862	0	0.001652749	0	0.9999987	6.157732	-0.6584473	0.5881802	295.4722	1.280402	315	
614.7774	COLLISION_NONE	NOT_SWITCH	NOT_RESET	NOT_WAYPOINT	315.097	1.8	314.7691	0	0.001668641	0	0.9999987	5.911043	-0.6652527	0.5811014	295.4722	1.280402	315	
614.7974	COLLISION_NONE	NOT_SWITCH	NOT_RESET	NOT_WAYPOINT	315.0999	1.8	314.7534	0	0.001676587	0	0.9999986	5.695271	-0.712677	0.5934577	295.4722	1.280402	315	
614.8174	COLLISION_NONE	NOT_SWITCH	NOT_RESET	NOT_WAYPOINT	315.1024	1.8	314.738	0	0.00168056	0	0.9999986	5.600296	-0.7369995	0.5972373	295.4722	1.280402	315	
614.8375	COLLISION_NONE	NOT_SWITCH	NOT_RESET	NOT_WAYPOINT	315.1052	1.8	314.7227	0	0.00168354	0	0.9999986	5.26252	-0.7697754	0.6009235	295.4722	1.280402	315	
614.8575	COLLISION_NONE	NOT_SWITCH	NOT_RESET	NOT_WAYPOINT	315.1077	1.8	314.7082	0	0.001684037	0	0.9999986	5.061823	-0.7972717	0.584519	295.4722	1.280402	315	
614.8775	COLLISION_NONE	NOT_SWITCH	NOT_RESET	NOT_WAYPOINT	315.1102	1.8	314.6937	0	0.001684285	0	0.9999986	4.972319	-0.8106384	0.5688432	295.4722	1.280402	315	
614.8975	COLLISION_NONE	NOT_SWITCH	NOT_RESET	NOT_WAYPOINT	315.1127	1.8	314.6792	0	0.001684409	0	0.9999986	4.943703	-0.8077087	0.5637602	295.4722	1.280402	315	
614.9175	COLLISION_NONE	NOT_SWITCH	NOT_RESET	NOT_WAYPOINT	315.1151	1.8	314.6647	0	0.001684471	0	0.9999986	4.834122	-0.8321228	0.5755303	295.4722	1.280402	315	
614.9376	COLLISION_NONE	NOT_SWITCH	NOT_RESET	NOT_WAYPOINT	315.1173	1.8	314.6502	0	0.001684517	0	0.9999986	4.80982	-0.8532715	0.5765244	295.4722	1.280402	315	
614.9576	COLLISION_NONE	NOT_SWITCH	NOT_RESET	NOT_WAYPOINT	315.1197	1.8	314.6353	0	0.001684525	0	0.9999986	4.826632	-0.881012	0.5956588	295.4722	1.280402	315	
614.9776	COLLISION_NONE	NOT_SWITCH	NOT_RESET	NOT_WAYPOINT	315.1226	1.8	314.6203	0	0.001684529	0	0.9999986	4.936514	-0.9492493	0.6133419	295.4722	1.280402	315	
614.9976	COLLISION_NONE	NOT_SWITCH	NOT_RESET	NOT_WAYPOINT	315.1258	1.8	314.6054	0	0.001684531	0	0.9999986	4.987431	-0.990448	0.6103877	295.4722	1.280402	315	
615.0176	COLLISION_NONE	NOT_SWITCH	NOT_RESET	NOT_WAYPOINT	315.1287	1.8	314.5897	0	0.001684531	0	0.9999986	5.072111	-1.006073	0.6387902	295.4722	1.280402	315	
615.0377	COLLISION_NONE	NOT_SWITCH	NOT_RESET	NOT_WAYPOINT	315.132	1.8	314.5734	0	0.001684532	0	0.9999986	5.250067	-1.082825	0.651135	295.4722	1.280402	315	
615.0577	COLLISION_NONE	NOT_SWITCH	NOT_RESET	NOT_WAYPOINT	315.1365	1.8	314.7924	0	0.001684532	0	0.9999986	5.316679	-1.09314	0.6778264	295.4722	1.280402	315	
615.0777	COLLISION_NONE	NOT_SWITCH	NOT_RESET	NOT_WAYPOINT	315.1418	1.8	315.1178	0	0.001684532	0	0.9999986	5.407146	-1.106079	0.6885235	295.4722	1.280402	315	
615.0977	COLLISION_NONE	NOT_SWITCH	NOT_RESET	NOT_WAYPOINT	315.1472	1.8	315.4432	0	0.001684532	0	0.9999986	5.482506	-1.115997	0.6898816	295.4722	1.280402	315	
615.1177	COLLISION_NONE	NOT_SWITCH	NOT_RESET	NOT_WAYPOINT	315.1525	1.8	315.7686	0	0.001684532	0	0.9999986	5.594856	-1.091858	0.677722	295.4722	1.280402	315	
615.1378	COLLISION_NONE	NOT_SWITCH	NOT_RESET	NOT_WAYPOINT	315.1582	1.8	316.0939	0	0.001684532	0	0.9999986	5.732666	-1.076843	0.6626148	295.4722	1.280402	315	
615.1578	COLLISION_NONE	NOT_SWITCH	NOT_RESET	NOT_WAYPOINT	315.1628	1.8	316.4192	0	0.001684532	0	0.9999986	5.803406	-1.058136	0.6554017	295.4722	1.280402	315	
615.1778	COLLISION_NONE	NOT_SWITCH	NOT_RESET	NOT_WAYPOINT	315.1677	1.8	316.7446	0	0.001684532	0	0.9999986	5.897476	-1.035034	0.6369482	295.4722	1.280402	315	
615.1978	COLLISION_NONE	NOT_SWITCH	NOT_RESET	NOT_WAYPOINT	315.1721	1.8	317.0699	0	0.001684532	0	0.9999986	5.952831	-1.055328	0.6017356	295.4722	1.280402	315	
615.2178	COLLISION_NONE	NOT_SWITCH	NOT_RESET	NOT_WAYPOINT	315.1766	1.8	317.3953	0	0.001684532	0	0.9999986	6.082451	-1.017944	0.5736204	295.4722	1.280402	315	
615.2379	COLLISION_NONE	NOT_SWITCH	NOT_RESET	NOT_WAYPOINT	315.1798	1.8	317.7206	0	0.00168678	0	0.9999986	6.162363	-0.9961853	0.5487384	295.4722	1.280402	315	
615.2579	COLLISION_NONE	NOT_SWITCH	NOT_RESET	NOT_WAYPOINT	315.1834	1.8	318.0459	0	0.001691632	0	0.9999986	6.192286	-0.9607239	0.5325314	295.4722	1.280402	315	
615.2779	COLLISION_NONE	NOT_SWITCH	NOT_RESET	NOT_WAYPOINT	315.1866	1.8	318.3713	0	0.001699758	0	0.9999986	6.233946	-0.9355164	0.5245229	295.4722	1.280402	315	
615.2979	COLLISION_NONE	NOT_SWITCH	NOT_RESET	NOT_WAYPOINT	315.1902	1.8	318.6967	0	0.001711987	0	0.9999985	6.286215	-0.9189148	0.5178696	295.4722	1.280402	315	
615.3179	COLLISION_NONE	NOT_SWITCH	NOT_RESET	NOT_WAYPOINT	315.1938	1.8	319.0221	0	0.001748315	0	0.9999985	6.366243	-0.8829956	0.4993062	295.4722	1.280402	315	
615.338	COLLISION_NONE	NOT_SWITCH	NOT_RESET	NOT_WAYPOINT	315.1975	1.8	319.3475	0	0.001771615	0	0.9999985	6.392649	-0.8845215	0.458509	295.4722	1.280402	315	
615.358	COLLISION_NONE	NOT_SWITCH	NOT_RESET	NOT_WAYPOINT	315.2011	1.8	319.6729	0	0.001798007	0	0.9999984	6.422653	-0.8814392	0.4325562	295.4722	1.280402	315	
615.378	COLLISION_NONE	NOT_SWITCH	NOT_RESET	NOT_WAYPOINT	315.2048	1.8	319.9983	0	0.001826438	0	0.9999983	6.433865	-0.8829346	0.4353168	295.4722	1.280402	315	
615.398	COLLISION_NONE	NOT_SWITCH	NOT_RESET	NOT_WAYPOINT	315.2089	1.8	320.3237	0	0.001857698	0	0.9999983	6.472666	-0.8987732	0.4231278	295.4722	1.280402	315	
615.418	COLLISION_NONE	NOT_SWITCH	NOT_RESET	NOT_WAYPOINT	315.213	1.8	320.6491	0	0.001928272	0	0.9999982	6.514271	-0.9863586	0.4219241	295.4722	1.280402	315	
615.438	COLLISION_NONE	NOT_SWITCH	NOT_RESET	NOT_WAYPOINT	315.2177	1.8	320.9744	0	0.001967308	0	0.9999981	6.561354	-1.01236	0.4180421	295.4722	1.280402	315	
615.4581	COLLISION_NONE	NOT_SWITCH	NOT_RESET	NOT_WAYPOINT	315.2223	1.8	321.2998	0	0.002007979	0	0.999998	6.565992	-1.050476	0.414021	295.4722	1.280402	315	
615.4781	COLLISION_NONE	NOT_SWITCH	NOT_RESET	NOT_WAYPOINT	315.227	1.8	321.6252	0	0.002052427	0	0.999998	6.629606	-1.051941	0.3961918	295.4722	1.280402	315	
615.4981	COLLISION_NONE	NOT_SWITCH	NOT_RESET	NOT_WAYPOINT	315.2321	1.8	321.9506	0	0.002101066	0	0.9999979	6.678808	-1.054321	0.3895526	295.4722	1.280402	315	
615.5181	COLLISION_NONE	NOT_SWITCH	NOT_RESET	NOT_WAYPOINT	315.2372	1.8	322.276	0	0.002215663	0	0.9999976	6.829662	-1.069519	0.385927	295.4722	1.280402	315	
615.5381	COLLISION_NONE	NOT_SWITCH	NOT_RESET	NOT_WAYPOINT	315.2421	1.8	322.6013	0	0.002283791	0	0.9999974	6.92952	-1.055237	0.3906827	295.4722	1.280402	315	
615.5582	COLLISION_NONE	NOT_SWITCH	NOT_RESET	NOT_WAYPOINT	315.2469	1.8	322.9267	0	0.002359064	0	0.9999973	6.999815	-1.063751	0.3675214	295.4722	1.280402	315	
615.5782	COLLISION_NONE	NOT_SWITCH	NOT_RESET	NOT_WAYPOINT	315.2514	1.8	323.2521	0	0.002439719	0	0.9999971	7.038067	-1.070801	0.3498253	295.4722	1.280402	315	
615.5982	COLLISION_NONE	NOT_SWITCH	NOT_RESET	NOT_WAYPOINT	315.2559	1.8	323.5775	0	0.002525366	0	0.9999968	7.087084	-1.045319	0.3381187	295.4722	1.280402	315	
615.6182	COLLISION_NONE	NOT_SWITCH	NOT_RESET	NOT_WAYPOINT	315.2605	1.8	323.9029	0	0.002707914	0	0.9999964	7.15864	-1.072266	0.3290261	295.4722	1.280402	315	
615.6382	COLLISION_NONE	NOT_SWITCH	NOT_RESET	NOT_WAYPOINT	315.2652	1.8	324.2282	0	0.002805286	0	0.9999961	7.204922	-1.08139	0.3177176	295.4722	1.280402	315	
615.6583	COLLISION_NONE	NOT_SWITCH	NOT_RESET	NOT_WAYPOINT	315.27	1.8	324.5536	0	0.002907017	0	0.9999958	7.256495	-1.096649	0.3334175	295.4722	1.280402	315	
615.6783	COLLISION_NONE	NOT_SWITCH	NOT_RESET	NOT_WAYPOINT	315.2748	1.8	324.879	0	0.00301471	0	0.9999955	7.338263	-1.111145	0.3155555	295.4722	1.280402	315	
615.6983	COLLISION_NONE	NOT_SWITCH	NOT_RESET	NOT_WAYPOINT	315.2797	1.8	325.2044	0	0.003128343	0	0.9999952	7.403055	-1.116302	0.3147792	295.4722	1.280402	315	
615.7183	COLLISION_NONE	NOT_SWITCH	NOT_RESET	NOT_WAYPOINT	315.2846	1.8	325.5298	0	0.003373308	0	0.9999944	7.536079	-1.099884	0.3325634	295.4722	1.280402	315	
615.7383	COLLISION_NONE	NOT_SWITCH	NOT_RESET	NOT_WAYPOINT	315.2913	1.8	325.8547	0	0.003503275	0	0.9999939	7.565163	-1.102692	0.3340809	295.4722	1.280402	315	
615.7584	COLLISION_NONE	NOT_SWITCH	NOT_RESET	NOT_WAYPOINT	315.2978	1.8	326.1801	0	0.003637908	0	0.9999934	7.618198	-1.097351	0.3252827	295.4722	1.280402	315	
615.7784	COLLISION_NONE	NOT_SWITCH	NOT_RESET	NOT_WAYPOINT	315.304	1.8	326.5055	0	0.00377619	0	0.9999929	7.646856	-1.108093	0.3287039	295.4722	1.280402	315	
615.7984	COLLISION_NONE	NOT_SWITCH	NOT_RESET	NOT_WAYPOINT	315.3102	1.8	326.8308	0	0.003919912	0	0.9999924	7.724981	-1.088989	0.3178982	295.4722	1.280402	315	
615.8184	COLLISION_NONE	NOT_SWITCH	NOT_RESET	NOT_WAYPOINT	315.3162	1.8	327.1562	0	0.004219747	0	0.9999912	7.80335	-1.076355	0.3199759	295.4722	1.280402	315	
615.8384	COLLISION_NONE	NOT_SWITCH	NOT_RESET	NOT_WAYPOINT	315.3224	1.8	327.4816	0	0.004375298	0	0.9999904	7.831873	-1.068542	0.3271841	295.4722	1.280402	315	
615.8585	COLLISION_NONE	NOT_SWITCH	NOT_RESET	NOT_WAYPOINT	315.3286	1.8	327.8069	0	0.004533574	0	0.9999897	7.852352	-1.02002	0.3289409	295.4722	1.280402	315	
615.8785	COLLISION_NONE	NOT_SWITCH	NOT_RESET	NOT_WAYPOINT	315.3349	1.8	328.1323	0	0.004694197	0	0.999989	7.887804	-1.017944	0.3239907	295.4722	1.280402	315	
615.8985	COLLISION_NONE	NOT_SWITCH	NOT_RESET	NOT_WAYPOINT	315.3409	1.8	328.4577	0	0.00502701	0	0.9999874	7.969654	-1.007202	0.314929	295.4722	1.280402	315	
615.9185	COLLISION_NONE	NOT_SWITCH	NOT_RESET	NOT_WAYPOINT	315.3467	1.8	328.783	0	0.005198523	0	0.9999865	8.000816	-0.9860535	0.3140492	295.4722	1.280402	315	
615.9385	COLLISION_NONE	NOT_SWITCH	NOT_RESET	NOT_WAYPOINT	315.353	1.8	329.1083	0	0.005372506	0	0.9999856	8.018129	-0.9745483	0.3083913	295.4722	1.280402	315	
615.9586	COLLISION_NONE	NOT_SWITCH	NOT_RESET	TRIGGER_WAYPOINT	315.3594	1.8	329.4337	0	0.005548709	0	0.9999847	8.039286	-0.9573059	0.3108795	315	1.8	345	
615.9786	COLLISION_NONE	NOT_SWITCH	NOT_RESET	NOT_WAYPOINT	315.366	1.8	329.759	0	0.005725692	0	0.9999836	8.032021	-0.9628296	0.3029879	315	1.8	345	
615.9986	COLLISION_NONE	NOT_SWITCH	NOT_RESET	NOT_WAYPOINT	315.3726	1.8	330.0844	0	0.006081624	0	0.9999815	8.032923	-0.9621887	0.3173759	315	1.8	345	
616.0186	COLLISION_NONE	NOT_SWITCH	NOT_RESET	NOT_WAYPOINT	315.3792	1.8	330.4097	0	0.006259949	0	0.9999804	8.042299	-0.9306335	0.3126681	315	1.8	345	
616.0386	COLLISION_NONE	NOT_SWITCH	NOT_RESET	NOT_WAYPOINT	315.3862	1.8	330.735	0	0.006438981	0	0.9999793	8.053736	-0.9620361	0.3091836	315	1.8	345	
616.0587	COLLISION_NONE	NOT_SWITCH	NOT_RESET	NOT_WAYPOINT	315.3933	1.8	331.0604	0	0.006619681	0	0.9999781	8.080933	-0.9607239	0.2937189	315	1.8	345	
616.0787	COLLISION_NONE	NOT_SWITCH	NOT_RESET	NOT_WAYPOINT	315.401	1.8	331.3857	0	0.006802037	0	0.9999769	8.085861	-0.9746399	0.301394	315	1.8	345	
616.0987	COLLISION_NONE	NOT_SWITCH	NOT_RESET	NOT_WAYPOINT	315.4088	1.8	331.711	0	0.007172598	0	0.9999743	8.160446	-0.9424133	0.3042828	315	1.8	345	
616.1187	COLLISION_NONE	NOT_SWITCH	NOT_RESET	NOT_WAYPOINT	315.4165	1.8	332.0363	0	0.007361581	0	0.9999729	8.178637	-0.9265137	0.3138647	315	1.8	345	
616.1387	COLLISION_NONE	NOT_SWITCH	NOT_RESET	NOT_WAYPOINT	315.4242	1.8	332.3617	0	0.00755416	0	0.9999715	8.23185	-0.9472351	0.2996711	315	1.8	345	
616.1588	COLLISION_NONE	NOT_SWITCH	NOT_RESET	NOT_WAYPOINT	315.432	1.8	332.687	0	0.007751003	0	0.99997	8.249035	-0.9498291	0.2875341	315	1.8	345	
616.1788	COLLISION_NONE	NOT_SWITCH	NOT_RESET	NOT_WAYPOINT	315.44	1.8	333.0123	0	0.007950471	0	0.9999685	8.295841	-0.9679871	0.2814236	315	1.8	345	
616.1988	COLLISION_NONE	NOT_SWITCH	NOT_RESET	NOT_WAYPOINT	315.4481	1.8	333.3376	0	0.008354659	0	0.9999651	8.307398	-0.948761	0.2956059	315	1.8	345	
616.2188	COLLISION_NONE	NOT_SWITCH	NOT_RESET	NOT_WAYPOINT	315.4566	1.8	333.6629	0	0.00855774	0	0.9999635	8.313345	-0.9497681	0.2807788	315	1.8	345	
616.2388	COLLISION_NONE	NOT_SWITCH	NOT_RESET	NOT_WAYPOINT	315.4647	1.8	333.9882	0	0.008761146	0	0.9999616	8.29973	-0.9697266	0.2879753	315	1.8	345	
616.2589	COLLISION_NONE	NOT_SWITCH	NOT_RESET	NOT_WAYPOINT	315.4729	1.8	334.3135	0	0.008966032	0	0.9999598	8.34292	-0.9578552	0.2883478	315	1.8	345	
616.2789	COLLISION_NONE	NOT_SWITCH	NOT_RESET	NOT_WAYPOINT	315.4812	1.8	334.6388	0	0.009173795	0	0.999958	8.390743	-0.9575806	0.3038933	315	1.8	345	
616.2989	COLLISION_NONE	NOT_SWITCH	NOT_RESET	NOT_WAYPOINT	315.4901	1.8	334.9641	0	0.009596448	0	0.999954	8.441015	-0.923645	0.3263381	315	1.8	345	
616.3189	COLLISION_NONE	NOT_SWITCH	NOT_RESET	NOT_WAYPOINT	315.5582	1.8	335.2845	0	0.009813014	0	0.9999519	8.459633	-0.9055786	0.3435026	315	1.8	345	
616.3389	COLLISION_NONE	NOT_SWITCH	NOT_RESET	NOT_WAYPOINT	315.6526	1.8	335.5975	0	0.01003089	0	0.9999498	8.484962	-0.8924866	0.3450795	315	1.8	345	
616.3589	COLLISION_NONE	NOT_SWITCH	NOT_RESET	NOT_WAYPOINT	315.7561	1.8	335.8907	0	0.01025008	0	0.9999475	8.498236	-0.8663635	0.3462681	315	1.8	345	
616.379	COLLISION_NONE	NOT_SWITCH	NOT_RESET	NOT_WAYPOINT	315.8649	1.8	336.1628	0	0.01046877	0	0.9999453	8.474968	-0.8769531	0.3666983	315	1.8	345	
616.399	COLLISION_NONE	NOT_SWITCH	NOT_RESET	NOT_WAYPOINT	315.9796	1.8	336.4138	0	0.01090628	0	0.9999406	8.47378	-0.816925	0.3793496	315	1.8	345	
616.419	COLLISION_NONE	NOT_SWITCH	NOT_RESET	NOT_WAYPOINT	316.1119	1.8	336.6241	0	0.0111263	0	0.9999382	8.507351	-0.7815552	0.3671539	315	1.8	345	
616.439	COLLISION_NONE	NOT_SWITCH	NOT_RESET	NOT_WAYPOINT	316.2702	1.8	336.7913	0	0.01134804	0	0.9999356	8.530167	-0.8005066	0.3728538	315	1.8	345	
616.459	COLLISION_NONE	NOT_SWITCH	NOT_RESET	NOT_WAYPOINT	316.4647	1.8	336.9014	0	0.01157212	0	0.9999331	8.559137	-0.753479	0.3455347	315	1.8	345	
616.4791	COLLISION_NONE	NOT_SWITCH	NOT_RESET	NOT_WAYPOINT	316.6996	1.8	336.9498	0	0.01343795	0	0.9999097	8.579557	-0.678009	0.2996367	315	1.8	345	
616.4991	COLLISION_NONE	NOT_SWITCH	NOT_RESET	NOT_WAYPOINT	316.9982	1.8	336.9046	0	0.01535564	0	0.9998821	8.58353	-0.6231689	0.2823073	315	1.8	345	
616.5191	COLLISION_NONE	NOT_SWITCH	NOT_RESET	NOT_WAYPOINT	317.2934	1.8	336.8456	0	0.01763563	0	0.9998445	8.584545	-0.5855103	0.2544516	315	1.8	345	
616.5391	COLLISION_NONE	NOT_SWITCH	NOT_RESET	NOT_WAYPOINT	317.5851	1.8	336.758	0	0.02018118	0	0.9997964	8.577942	-0.5726013	0.2180545	315	1.8	345	
616.5591	COLLISION_NONE	NOT_SWITCH	NOT_RESET	NOT_WAYPOINT	317.8734	1.8	336.6213	0	0.02285942	0	0.9997388	8.580252	-0.5322266	0.2121524	315	1.8	345	
616.5792	COLLISION_NONE	NOT_SWITCH	NOT_RESET	NOT_WAYPOINT	318.1578	1.8	336.4118	0	0.02829691	0	0.9995996	8.571484	-0.4464722	0.1160423	315	1.8	345	
616.5992	COLLISION_NONE	NOT_SWITCH	NOT_RESET	NOT_WAYPOINT	318.4355	1.8	336.107	0	0.03087964	0	0.9995232	8.562935	-0.4240112	0.1068114	315	1.8	345	
616.6192	COLLISION_NONE	NOT_SWITCH	NOT_RESET	NOT_WAYPOINT	318.7127	1.8	335.8135	0	0.03323821	0	0.9994475	8.569422	-0.3406982	0.06684458	315	1.8	345	
616.6392	COLLISION_NONE	NOT_SWITCH	NOT_RESET	NOT_WAYPOINT	318.9886	1.8	335.5227	0	0.03518907	0	0.9993807	8.57366	-0.3165283	0.02876949	315	1.8	345	
616.6592	COLLISION_NONE	NOT_SWITCH	NOT_RESET	NOT_WAYPOINT	319.2638	1.8	335.2321	0	0.03680939	0	0.9993224	8.598431	-0.261261	-0.01435542	315	1.8	345	
616.6793	COLLISION_NONE	NOT_SWITCH	NOT_RESET	NOT_WAYPOINT	319.538	1.8	334.9409	0	0.03967896	0	0.9992125	8.638786	-0.1749878	-0.07679367	315	1.8	345	
616.6993	COLLISION_NONE	NOT_SWITCH	NOT_RESET	NOT_WAYPOINT	319.8097	1.8	334.6479	0	0.04111547	0	0.9991544	8.628956	-0.1139832	-0.09922624	315	1.8	345	
616.7193	COLLISION_NONE	NOT_SWITCH	NOT_RESET	NOT_WAYPOINT	320.0815	1.8	334.3541	0	0.04277396	0	0.9990848	8.640871	-0.07080078	-0.119303	315	1.8	345	
616.7393	COLLISION_NONE	NOT_SWITCH	NOT_RESET	NOT_WAYPOINT	320.3522	1.8	334.0596	0	0.04521867	0	0.9989772	8.623024	-0.04882813	-0.1747346	315	1.8	345	
616.7593	COLLISION_NONE	NOT_SWITCH	NOT_RESET	NOT_WAYPOINT	320.6215	1.8	333.7642	0	0.04885802	0	0.9988058	8.627186	-0.008758545	-0.2129827	315	1.8	345	
616.7794	COLLISION_NONE	NOT_SWITCH	NOT_RESET	NOT_WAYPOINT	320.8888	1.8	333.4677	0	0.05910391	0	0.9982519	8.637897	0.08120728	-0.2303026	315	1.8	345	
616.7994	COLLISION_NONE	NOT_SWITCH	NOT_RESET	NOT_WAYPOINT	321.1506	1.8	333.1684	0	0.0656192	0	0.9978448	8.638676	0.0697937	-0.2326475	315	1.8	345	
616.8194	COLLISION_NONE	NOT_SWITCH	NOT_RESET	NOT_WAYPOINT	321.4092	1.8	332.8661	0	0.07305957	0	0.9973276	8.655506	0.09228516	-0.2322786	315	1.8	345	
616.8394	COLLISION_NONE	NOT_SWITCH	NOT_RESET	NOT_WAYPOINT	321.6642	1.8	332.5613	0	0.08112796	0	0.9967037	8.652269	0.09536743	-0.2278782	315	1.8	345	
616.8594	COLLISION_NONE	NOT_SWITCH	NOT_RESET	NOT_WAYPOINT	321.9153	1.8	332.2537	0	0.08950684	0	0.9959863	8.638189	0.1095581	-0.2171398	315	1.8	345	
616.8795	COLLISION_NONE	NOT_SWITCH	NOT_RESET	NOT_WAYPOINT	322.162	1.8	331.9431	0	0.1066391	0	0.9942979	8.646215	0.1516418	-0.2479657	315	1.8	345	
616.8995	COLLISION_NONE	NOT_SWITCH	NOT_RESET	NOT_WAYPOINT	322.3991	1.8	331.6265	0	0.1152725	0	0.9933339	8.655434	0.181427	-0.2599808	315	1.8	345	
616.9195	COLLISION_NONE	NOT_SWITCH	NOT_RESET	NOT_WAYPOINT	322.6308	1.8	331.3058	0	0.1239168	0	0.9922926	8.647846	0.1812134	-0.2739917	315	1.8	345	
616.9395	COLLISION_NONE	NOT_SWITCH	NOT_RESET	NOT_WAYPOINT	322.8572	1.8	330.9813	0	0.1325615	0	0.9911748	8.639277	0.1969604	-0.2882249	315	1.8	345	
616.9595	COLLISION_NONE	NOT_SWITCH	NOT_RESET	NOT_WAYPOINT	323.0801	1.8	330.6746	0	0.1412011	0	0.989981	8.59922	0.2068176	-0.3023304	315	1.8	345	
616.9796	COLLISION_NONE	NOT_SWITCH	NOT_RESET	NOT_WAYPOINT	323.3014	1.8	330.3779	0	0.1584535	0	0.9873665	8.56007	0.2501221	-0.3417014	315	1.8	345	
616.9996	COLLISION_NONE	NOT_SWITCH	NOT_RESET	NOT_WAYPOINT	323.5288	1.8	330.1228	0	0.1670631	0	0.9859462	8.558687	0.2864075	-0.3447752	315	1.8	345	
617.0196	COLLISION_NONE	NOT_SWITCH	NOT_RESET	NOT_WAYPOINT	323.7608	1.8	329.8884	0	0.1756604	0	0.9844509	8.536818	0.361084	-0.3890264	315	1.8	345	
617.0396	COLLISION_NONE	NOT_SWITCH	NOT_RESET	NOT_WAYPOINT	323.9976	1.8	329.6745	0	0.1842444	0	0.9828805	8.527836	0.4308472	-0.3989967	315	1.8	345	
617.0596	COLLISION_NONE	NOT_SWITCH	NOT_RESET	NOT_WAYPOINT	324.2493	1.8	329.506	0	0.2013699	0	0.9795153	8.521198	0.5089722	-0.4288364	315	1.8	345	
617.0797	COLLISION_NONE	NOT_SWITCH	NOT_RESET	NOT_WAYPOINT	324.5887	1.8	329.5583	0	0.208464	0	0.9780301	8.538597	0.5779724	-0.4758858	315	1.8	345	
617.0997	COLLISION_NONE	NOT_SWITCH	NOT_RESET	NOT_WAYPOINT	324.9713	1.8	329.6974	0	0.2121216	0	0.9772434	8.565479	0.5965576	-0.5123679	315	1.8	345	
617.1197	COLLISION_NONE	NOT_SWITCH	NOT_RESET	NOT_WAYPOINT	325.3707	1.8	329.8651	0	0.214063	0	0.9768198	8.547121	0.5923462	-0.523294	315	1.8	345	
617.1397	COLLISION_NONE	NOT_SWITCH	NOT_RESET	NOT_WAYPOINT	325.7748	1.8	330.0376	0	0.2151474	0	0.9765816	8.549988	0.6208496	-0.5281309	315	1.8	345	
617.1597	COLLISION_NONE	NOT_SWITCH	NOT_RESET	NOT_WAYPOINT	326.1795	1.8	330.2094	0	0.2162388	0	0.9763405	8.473131	0.5823364	-0.5618806	315	1.8	345	
617.1797	COLLISION_NONE	NOT_SWITCH	NOT_RESET	NOT_WAYPOINT	326.5848	1.8	330.3798	0	0.2165664	0	0.9762679	8.438219	0.5539246	-0.5664083	315	1.8	345	
617.1998	COLLISION_NONE	NOT_SWITCH	NOT_RESET	NOT_WAYPOINT	326.9902	1.8	330.5504	0	0.2168382	0	0.9762076	8.417339	0.512146	-0.5671852	315	1.8	345	
617.2198	COLLISION_NONE	NOT_SWITCH	NOT_RESET	NOT_WAYPOINT	327.3792	1.8	330.7277	0	0.2170805	0	0.9761537	8.383345	0.423645	-0.5664079	315	1.8	345	
617.2398	COLLISION_NONE	NOT_SWITCH	NOT_RESET	NOT_WAYPOINT	327.7482	1.8	330.9128	0	0.2173077	0	0.9761032	8.37505	0.4123535	-0.5827958	315	1.8	345	
617.2598	COLLISION_NONE	NOT_SWITCH	NOT_RESET	NOT_WAYPOINT	328.097	1.8	331.1054	0	0.2177471	0	0.9760053	8.401201	0.3628845	-0.5799094	315	1.8	345	
617.2798	COLLISION_NONE	NOT_SWITCH	NOT_RESET	NOT_WAYPOINT	328.4061	1.8	331.3132	0	0.2179646	0	0.9759567	8.42625	0.3369446	-0.5935208	315	1.8	345	
617.2999	COLLISION_NONE	NOT_SWITCH	NOT_RESET	NOT_WAYPOINT	328.6954	1.8	331.5285	0	0.2181843	0	0.9759076	8.487885	0.297699	-0.5935779	315	1.8	345	
617.3199	COLLISION_NONE	NOT_SWITCH	NOT_RESET	NOT_WAYPOINT	328.9745	1.8	331.7465	0	0.2184061	0	0.975858	8.511543	0.2293396	-0.5767445	315	1.8	345	
617.3399	COLLISION_NONE	NOT_SWITCH	NOT_RESET	NOT_WAYPOINT	329.2516	1.8	331.9632	0	0.2186311	0	0.9758075	8.563124	0.1933899	-0.5721359	315	1.8	345	
617.3599	COLLISION_NONE	NOT_SWITCH	NOT_RESET	NOT_WAYPOINT	329.5249	1.8	332.1794	0	0.2190895	0	0.9757048	8.629547	0.08450317	-0.5120445	315	1.8	345	
617.3799	COLLISION_NONE	NOT_SWITCH	NOT_RESET	NOT_WAYPOINT	329.7869	1.8	332.3967	0	0.219322	0	0.9756525	8.638504	0.02590942	-0.4997841	315	1.8	345	
617.4	COLLISION_NONE	NOT_SWITCH	NOT_RESET	NOT_WAYPOINT	330.0396	1.8	332.6166	0	0.2195567	0	0.9755998	8.668711	0.01116943	-0.479125	315	1.8	345	
617.42	COLLISION_NONE	NOT_SWITCH	NOT_RESET	NOT_WAYPOINT	330.2846	1.8	332.8389	0	0.2197934	0	0.9755465	8.674078	-0.03149414	-0.4668978	315	1.8	345	
617.44	COLLISION_NONE	NOT_SWITCH	NOT_RESET	NOT_WAYPOINT	330.5254	1.8	333.0614	0	0.220033	0	0.9754925	8.73752	-0.02960205	-0.4263096	315	1.8	345	
617.46	COLLISION_NONE	NOT_SWITCH	NOT_RESET	NOT_WAYPOINT	330.7644	1.8	333.2822	0	0.2205231	0	0.9753817	8.820599	0.02700806	-0.389274	315	1.8	345	
617.48	COLLISION_NONE	NOT_SWITCH	NOT_RESET	NOT_WAYPOINT	330.9962	1.8	333.5027	0	0.2207746	0	0.9753249	8.889469	0.04544067	-0.3704182	315	1.8	345	
617.5001	COLLISION_NONE	NOT_SWITCH	NOT_RESET	NOT_WAYPOINT	331.2201	1.8	333.7265	0	0.2210304	0	0.9752669	8.935144	0.07385254	-0.3699472	315	1.8	345	
617.5201	COLLISION_NONE	NOT_SWITCH	NOT_RESET	NOT_WAYPOINT	331.4341	1.8	333.956	0	0.2212898	0	0.9752081	8.963608	0.07009888	-0.3790922	315	1.8	345	
617.5401	COLLISION_NONE	NOT_SWITCH	NOT_RESET	NOT_WAYPOINT	331.636	1.8	334.1932	0	0.2215532	0	0.9751483	9.014973	0.0836792	-0.4178284	315	1.8	345	
617.5601	COLLISION_NONE	NOT_SWITCH	NOT_RESET	NOT_WAYPOINT	331.8249	1.8	334.4398	0	0.2220917	0	0.9750258	9.115555	0.05703735	-0.4349931	315	1.8	345	
617.5801	COLLISION_NONE	NOT_SWITCH	NOT_RESET	NOT_WAYPOINT	331.9874	1.8	334.7071	0	0.2223666	0	0.9749631	9.134407	0.0218811	-0.4254989	315	1.8	345	
617.6002	COLLISION_NONE	NOT_SWITCH	NOT_RESET	NOT_WAYPOINT	332.1401	1.8	334.9845	0	0.2226465	0	0.9748993	9.210915	0.005950928	-0.4143401	315	1.8	345	
617.6202	COLLISION_NONE	NOT_SWITCH	NOT_RESET	NOT_WAYPOINT	332.2864	1.8	335.2696	0	0.2229311	0	0.9748343	9.260408	0.009368896	-0.4265254	315	1.8	345	
617.6402	COLLISION_NONE	NOT_SWITCH	NOT_RESET	NOT_WAYPOINT	332.4298	1.8	335.5597	0	0.2232203	0	0.974768	9.310738	-0.02435303	-0.4324669	315	1.8	345	
617.6602	COLLISION_NONE	NOT_SWITCH	NOT_RESET	NOT_WAYPOINT	332.5729	1.8	335.8518	0	0.2238122	0	0.9746323	9.418257	-0.02868652	-0.3807003	315	1.8	345	
617.6802	COLLISION_NONE	NOT_SWITCH	NOT_RESET	NOT_WAYPOINT	332.7162	1.8	336.1442	0	0.2241149	0	0.9745628	9.466572	-0.07635498	-0.3788345	315	1.8	345	
617.7003	COLLISION_NONE	NOT_SWITCH	NOT_RESET	NOT_WAYPOINT	332.8594	1.8	336.4363	0	0.2244229	0	0.9744919	9.533947	-0.1040955	-0.3986407	315	1.8	345	
617.7203	COLLISION_NONE	NOT_SWITCH	NOT_RESET	NOT_WAYPOINT	333.0029	1.8	336.7284	0	0.2247349	0	0.97442	9.567415	-0.1417847	-0.4011849	315	1.8	345	
617.7403	COLLISION_NONE	NOT_SWITCH	NOT_RESET	NOT_WAYPOINT	333.1465	1.8	337.0204	0	0.2253714	0	0.9742729	9.647211	-0.1799316	-0.398775	315	1.8	345	
617.7603	COLLISION_NONE	NOT_SWITCH	NOT_RESET	NOT_WAYPOINT	333.291	1.8	337.3119	0	0.225695	0	0.974198	9.693687	-0.1781006	-0.4040074	315	1.8	345	
617.7803	COLLISION_NONE	NOT_SWITCH	NOT_RESET	NOT_WAYPOINT	333.4355	1.8	337.6034	0	0.2260213	0	0.9741224	9.716755	-0.2026062	-0.3924862	315	1.8	345	
617.8004	COLLISION_NONE	NOT_SWITCH	NOT_RESET	NOT_WAYPOINT	333.5806	1.8	337.8946	0	0.2263519	0	0.9740456	9.781494	-0.2148132	-0.3945058	315	1.8	345	
617.8204	COLLISION_NONE	NOT_SWITCH	NOT_RESET	NOT_WAYPOINT	333.726	1.8	338.1857	0	0.2266869	0	0.9739677	9.832438	-0.2438049	-0.3888853	315	1.8	345	
617.8404	COLLISION_NONE	NOT_SWITCH	NOT_RESET	NOT_WAYPOINT	333.8715	1.8	338.4768	0	0.2273693	0	0.9738086	9.917006	-0.2398376	-0.366637	315	1.8	345	
617.8604	COLLISION_NONE	NOT_SWITCH	NOT_RESET	NOT_WAYPOINT	334.018	1.8	338.7672	0	0.2277155	0	0.9737278	9.950073	-0.230072	-0.3515884	315	1.8	345	
617.8804	COLLISION_NONE	NOT_SWITCH	NOT_RESET	NOT_WAYPOINT	334.1641	1.8	339.058	0	0.2280638	0	0.9736462	9.971949	-0.2414551	-0.3444003	315	1.8	345	
617.9005	COLLISION_NONE	NOT_SWITCH	NOT_RESET	NOT_WAYPOINT	334.3105	1.8	339.3486	0	0.2284146	0	0.973564	9.979782	-0.2541809	-0.3439343	315	1.8	345	
617.9205	COLLISION_NONE	NOT_SWITCH	NOT_RESET	NOT_WAYPOINT	334.4571	1.8	339.6391	0	0.2287663	0	0.9734814	9.987219	-0.2532959	-0.33336	315	1.8	345	
617.9405	COLLISION_NONE	NOT_SWITCH	NOT_RESET	NOT_WAYPOINT	334.6039	1.8	339.9295	0	0.2294745	0	0.9733148	10.02656	-0.178009	-0.3111329	315	1.8	345	
617.9605	COLLISION_NONE	NOT_SWITCH	NOT_RESET	NOT_WAYPOINT	334.765	1.8	340.2106	0	0.2298316	0	0.9732305	10.06545	-0.1794434	-0.3167957	315	1.8	345	
617.9805	COLLISION_NONE	NOT_SWITCH	NOT_RESET	NOT_WAYPOINT	334.9626	1.8	340.4721	0	0.2301908	0	0.9731456	10.07086	-0.1774292	-0.294996	315	1.8	345	
618.0005	COLLISION_NONE	NOT_SWITCH	NOT_RESET	TRIGGER_WAYPOINT	335.2617	1.8	340.6834	0	0.2305523	0	0.97306	10.11529	-0.1551819	-0.3171992	343.5317	1.8	354.2705	
618.0206	COLLISION_NONE	NOT_SWITCH	NOT_RESET	NOT_WAYPOINT	335.6279	1.8	340.8622	0	0.2309168	0	0.9729735	10.15554	-0.1405029	-0.3084329	343.5317	1.8	354.2705	
618.0406	COLLISION_NONE	NOT_SWITCH	NOT_RESET	NOT_WAYPOINT	336.0239	1.8	341.0266	0	0.2316574	0	0.9727975	10.26208	-0.111084	-0.3137313	343.5317	1.8	354.2705	
618.0606	COLLISION_NONE	NOT_SWITCH	NOT_RESET	NOT_WAYPOINT	336.4408	1.8	341.1811	0	0.2320335	0	0.9727079	10.29414	-0.1121521	-0.3189526	343.5317	1.8	354.2705	
618.0806	COLLISION_NONE	NOT_SWITCH	NOT_RESET	NOT_WAYPOINT	336.8538	1.8	341.3364	0	0.2324121	0	0.9726174	10.31024	-0.1508179	-0.3139579	343.5317	1.8	354.2705	
618.1006	COLLISION_NONE	NOT_SWITCH	NOT_RESET	NOT_WAYPOINT	337.2645	1.8	341.4919	0	0.2327927	0	0.9725264	10.32641	-0.1178894	-0.3216921	343.5317	1.8	354.2705	
618.1207	COLLISION_NONE	NOT_SWITCH	NOT_RESET	NOT_WAYPOINT	337.675	1.8	341.6487	0	0.2331739	0	0.9724351	10.33021	-0.1203613	-0.3294959	343.5317	1.8	354.2705	
618.1407	COLLISION_NONE	NOT_SWITCH	NOT_RESET	NOT_WAYPOINT	338.0859	1.8	341.8054	0	0.2339363	0	0.972252	10.3016	-0.1421204	-0.3296186	343.5317	1.8	354.2705	
618.1607	COLLISION_NONE	NOT_SWITCH	NOT_RESET	NOT_WAYPOINT	338.4971	1.8	341.9612	0	0.2343178	0	0.9721601	10.31903	-0.141449	-0.3374288	343.5317	1.8	354.2705	
618.1807	COLLISION_NONE	NOT_SWITCH	NOT_RESET	NOT_WAYPOINT	338.9084	1.8	342.1169	0	0.2346995	0	0.9720681	10.31841	-0.1350708	-0.3467234	343.5317	1.8	354.2705	
618.2007	COLLISION_NONE	NOT_SWITCH	NOT_RESET	NOT_WAYPOINT	339.3198	1.8	342.2724	0	0.235082	0	0.9719756	10.33583	-0.1306152	-0.3536599	343.5317	1.8	354.2705	
618.2208	COLLISION_NONE	NOT_SWITCH	NOT_RESET	NOT_WAYPOINT	339.7313	1.8	342.4275	0	0.2354665	0	0.9718825	10.37147	-0.1138	-0.3514692	343.5317	1.8	354.2705	
618.2408	COLLISION_NONE	NOT_SWITCH	NOT_RESET	NOT_WAYPOINT	340.1429	1.8	342.5823	0	0.2362391	0	0.971695	10.36623	-0.09820557	-0.3799665	343.5317	1.8	354.2705	
618.2608	COLLISION_NONE	NOT_SWITCH	NOT_RESET	NOT_WAYPOINT	340.5548	1.8	342.7361	0	0.2366252	0	0.9716011	10.3652	-0.07821655	-0.3790833	343.5317	1.8	354.2705	
618.2808	COLLISION_NONE	NOT_SWITCH	NOT_RESET	NOT_WAYPOINT	340.9668	1.8	342.8899	0	0.237011	0	0.971507	10.35881	-0.09475708	-0.3753254	343.5317	1.8	354.2705	
618.3008	COLLISION_NONE	NOT_SWITCH	NOT_RESET	NOT_WAYPOINT	341.3668	1.8	343.0489	0	0.2373967	0	0.9714128	10.35899	-0.08425903	-0.3693784	343.5317	1.8	354.2705	
618.3209	COLLISION_NONE	NOT_SWITCH	NOT_RESET	NOT_WAYPOINT	341.747	1.8	343.2164	0	0.237781	0	0.9713188	10.35796	-0.0647583	-0.3828634	343.5317	1.8	354.2705	
618.3409	COLLISION_NONE	NOT_SWITCH	NOT_RESET	NOT_WAYPOINT	342.1074	1.8	343.3923	0	0.2385484	0	0.9711307	10.31832	-0.08587646	-0.3823454	343.5317	1.8	354.2705	
618.3609	COLLISION_NONE	NOT_SWITCH	NOT_RESET	NOT_WAYPOINT	342.4285	1.8	343.5848	0	0.2389307	0	0.9710367	10.31511	-0.08657837	-0.3787779	343.5317	1.8	354.2705	
618.3809	COLLISION_NONE	NOT_SWITCH	NOT_RESET	NOT_WAYPOINT	342.7427	1.8	343.7786	0	0.2396255	0	0.9708655	10.32577	-0.1158142	-0.3930166	343.5317	1.8	354.2705	
618.4009	COLLISION_NONE	NOT_SWITCH	NOT_RESET	NOT_WAYPOINT	343.0394	1.8	343.9799	0	0.2417883	0	0.9703291	10.33742	-0.1267395	-0.3852128	343.5317	1.8	354.2705	
618.421	COLLISION_NONE	NOT_SWITCH	NOT_RESET	NOT_WAYPOINT	343.3172	1.8	344.1902	0	0.2501115	0	0.9682171	10.3586	-0.09008789	-0.3778297	343.5317	1.8	354.2705	
618.441	COLLISION_NONE	NOT_SWITCH	NOT_RESET	NOT_WAYPOINT	343.5576	1.8	344.3767	0	0.2562659	0	0.9666064	10.36066	-0.125824	-0.3644202	343.5317	1.8	354.2705	
618.461	COLLISION_NONE	NOT_SWITCH	NOT_RESET	NOT_WAYPOINT	343.7807	1.8	344.5489	0	0.263184	0	0.9647457	10.35687	-0.1347351	-0.3591535	343.5317	1.8	354.2705	
618.481	COLLISION_NONE	NOT_SWITCH	NOT_RESET	NOT_WAYPOINT	343.9867	1.8	344.7066	0	0.2706374	0	0.9626814	10.35092	-0.1643677	-0.3511993	343.5317	1.8	354.2705	
618.501	COLLISION_NONE	NOT_SWITCH	NOT_RESET	NOT_WAYPOINT	344.1823	1.8	344.8534	0	0.2784296	0	0.9604567	10.35854	-0.1687317	-0.3524781	343.5317	1.8	354.2705	
618.5211	COLLISION_NONE	NOT_SWITCH	NOT_RESET	NOT_WAYPOINT	344.3574	1.8	344.9782	0	0.2943598	0	0.9556947	10.31488	-0.1832275	-0.3610262	343.5317	1.8	354.2705	
618.5411	COLLISION_NONE	NOT_SWITCH	NOT_RESET	NOT_WAYPOINT	344.4506	1.8	345.0172	0	0.30198	0	0.9533143	10.29111	-0.2193298	-0.3537031	343.5317	1.8	354.2705	
618.5611	COLLISION_NONE	NOT_SWITCH	NOT_RESET	NOT_WAYPOINT	344.4607	1.8	344.9715	0	0.3089299	0	0.9510849	10.28007	-0.2072449	-0.35051	343.5317	1.8	354.2705	
618.5811	COLLISION_NONE	NOT_SWITCH	NOT_RESET	NOT_WAYPOINT	344.3887	1.8	344.8414	0	0.3142554	0	0.9493386	10.27407	-0.206604	-0.3357233	343.5317	1.8	354.2705	
618.6011	COLLISION_NONE	NOT_SWITCH	NOT_RESET	NOT_WAYPOINT	344.202	1.8	344.6847	0	0.3170983	0	0.9483927	10.27731	-0.2286072	-0.3444399	343.5317	1.8	354.2705	
618.6212	COLLISION_NONE	NOT_SWITCH	NOT_RESET	NOT_WAYPOINT	343.9771	1.8	344.5202	0	0.3196876	0	0.9475231	10.25162	-0.2819214	-0.3157414	343.5317	1.8	354.2705	
618.6412	COLLISION_NONE	NOT_SWITCH	NOT_RESET	NOT_WAYPOINT	343.7438	1.8	344.3561	0	0.3203623	0	0.9472951	10.26795	-0.3214111	-0.3073545	343.5317	1.8	354.2705	
618.6612	COLLISION_NONE	NOT_SWITCH	NOT_RESET	NOT_WAYPOINT	343.5127	1.8	344.1931	0	0.3208812	0	0.9471195	10.22433	-0.4143066	-0.2903283	343.5317	1.8	354.2705	
618.6812	COLLISION_NONE	NOT_SWITCH	NOT_RESET	NOT_WAYPOINT	343.2824	1.8	344.0297	0	0.3213209	0	0.9469703	10.20149	-0.4726563	-0.2736801	343.5317	1.8	354.2705	
618.7012	COLLISION_NONE	NOT_SWITCH	NOT_RESET	NOT_WAYPOINT	343.062	1.8	343.8614	0	0.321721	0	0.9468345	10.20006	-0.4991455	-0.2472501	343.5317	1.8	354.2705	
618.7213	COLLISION_NONE	NOT_SWITCH	NOT_RESET	NOT_WAYPOINT	342.8473	1.8	343.6912	0	0.3224681	0	0.9465804	10.17617	-0.5597229	-0.2057927	343.5317	1.8	354.2705	
618.7413	COLLISION_NONE	NOT_SWITCH	NOT_RESET	NOT_WAYPOINT	342.639	1.8	343.5215	0	0.3228301	0	0.9464569	10.15655	-0.5714111	-0.1680267	343.5317	1.8	354.2705	
618.7613	COLLISION_NONE	NOT_SWITCH	NOT_RESET	NOT_WAYPOINT	342.4541	1.8	343.3347	0	0.3231907	0	0.9463339	10.19367	-0.5727234	-0.1592499	343.5317	1.8	354.2705	
618.7813	COLLISION_NONE	NOT_SWITCH	NOT_RESET	NOT_WAYPOINT	342.3468	1.8	343.0856	0	0.3235503	0	0.946211	10.19454	-0.5723877	-0.1448277	343.5317	1.8	354.2705	
618.8013	COLLISION_NONE	NOT_SWITCH	NOT_RESET	NOT_WAYPOINT	342.3312	1.8	342.7614	0	0.3239094	0	0.9460881	10.19024	-0.541748	-0.1378092	343.5317	1.8	354.2705	
618.8214	COLLISION_NONE	NOT_SWITCH	NOT_RESET	NOT_WAYPOINT	342.3742	1.8	342.3881	0	0.3246261	0	0.9458424	10.17788	-0.5282593	-0.1557447	343.5317	1.8	354.2705	
618.8414	COLLISION_NONE	NOT_SWITCH	NOT_RESET	NOT_WAYPOINT	342.4548	1.8	341.9818	0	0.3249833	0	0.9457198	10.12825	-0.5380554	-0.1484392	343.5317	1.8	354.2705	
618.8614	COLLISION_NONE	NOT_SWITCH	NOT_RESET	NOT_WAYPOINT	342.5253	1.8	341.5842	0	0.3253387	0	0.9455976	10.13374	-0.52948	-0.1683675	343.5317	1.8	354.2705	
618.8814	COLLISION_NONE	NOT_SWITCH	NOT_RESET	NOT_WAYPOINT	342.5944	1.8	341.1891	0	0.3256915	0	0.9454761	10.09341	-0.5483093	-0.1921929	343.5317	1.8	354.2705	
618.9014	COLLISION_NONE	NOT_SWITCH	NOT_RESET	NOT_WAYPOINT	342.6617	1.8	340.7955	0	0.3260425	0	0.9453551	10.08132	-0.5508118	-0.2101662	343.5317	1.8	354.2705	
618.9214	COLLISION_NONE	NOT_SWITCH	NOT_RESET	NOT_WAYPOINT	342.7274	1.8	340.4011	0	0.326738	0	0.945115	10.05162	-0.5568237	-0.2244968	343.5317	1.8	354.2705	
618.9415	COLLISION_NONE	NOT_SWITCH	NOT_RESET	TRIGGER_WAYPOINT	342.7919	1.8	340.0057	0	0.3270845	0	0.9449951	10.04189	-0.5844116	-0.2229578	343.5317	1.8	324.2705	
618.9615	COLLISION_NONE	NOT_SWITCH	NOT_RESET	NOT_WAYPOINT	342.8565	1.8	339.6107	0	0.3274314	0	0.944875	10.05994	-0.5863953	-0.2206957	343.5317	1.8	324.2705	
618.9815	COLLISION_NONE	NOT_SWITCH	NOT_RESET	NOT_WAYPOINT	342.9208	1.8	339.2156	0	0.3277791	0	0.9447545	10.07594	-0.6392212	-0.2224351	343.5317	1.8	324.2705	
619.0015	COLLISION_NONE	NOT_SWITCH	NOT_RESET	NOT_WAYPOINT	342.9848	1.8	338.8205	0	0.3284761	0	0.9445123	10.09012	-0.7167664	-0.2045004	343.5317	1.8	324.2705	
619.0215	COLLISION_NONE	NOT_SWITCH	NOT_RESET	NOT_WAYPOINT	343.048	1.8	338.4253	0	0.3288234	0	0.9443915	10.05382	-0.7622681	-0.169865	343.5317	1.8	324.2705	
619.0416	COLLISION_NONE	NOT_SWITCH	NOT_RESET	NOT_WAYPOINT	343.1112	1.8	338.0301	0	0.329169	0	0.9442711	10.03446	-0.7979126	-0.1481403	343.5317	1.8	324.2705	
619.0616	COLLISION_NONE	NOT_SWITCH	NOT_RESET	NOT_WAYPOINT	343.174	1.8	337.6348	0	0.3295119	0	0.9441515	9.994829	-0.8581848	-0.116559	343.5317	1.8	324.2705	
619.0816	COLLISION_NONE	NOT_SWITCH	NOT_RESET	NOT_WAYPOINT	343.2366	1.8	337.2394	0	0.3298531	0	0.9440323	9.991159	-0.8496094	-0.1180521	343.5317	1.8	324.2705	
619.1016	COLLISION_NONE	NOT_SWITCH	NOT_RESET	NOT_WAYPOINT	343.2989	1.8	336.844	0	0.3305312	0	0.9437951	9.971632	-0.8919067	-0.101372	343.5317	1.8	324.2705	
619.1216	COLLISION_NONE	NOT_SWITCH	NOT_RESET	NOT_WAYPOINT	343.3604	1.8	336.4485	0	0.3308693	0	0.9436765	9.974815	-0.9729004	-0.09791052	343.5317	1.8	324.2705	
619.1417	COLLISION_NONE	NOT_SWITCH	NOT_RESET	NOT_WAYPOINT	343.4218	1.8	336.053	0	0.3312083	0	0.9435577	9.995853	-1.03067	-0.1297883	343.5317	1.8	324.2705	
619.1617	COLLISION_NONE	NOT_SWITCH	NOT_RESET	NOT_WAYPOINT	343.483	1.8	335.6574	0	0.3315478	0	0.9434384	10.0011	-1.055237	-0.1607221	343.5317	1.8	324.2705	
619.1817	COLLISION_NONE	NOT_SWITCH	NOT_RESET	NOT_WAYPOINT	343.5439	1.8	335.2618	0	0.3318879	0	0.9433188	10.00807	-1.083496	-0.1781271	343.5317	1.8	324.2705	
619.2017	COLLISION_NONE	NOT_SWITCH	NOT_RESET	NOT_WAYPOINT	343.6045	1.8	334.8662	0	0.3325703	0	0.9430785	10.02549	-1.143585	-0.2642156	343.5317	1.8	324.2705	
619.2217	COLLISION_NONE	NOT_SWITCH	NOT_RESET	NOT_WAYPOINT	343.6642	1.8	334.4705	0	0.3329123	0	0.9429578	10.02386	-1.17157	-0.2955225	343.5317	1.8	324.2705	
619.2418	COLLISION_NONE	NOT_SWITCH	NOT_RESET	NOT_WAYPOINT	343.724	1.8	334.0746	0	0.3332547	0	0.9428369	10.02467	-1.166168	-0.3338181	343.5317	1.8	324.2705	
619.2618	COLLISION_NONE	NOT_SWITCH	NOT_RESET	NOT_WAYPOINT	343.7834	1.8	333.6788	0	0.3335965	0	0.942716	10.00398	-1.177368	-0.3783253	343.5317	1.8	324.2705	
619.2818	COLLISION_NONE	NOT_SWITCH	NOT_RESET	NOT_WAYPOINT	343.8426	1.8	333.2829	0	0.3339376	0	0.9425952	9.993769	-1.148529	-0.4108705	343.5317	1.8	324.2705	
619.3018	COLLISION_NONE	NOT_SWITCH	NOT_RESET	NOT_WAYPOINT	343.9015	1.8	332.887	0	0.3346181	0	0.9423539	9.964497	-1.144653	-0.5304796	343.5317	1.8	324.2705	
619.3218	COLLISION_NONE	NOT_SWITCH	NOT_RESET	NOT_WAYPOINT	343.9595	1.8	332.491	0	0.334957	0	0.9422335	9.956301	-1.137299	-0.5895005	343.5317	1.8	324.2705	
619.3419	COLLISION_NONE	NOT_SWITCH	NOT_RESET	NOT_WAYPOINT	344.0105	1.8	332.1015	0	0.3352953	0	0.942113	9.943867	-1.138947	-0.6107482	343.5317	1.8	324.2705	
619.3619	COLLISION_NONE	NOT_SWITCH	NOT_RESET	NOT_WAYPOINT	344.0454	1.8	331.7265	0	0.3356345	0	0.9419923	9.971199	-1.126953	-0.6848993	343.5317	1.8	324.2705	
619.3819	COLLISION_NONE	NOT_SWITCH	NOT_RESET	NOT_WAYPOINT	344.0645	1.8	331.3663	0	0.3359762	0	0.9418705	10.01893	-1.125397	-0.7229651	343.5317	1.8	324.2705	
619.4019	COLLISION_NONE	NOT_SWITCH	NOT_RESET	NOT_WAYPOINT	344.0679	1.8	331.0209	0	0.3366668	0	0.9416239	10.07836	-1.130951	-0.7524925	343.5317	1.8	324.2705	
619.4219	COLLISION_NONE	NOT_SWITCH	NOT_RESET	NOT_WAYPOINT	344.0424	1.8	330.7032	0	0.3370152	0	0.9414992	10.08862	-1.144257	-0.7667396	343.5317	1.8	324.2705	
619.442	COLLISION_NONE	NOT_SWITCH	NOT_RESET	NOT_WAYPOINT	343.9479	1.8	330.4427	0	0.3373671	0	0.9413732	10.14544	-1.101654	-0.7638035	343.5317	1.8	324.2705	
619.462	COLLISION_NONE	NOT_SWITCH	NOT_RESET	NOT_WAYPOINT	343.7604	1.8	330.2575	0	0.337721	0	0.9412463	10.15692	-1.104126	-0.7577597	343.5317	1.8	324.2705	
619.482	COLLISION_NONE	NOT_SWITCH	NOT_RESET	NOT_WAYPOINT	343.4798	1.8	330.1461	0	0.3380776	0	0.9411182	10.191	-1.061127	-0.7643231	343.5317	1.8	324.2705	
619.502	COLLISION_NONE	NOT_SWITCH	NOT_RESET	NOT_WAYPOINT	343.1169	1.8	330.0981	0	0.3387937	0	0.9408607	10.2045	-1.045502	-0.6716586	343.5317	1.8	324.2705	
619.522	COLLISION_NONE	NOT_SWITCH	NOT_RESET	NOT_WAYPOINT	342.6912	1.8	330.0981	0	0.339152	0	0.9407316	10.19541	-1.064331	-0.59284	343.5317	1.8	324.2705	
619.5421	COLLISION_NONE	NOT_SWITCH	NOT_RESET	NOT_WAYPOINT	342.2817	1.8	330.0863	0	0.3395109	0	0.9406021	10.21382	-1.053497	-0.5303304	343.5317	1.8	324.2705	
619.5621	COLLISION_NONE	NOT_SWITCH	NOT_RESET	NOT_WAYPOINT	341.8945	1.8	330.0738	0	0.339871	0	0.9404721	10.23821	-1.041046	-0.4928095	343.5317	1.8	324.2705	
619.5821	COLLISION_NONE	NOT_SWITCH	NOT_RESET	NOT_WAYPOINT	341.5298	1.8	330.0623	0	0.3405943	0	0.9402104	10.26831	-1.063843	-0.4276452	343.5317	1.8	324.2705	
619.6021	COLLISION_NONE	NOT_SWITCH	NOT_RESET	NOT_WAYPOINT	341.3236	1.8	330.0648	0	0.340958	0	0.9400786	10.29316	-1.094727	-0.3927522	343.5317	1.8	324.2705	
619.6221	COLLISION_NONE	NOT_SWITCH	NOT_RESET	NOT_WAYPOINT	341.2393	1.8	330.0779	0	0.3413225	0	0.9399463	10.29623	-1.147522	-0.3581877	343.5317	1.8	324.2705	
619.6422	COLLISION_NONE	NOT_SWITCH	NOT_RESET	NOT_WAYPOINT	341.2725	1.8	330.1006	0	0.341687	0	0.9398139	10.29106	-1.122955	-0.3271824	343.5317	1.8	324.2705	
619.6622	COLLISION_NONE	NOT_SWITCH	NOT_RESET	NOT_WAYPOINT	341.4229	1.8	330.134	0	0.3420514	0	0.9396813	10.29143	-1.100555	-0.3042258	343.5317	1.8	324.2705	
619.6822	COLLISION_NONE	NOT_SWITCH	NOT_RESET	NOT_WAYPOINT	341.6903	1.8	330.1782	0	0.3427841	0	0.9394142	10.32679	-1.011414	-0.2894969	343.5317	1.8	324.2705	
619.7022	COLLISION_NONE	NOT_SWITCH	NOT_RESET	NOT_WAYPOINT	342.192	1.8	330.2437	0	0.3431516	0	0.9392801	10.33429	-0.9405212	-0.3026917	343.5317	1.8	324.2705	
619.7222	COLLISION_NONE	NOT_SWITCH	NOT_RESET	NOT_WAYPOINT	342.6714	1.8	330.3069	0	0.3435196	0	0.9391456	10.33606	-0.9044189	-0.319744	343.5317	1.8	324.2705	
619.7422	COLLISION_NONE	NOT_SWITCH	NOT_RESET	NOT_WAYPOINT	343.1286	1.8	330.3677	0	0.3438894	0	0.9390102	10.36725	-0.8548279	-0.3676416	343.5317	1.8	324.2705	
619.7623	COLLISION_NONE	NOT_SWITCH	NOT_RESET	NOT_WAYPOINT	343.5645	1.8	330.426	0	0.3442618	0	0.9388736	10.43315	-0.7591553	-0.435418	343.5317	1.8	324.2705	
619.7823	COLLISION_NONE	NOT_SWITCH	NOT_RESET	NOT_WAYPOINT	344.0005	1.8	330.4839	0	0.3450238	0	0.938594	10.5544	-0.6289063	-0.5124041	343.5317	1.8	324.2705	
619.8023	COLLISION_NONE	NOT_SWITCH	NOT_RESET	NOT_WAYPOINT	344.4365	1.8	330.5409	0	0.345413	0	0.9384508	10.62401	-0.5770569	-0.532688	343.5317	1.8	324.2705	
619.8223	COLLISION_NONE	NOT_SWITCH	NOT_RESET	NOT_WAYPOINT	344.8726	1.8	330.5977	0	0.3458056	0	0.9383062	10.63569	-0.5470886	-0.5587732	343.5317	1.8	324.2705	
619.8423	COLLISION_NONE	NOT_SWITCH	NOT_RESET	NOT_WAYPOINT	345.3087	1.8	330.6543	0	0.3462015	0	0.9381601	10.67266	-0.4761658	-0.5802767	343.5317	1.8	324.2705	
619.8624	COLLISION_NONE	NOT_SWITCH	NOT_RESET	NOT_WAYPOINT	345.7448	1.8	330.7104	0	0.3465987	0	0.9380135	10.66123	-0.4622803	-0.5837401	343.5317	1.8	324.2705	
619.8824	COLLISION_NONE	NOT_SWITCH	NOT_RESET	NOT_WAYPOINT	346.1811	1.8	330.7662	0	0.3473963	0	0.9377185	10.66913	-0.4303284	-0.616393	343.5317	1.8	324.2705	
619.9024	COLLISION_NONE	NOT_SWITCH	NOT_RESET	NOT_WAYPOINT	346.6173	1.8	330.8209	0	0.3477955	0	0.9375705	10.67449	-0.4017334	-0.635276	343.5317	1.8	324.2705	
619.9224	COLLISION_NONE	NOT_SWITCH	NOT_RESET	NOT_WAYPOINT	347.0537	1.8	330.8755	0	0.3481953	0	0.937422	10.68028	-0.3748779	-0.64739	343.5317	1.8	324.2705	
619.9424	COLLISION_NONE	NOT_SWITCH	NOT_RESET	NOT_WAYPOINT	347.4901	1.8	330.9298	0	0.3485957	0	0.9372732	10.69004	-0.3665161	-0.6674861	343.5317	1.8	324.2705	
619.9625	COLLISION_NONE	NOT_SWITCH	NOT_RESET	NOT_WAYPOINT	347.9265	1.8	330.9838	0	0.3489974	0	0.9371237	10.70745	-0.3619995	-0.6744334	343.5317	1.8	324.2705	
619.9825	COLLISION_NONE	NOT_SWITCH	NOT_RESET	NOT_WAYPOINT	348.363	1.8	331.0373	0	0.3498075	0	0.9368216	10.77417	-0.3265381	-0.6909764	343.5317	1.8	324.2705	
620.0025	COLLISION_NONE	NOT_SWITCH	NOT_RESET	NOT_WAYPOINT	348.7996	1.8	331.0898	0	0.3502163	0	0.9366689	10.80806	-0.352356	-0.7415667	343.5317	1.8	324.2705	
620.0225	COLLISION_NONE	NOT_SWITCH	NOT_RESET	NOT_WAYPOINT	349.2362	1.8	331.1422	0	0.3506276	0	0.936515	10.83167	-0.3416748	-0.7581944	343.5317	1.8	324.2705	
620.0425	COLLISION_NONE	NOT_SWITCH	NOT_RESET	NOT_WAYPOINT	349.6729	1.8	331.1942	0	0.3510407	0	0.9363602	10.84139	-0.3560181	-0.7835093	343.5317	1.8	324.2705	
620.0626	COLLISION_NONE	NOT_SWITCH	NOT_RESET	NOT_WAYPOINT	350.1096	1.8	331.2458	0	0.3514545	0	0.936205	10.84219	-0.3104248	-0.8198265	343.5317	1.8	324.2705	
620.0826	COLLISION_NONE	NOT_SWITCH	NOT_RESET	NOT_WAYPOINT	350.5464	1.8	331.2971	0	0.3522849	0	0.9358928	10.84647	-0.2229004	-0.8934152	343.5317	1.8	324.2705	
620.1026	COLLISION_NONE	NOT_SWITCH	NOT_RESET	NOT_WAYPOINT	350.9832	1.8	331.3472	0	0.3527004	0	0.9357363	10.85072	-0.1888123	-0.9325493	343.5317	1.8	324.2705	
620.1226	COLLISION_NONE	NOT_SWITCH	NOT_RESET	NOT_WAYPOINT	351.4201	1.8	331.3973	0	0.3531173	0	0.9355791	10.87689	-0.1433105	-0.9592444	343.5317	1.8	324.2705	
620.1426	COLLISION_NONE	NOT_SWITCH	NOT_RESET	NOT_WAYPOINT	351.857	1.8	331.447	0	0.3535354	0	0.9354212	10.88784	-0.1014099	-1.014797	343.5317	1.8	324.2705	
620.1627	COLLISION_NONE	NOT_SWITCH	NOT_RESET	NOT_WAYPOINT	352.294	1.8	331.4963	0	0.3543751	0	0.9351034	10.90658	0.01013184	-1.090671	343.5317	1.8	324.2705	
620.1827	COLLISION_NONE	NOT_SWITCH	NOT_RESET	NOT_WAYPOINT	352.731	1.8	331.5445	0	0.3547969	0	0.9349434	10.92567	0.0189209	-1.129072	343.5317	1.8	324.2705	
620.2027	COLLISION_NONE	NOT_SWITCH	NOT_RESET	NOT_WAYPOINT	353.1682	1.8	331.5926	0	0.3552193	0	0.934783	10.92389	0.01940918	-1.161271	343.5317	1.8	324.2705	
620.2227	COLLISION_NONE	NOT_SWITCH	NOT_RESET	NOT_WAYPOINT	353.6053	1.8	331.6403	0	0.3556426	0	0.934622	10.9357	0.08197021	-1.186932	343.5317	1.8	324.2705	
620.2427	COLLISION_NONE	NOT_SWITCH	NOT_RESET	NOT_WAYPOINT	354.0425	1.8	331.6877	0	0.3560658	0	0.9344609	10.92106	0.07565308	-1.205675	343.5317	1.8	324.2705	
620.2628	COLLISION_NONE	NOT_SWITCH	NOT_RESET	NOT_WAYPOINT	354.4798	1.8	331.7346	0	0.3564892	0	0.9342995	10.92951	0.1070251	-1.234797	343.5317	1.8	324.2705	
620.2828	COLLISION_NONE	NOT_SWITCH	NOT_RESET	NOT_WAYPOINT	354.9171	1.8	331.7811	0	0.3573377	0	0.9339753	10.95201	0.1395264	-1.271468	343.5317	1.8	324.2705	
620.3028	COLLISION_NONE	NOT_SWITCH	NOT_RESET	NOT_WAYPOINT	355.3544	1.8	331.8265	0	0.3577626	0	0.9338126	10.9529	0.1273804	-1.256344	343.5317	1.8	324.2705	
620.3228	COLLISION_NONE	NOT_SWITCH	NOT_RESET	TRIGGER_WAYPOINT	355.7918	1.8	331.8719	0	0.3581881	0	0.9336495	10.95702	0.1473694	-1.241072	372.0634	1.8	333.541	
620.3428	COLLISION_NONE	NOT_SWITCH	NOT_RESET	NOT_WAYPOINT	356.2292	1.8	331.9168	0	0.3586142	0	0.9334859	10.96769	0.1836853	-1.243949	372.0634	1.8	333.541	
620.3629	COLLISION_NONE	NOT_SWITCH	NOT_RESET	NOT_WAYPOINT	356.6667	1.8	331.9614	0	0.3594663	0	0.9331581	10.95253	0.1880493	-1.256672	372.0634	1.8	333.541	
620.3829	COLLISION_NONE	NOT_SWITCH	NOT_RESET	NOT_WAYPOINT	357.1043	1.8	332.0048	0	0.3598924	0	0.9329938	10.96219	0.1941528	-1.266524	372.0634	1.8	333.541	
620.4029	COLLISION_NONE	NOT_SWITCH	NOT_RESET	NOT_WAYPOINT	357.5419	1.8	332.0481	0	0.3603171	0	0.9328299	10.93019	0.1711426	-1.26323	372.0634	1.8	333.541	
620.4229	COLLISION_NONE	NOT_SWITCH	NOT_RESET	NOT_WAYPOINT	357.9796	1.8	332.0911	0	0.3607407	0	0.9326662	10.91967	0.1889648	-1.251484	372.0634	1.8	333.541	
620.4429	COLLISION_NONE	NOT_SWITCH	NOT_RESET	NOT_WAYPOINT	358.4173	1.8	332.1337	0	0.361162	0	0.9325031	10.88469	0.1719055	-1.239545	372.0634	1.8	333.541	
620.463	COLLISION_NONE	NOT_SWITCH	NOT_RESET	NOT_WAYPOINT	358.855	1.8	332.1758	0	0.3620006	0	0.9321779	10.85306	0.1471252	-1.229469	372.0634	1.8	333.541	
620.483	COLLISION_NONE	NOT_SWITCH	NOT_RESET	NOT_WAYPOINT	359.2928	1.8	332.2169	0	0.3624185	0	0.9320155	10.87223	0.1082458	-1.224858	372.0634	1.8	333.541	
620.503	COLLISION_NONE	NOT_SWITCH	NOT_RESET	NOT_WAYPOINT	359.7306	1.8	332.2578	0	0.3628371	0	0.9318526	10.8908	0.1037903	-1.212285	372.0634	1.8	333.541	
620.523	COLLISION_NONE	NOT_SWITCH	NOT_RESET	NOT_WAYPOINT	360.1685	1.8	332.2984	0	0.363257	0	0.931689	10.91343	0.07229614	-1.206155	372.0634	1.8	333.541	
620.543	COLLISION_NONE	NOT_SWITCH	NOT_RESET	NOT_WAYPOINT	360.6064	1.8	332.3386	0	0.363678	0	0.9315248	10.92852	0.05273438	-1.196955	372.0634	1.8	333.541	
620.563	COLLISION_NONE	NOT_SWITCH	NOT_RESET	NOT_WAYPOINT	361.0444	1.8	332.3784	0	0.3645225	0	0.9311946	10.93646	-0.02352905	-1.139329	372.0634	1.8	333.541	
620.5831	COLLISION_NONE	NOT_SWITCH	NOT_RESET	NOT_WAYPOINT	361.4823	1.8	332.4171	0	0.3649442	0	0.9310294	10.9233	-0.04849243	-1.133689	372.0634	1.8	333.541	
620.6031	COLLISION_NONE	NOT_SWITCH	NOT_RESET	NOT_WAYPOINT	361.9204	1.8	332.4557	0	0.365365	0	0.9308643	10.91393	-0.07873535	-1.107892	372.0634	1.8	333.541	
620.6231	COLLISION_NONE	NOT_SWITCH	NOT_RESET	NOT_WAYPOINT	362.3585	1.8	332.4939	0	0.3657863	0	0.9306989	10.93254	-0.0836792	-1.109838	372.0634	1.8	333.541	
620.6431	COLLISION_NONE	NOT_SWITCH	NOT_RESET	NOT_WAYPOINT	362.7966	1.8	332.5317	0	0.3662076	0	0.9305332	10.93417	-0.1183777	-1.085566	372.0634	1.8	333.541	
620.6631	COLLISION_NONE	NOT_SWITCH	NOT_RESET	NOT_WAYPOINT	363.2348	1.8	332.5691	0	0.367052	0	0.9302005	10.96792	-0.1036072	-1.058476	372.0634	1.8	333.541	
620.6832	COLLISION_NONE	NOT_SWITCH	NOT_RESET	NOT_WAYPOINT	363.673	1.8	332.6053	0	0.3674761	0	0.930033	10.99057	-0.1038208	-1.048718	372.0634	1.8	333.541	
620.7032	COLLISION_NONE	NOT_SWITCH	NOT_RESET	NOT_WAYPOINT	364.1113	1.8	332.6416	0	0.3679012	0	0.9298649	10.99419	-0.1010742	-1.044639	372.0634	1.8	333.541	
620.7232	COLLISION_NONE	NOT_SWITCH	NOT_RESET	NOT_WAYPOINT	364.5496	1.8	332.6774	0	0.368327	0	0.9296963	11.00166	-0.08886719	-1.031412	372.0634	1.8	333.541	
620.7432	COLLISION_NONE	NOT_SWITCH	NOT_RESET	NOT_WAYPOINT	364.9879	1.8	332.7128	0	0.3687535	0	0.9295272	11.00513	-0.1169434	-1.048796	372.0634	1.8	333.541	
620.7632	COLLISION_NONE	NOT_SWITCH	NOT_RESET	NOT_WAYPOINT	365.4262	1.8	332.7479	0	0.3696117	0	0.9291863	11.06481	-0.2113342	-1.044531	372.0634	1.8	333.541	
620.7833	COLLISION_NONE	NOT_SWITCH	NOT_RESET	NOT_WAYPOINT	365.8215	1.8	332.7792	0	0.3700438	0	0.9290143	11.09739	-0.2691345	-1.048676	372.0634	1.8	333.541	
620.8033	COLLISION_NONE	NOT_SWITCH	NOT_RESET	NOT_WAYPOINT	366.1949	1.8	332.8149	0	0.370477	0	0.9288417	11.10409	-0.3548889	-1.032879	372.0634	1.8	333.541	
620.8233	COLLISION_NONE	NOT_SWITCH	NOT_RESET	NOT_WAYPOINT	366.5182	1.8	332.9033	0	0.3709114	0	0.9286683	11.11905	-0.3736877	-1.027143	372.0634	1.8	333.541	
620.8433	COLLISION_NONE	NOT_SWITCH	NOT_RESET	NOT_WAYPOINT	366.7659	1.8	333.0735	0	0.3717844	0	0.9283192	11.15956	-0.5028381	-0.9942647	372.0634	1.8	333.541	
620.8633	COLLISION_NONE	NOT_SWITCH	NOT_RESET	NOT_WAYPOINT	366.8855	1.8	333.3473	0	0.3722228	0	0.9281434	11.17928	-0.6199036	-0.9396853	372.0634	1.8	333.541	
620.8834	COLLISION_NONE	NOT_SWITCH	NOT_RESET	NOT_WAYPOINT	366.998	1.8	333.6173	0	0.3726642	0	0.9279663	11.24292	-0.7039185	-0.8867269	372.0634	1.8	333.541	
620.9034	COLLISION_NONE	NOT_SWITCH	NOT_RESET	NOT_WAYPOINT	367.0972	1.8	333.882	0	0.3731089	0	0.9277876	11.29415	-0.786377	-0.7896935	372.0634	1.8	333.541	
620.9234	COLLISION_NONE	NOT_SWITCH	NOT_RESET	NOT_WAYPOINT	367.1739	1.8	334.1394	0	0.3735565	0	0.9276075	11.33187	-0.8344116	-0.7271621	372.0634	1.8	333.541	
620.9434	COLLISION_NONE	NOT_SWITCH	NOT_RESET	NOT_WAYPOINT	367.2143	1.8	334.3862	0	0.3744611	0	0.9272427	11.41761	-0.9291992	-0.6564933	372.0634	1.8	333.541	
620.9634	COLLISION_NONE	NOT_SWITCH	NOT_RESET	NOT_WAYPOINT	367.1484	1.8	334.605	0	0.3749164	0	0.9270587	11.4189	-1.033661	-0.6305956	372.0634	1.8	333.541	
620.9835	COLLISION_NONE	NOT_SWITCH	NOT_RESET	NOT_WAYPOINT	367.0085	1.8	334.8077	0	0.3753738	0	0.9268734	11.45884	-1.084259	-0.5905069	372.0634	1.8	333.541	
621.0035	COLLISION_NONE	NOT_SWITCH	NOT_RESET	NOT_WAYPOINT	366.8121	1.8	334.9991	0	0.3758328	0	0.9266875	11.47138	-1.208221	-0.5554902	372.0634	1.8	333.541	
621.0235	COLLISION_NONE	NOT_SWITCH	NOT_RESET	NOT_WAYPOINT	366.5867	1.8	335.1852	0	0.3762937	0	0.9265005	11.50783	-1.301025	-0.5395647	372.0634	1.8	333.541	
621.0435	COLLISION_NONE	NOT_SWITCH	NOT_RESET	NOT_WAYPOINT	366.3502	1.8	335.3697	0	0.3772193	0	0.926124	11.54694	-1.51712	-0.4268857	372.0634	1.8	333.541	
621.0635	COLLISION_NONE	NOT_SWITCH	NOT_RESET	NOT_WAYPOINT	366.1075	1.8	335.5548	0	0.3776834	0	0.9259349	11.55668	-1.653442	-0.344314	372.0634	1.8	333.541	
621.0836	COLLISION_NONE	NOT_SWITCH	NOT_RESET	NOT_WAYPOINT	365.8667	1.8	335.7385	0	0.3781478	0	0.9257453	11.5656	-1.782257	-0.2743595	372.0634	1.8	333.541	
621.1036	COLLISION_NONE	NOT_SWITCH	NOT_RESET	NOT_WAYPOINT	365.6278	1.8	335.923	0	0.3786124	0	0.9255554	11.57787	-1.915558	-0.2199965	372.0634	1.8	333.541	
621.1236	COLLISION_NONE	NOT_SWITCH	NOT_RESET	NOT_WAYPOINT	365.3897	1.8	336.1092	0	0.379078	0	0.9253648	11.60756	-2.020416	-0.1564121	372.0634	1.8	333.541	
621.1436	COLLISION_NONE	NOT_SWITCH	NOT_RESET	NOT_WAYPOINT	365.1512	1.8	336.2958	0	0.3800121	0	0.9249815	11.67097	-2.269287	0.04038346	372.0634	1.8	333.541	
621.1636	COLLISION_NONE	NOT_SWITCH	NOT_RESET	NOT_WAYPOINT	364.9054	1.8	336.4724	0	0.3804808	0	0.9247889	11.67974	-2.406433	0.1263677	372.0634	1.8	333.541	
621.1837	COLLISION_NONE	NOT_SWITCH	NOT_RESET	NOT_WAYPOINT	364.6326	1.8	336.6208	0	0.3809507	0	0.9245953	11.71318	-2.495514	0.1896466	372.0634	1.8	333.541	
621.2037	COLLISION_NONE	NOT_SWITCH	NOT_RESET	NOT_WAYPOINT	364.305	1.8	336.7145	0	0.381422	0	0.924401	11.73774	-2.595093	0.265414	372.0634	1.8	333.541	
621.2237	COLLISION_NONE	NOT_SWITCH	NOT_RESET	NOT_WAYPOINT	363.9306	1.8	336.7628	0	0.3818949	0	0.9242058	11.75617	-2.651459	0.2869524	372.0634	1.8	333.541	
621.2437	COLLISION_NONE	NOT_SWITCH	NOT_RESET	NOT_WAYPOINT	363.5356	1.8	336.7917	0	0.3828444	0	0.9238129	11.7903	-2.86615	0.410478	372.0634	1.8	333.541	
621.2637	COLLISION_NONE	NOT_SWITCH	NOT_RESET	NOT_WAYPOINT	363.1258	1.8	336.8088	0	0.3833228	0	0.9236144	11.87915	-3.003204	0.4911628	372.0634	1.8	333.541	
621.2838	COLLISION_NONE	NOT_SWITCH	NOT_RESET	NOT_WAYPOINT	362.7197	1.8	336.8282	0	0.3838044	0	0.9234145	11.9354	-3.083527	0.5548881	372.0634	1.8	333.541	
621.3038	COLLISION_NONE	NOT_SWITCH	NOT_RESET	NOT_WAYPOINT	362.3158	1.8	336.8482	0	0.3842902	0	0.9232124	12.00993	-3.153717	0.6341083	372.0634	1.8	333.541	
621.3238	COLLISION_NONE	NOT_SWITCH	NOT_RESET	NOT_WAYPOINT	361.9122	1.8	336.8705	0	0.3847795	0	0.9230085	12.02954	-3.206848	0.6562574	372.0634	1.8	333.541	
621.3438	COLLISION_NONE	NOT_SWITCH	NOT_RESET	NOT_WAYPOINT	361.5081	1.8	336.8941	0	0.3857644	0	0.9225974	12.1152	-3.407867	0.8257935	372.0634	1.8	333.541	
621.3638	COLLISION_NONE	NOT_SWITCH	NOT_RESET	NOT_WAYPOINT	361.1038	1.8	336.919	0	0.3862602	0	0.9223898	12.15219	-3.551483	0.8753927	372.0634	1.8	333.541	
621.3839	COLLISION_NONE	NOT_SWITCH	NOT_RESET	NOT_WAYPOINT	360.6995	1.8	336.944	0	0.386759	0	0.9221809	12.20686	-3.646149	0.9462161	372.0634	1.8	333.541	
621.4039	COLLISION_NONE	NOT_SWITCH	NOT_RESET	NOT_WAYPOINT	360.2952	1.8	336.9694	0	0.3872593	0	0.9219708	12.2214	-3.75592	1.001759	372.0634	1.8	333.541	
621.4239	COLLISION_NONE	NOT_SWITCH	NOT_RESET	NOT_WAYPOINT	359.891	1.8	336.9952	0	0.3877616	0	0.9217598	12.25936	-3.827545	1.054021	372.0634	1.8	333.541	
621.4439	COLLISION_NONE	NOT_SWITCH	NOT_RESET	NOT_WAYPOINT	359.4868	1.8	337.0215	0	0.3887708	0	0.9213345	12.32267	-3.994507	1.131883	372.0634	1.8	333.541	
621.4639	COLLISION_NONE	NOT_SWITCH	NOT_RESET	NOT_WAYPOINT	359.0829	1.8	337.049	0	0.3892797	0	0.9211196	12.38095	-4.050629	1.175557	372.0634	1.8	333.541	
621.4839	COLLISION_NONE	NOT_SWITCH	NOT_RESET	NOT_WAYPOINT	358.6787	1.8	337.0766	0	0.3897926	0	0.9209027	12.44645	-4.110992	1.185085	372.0634	1.8	333.541	
621.504	COLLISION_NONE	NOT_SWITCH	NOT_RESET	NOT_WAYPOINT	358.2747	1.8	337.1047	0	0.390309	0	0.9206839	12.48828	-4.16391	1.208987	372.0634	1.8	333.541	
621.524	COLLISION_NONE	NOT_SWITCH	NOT_RESET	NOT_WAYPOINT	357.8706	1.8	337.1332	0	0.3908297	0	0.920463	12.55438	-4.211029	1.228864	372.0634	1.8	333.541	
621.544	COLLISION_NONE	NOT_SWITCH	NOT_RESET	NOT_WAYPOINT	357.4666	1.8	337.1621	0	0.3918792	0	0.9200166	12.60785	-4.350952	1.252208	372.0634	1.8	333.541	
621.564	COLLISION_NONE	NOT_SWITCH	NOT_RESET	NOT_WAYPOINT	357.0629	1.8	337.1924	0	0.3924062	0	0.9197921	12.61163	-4.428009	1.280086	372.0634	1.8	333.541	
621.584	COLLISION_NONE	NOT_SWITCH	NOT_RESET	NOT_WAYPOINT	356.6589	1.8	337.2227	0	0.392934	0	0.9195668	12.62505	-4.479675	1.284389	372.0634	1.8	333.541	
621.6041	COLLISION_NONE	NOT_SWITCH	NOT_RESET	NOT_WAYPOINT	356.2551	1.8	337.2535	0	0.3934621	0	0.9193409	12.63289	-4.547455	1.321398	372.0634	1.8	333.541	
621.6241	COLLISION_NONE	NOT_SWITCH	NOT_RESET	NOT_WAYPOINT	355.8513	1.8	337.2848	0	0.3945199	0	0.9188875	12.66828	-4.626801	1.371613	372.0634	1.8	333.541	
621.6441	COLLISION_NONE	NOT_SWITCH	NOT_RESET	NOT_WAYPOINT	355.4477	1.8	337.3174	0	0.3950503	0	0.9186596	12.68513	-4.662231	1.37254	372.0634	1.8	333.541	
621.6641	COLLISION_NONE	NOT_SWITCH	NOT_RESET	NOT_WAYPOINT	355.0474	1.8	337.3517	0	0.3955823	0	0.9184306	12.71556	-4.665649	1.383852	372.0634	1.8	333.541	
621.6841	COLLISION_NONE	NOT_SWITCH	NOT_RESET	NOT_WAYPOINT	354.663	1.8	337.4004	0	0.3961156	0	0.9182007	12.72852	-4.671692	1.399448	372.0634	1.8	333.541	
621.7042	COLLISION_NONE	NOT_SWITCH	NOT_RESET	NOT_WAYPOINT	354.2951	1.8	337.463	0	0.3966499	0	0.91797	12.74435	-4.723663	1.417974	372.0634	1.8	333.541	
621.7242	COLLISION_NONE	NOT_SWITCH	NOT_RESET	NOT_WAYPOINT	353.9434	1.8	337.5394	0	0.3977221	0	0.917506	12.79413	-4.783325	1.446482	372.0634	1.8	333.541	
621.7442	COLLISION_NONE	NOT_SWITCH	NOT_RESET	NOT_WAYPOINT	353.6234	1.8	337.6437	0	0.3982592	0	0.9172729	12.79102	-4.834167	1.455911	372.0634	1.8	333.541	
621.7642	COLLISION_NONE	NOT_SWITCH	NOT_RESET	NOT_WAYPOINT	353.3175	1.8	337.7615	0	0.3987962	0	0.9170396	12.78533	-4.89032	1.471481	372.0634	1.8	333.541	
621.7842	COLLISION_NONE	NOT_SWITCH	NOT_RESET	NOT_WAYPOINT	353.0212	1.8	337.8878	0	0.3993344	0	0.9168053	12.81993	-4.892273	1.489957	372.0634	1.8	333.541	
621.8043	COLLISION_NONE	NOT_SWITCH	NOT_RESET	NOT_WAYPOINT	352.738	1.8	338.0253	0	0.3998721	0	0.916571	12.79841	-4.937592	1.505648	372.0634	1.8	333.541	
621.8243	COLLISION_NONE	NOT_SWITCH	NOT_RESET	NOT_WAYPOINT	352.4629	1.8	338.1689	0	0.4009482	0	0.9161007	12.84245	-5.004944	1.565261	372.0634	1.8	333.541	
621.8443	COLLISION_NONE	NOT_SWITCH	NOT_RESET	NOT_WAYPOINT	352.2105	1.8	338.3295	0	0.4014872	0	0.9158646	12.84628	-5.01001	1.567252	372.0634	1.8	333.541	
621.8643	COLLISION_NONE	NOT_SWITCH	NOT_RESET	NOT_WAYPOINT	351.9853	1.8	338.5151	0	0.4020272	0	0.9156277	12.86669	-5.049652	1.566746	372.0634	1.8	333.541	
621.8843	COLLISION_NONE	NOT_SWITCH	NOT_RESET	NOT_WAYPOINT	351.7937	1.8	338.7331	0	0.4025688	0	0.9153898	12.89016	-5.062775	1.540069	372.0634	1.8	333.541	
621.9044	COLLISION_NONE	NOT_SWITCH	NOT_RESET	NOT_WAYPOINT	351.6433	1.8	338.9919	0	0.4031123	0	0.9151506	12.9214	-5.064423	1.558921	372.0634	1.8	333.541	
621.9244	COLLISION_NONE	NOT_SWITCH	NOT_RESET	NOT_WAYPOINT	351.5268	1.8	339.2853	0	0.4042029	0	0.9146694	12.94473	-5.146301	1.562133	372.0634	1.8	333.541	
621.9444	COLLISION_NONE	NOT_SWITCH	NOT_RESET	NOT_WAYPOINT	351.4621	1.8	339.6319	0	0.4047499	0	0.9144275	12.96859	-5.160645	1.571202	372.0634	1.8	333.541	
621.9644	COLLISION_NONE	NOT_SWITCH	NOT_RESET	NOT_WAYPOINT	351.4135	1.8	339.9931	0	0.4052972	0	0.914185	12.9627	-5.202667	1.564806	372.0634	1.8	333.541	
621.9844	COLLISION_NONE	NOT_SWITCH	NOT_RESET	NOT_WAYPOINT	351.3916	1.8	340.3786	0	0.4058449	0	0.913942	12.9742	-5.205139	1.566952	372.0634	1.8	333.541	
622.0045	COLLISION_NONE	NOT_SWITCH	NOT_RESET	NOT_WAYPOINT	351.391	1.8	340.7834	0	0.4063928	0	0.9136984	12.98915	-5.211761	1.567748	372.0634	1.8	333.541	
622.0245	COLLISION_NONE	NOT_SWITCH	NOT_RESET	NOT_WAYPOINT	351.4088	1.8	341.2046	0	0.4074913	0	0.9132091	13.01399	-5.289734	1.586184	372.0634	1.8	333.541	
622.0445	COLLISION_NONE	NOT_SWITCH	NOT_RESET	NOT_WAYPOINT	351.4612	1.8	341.6564	0	0.4080416	0	0.9129633	13.02714	-5.31665	1.618312	372.0634	1.8	333.541	
622.0645	COLLISION_NONE	NOT_SWITCH	NOT_RESET	NOT_WAYPOINT	351.5067	1.8	342.1011	0	0.4085918	0	0.9127172	13.02162	-5.305756	1.643045	372.0634	1.8	333.541	
622.0845	COLLISION_NONE	NOT_SWITCH	NOT_RESET	TRIGGER_WAYPOINT	351.5514	1.8	342.5434	0	0.4091421	0	0.9124707	13.0272	-5.316925	1.650722	354.4298	1.8	357.8115	
622.1046	COLLISION_NONE	NOT_SWITCH	NOT_RESET	TRIGGER_WAYPOINT	351.5946	1.8	342.9849	0	0.4102428	0	0.9119764	13.04698	-5.381134	1.698144	354.4298	1.8	327.8115	
622.1246	COLLISION_NONE	NOT_SWITCH	NOT_RESET	NOT_WAYPOINT	351.6386	1.8	343.4273	0	0.4107931	0	0.9117286	13.04635	-5.476074	1.703594	354.4298	1.8	327.8115	
622.1446	COLLISION_NONE	NOT_SWITCH	NOT_RESET	NOT_WAYPOINT	351.683	1.8	343.8692	0	0.4113439	0	0.9114802	13.05821	-5.475708	1.710005	354.4298	1.8	327.8115	
622.1646	COLLISION_NONE	NOT_SWITCH	NOT_RESET	NOT_WAYPOINT	351.7279	1.8	344.311	0	0.4118941	0	0.9112318	13.04817	-5.508087	1.731641	354.4298	1.8	327.8115	
622.1846	COLLISION_NONE	NOT_SWITCH	NOT_RESET	NOT_WAYPOINT	351.7734	1.8	344.7528	0	0.4124452	0	0.9109825	13.08054	-5.547516	1.737354	354.4298	1.8	327.8115	
622.2047	COLLISION_NONE	NOT_SWITCH	NOT_RESET	NOT_WAYPOINT	351.8194	1.8	345.1945	0	0.4135495	0	0.9104816	13.12921	-5.604004	1.751858	354.4298	1.8	327.8115	
622.2247	COLLISION_NONE	NOT_SWITCH	NOT_RESET	NOT_WAYPOINT	351.8669	1.8	345.6359	0	0.4141045	0	0.9102294	13.15483	-5.646515	1.757331	354.4298	1.8	327.8115	
