#Walking Trial Path#
#TimeStamp#	#Collision Event#	#Mode Switch Event#	#Reset Event#	#Waypoint Event#	#PositionX#	#PositionY#	#PositionZ#	#OrientationX#	#OrientationY#	#OrientationZ#	#OrientationW#	#HeadOrientationX#	#HeadOrientationY#	#HeadOrientationZ#	#WayPointX#	#WayPointY#	#WayPointZ#	
582.3458	COLLISION_NONE	CORRECT_SWITCH	NOT_RESET	TRIGGER_WAYPOINT	-309.1945	1.8	275.977	0	0	0	1	11.5065	-0.9865723	0.09610498	-315	10	315	
582.3658	COLLISION_NONE	NOT_SWITCH	NOT_RESET	NOT_WAYPOINT	-309.216	1.8	276.7846	0	0	0	1	11.51969	-0.995636	0.1257564	-315	10	315	
582.3858	COLLISION_NONE	NOT_SWITCH	NOT_RESET	NOT_WAYPOINT	-309.3281	1.8	277.5481	0	0	0	1	11.54759	-1.010559	0.1568861	-315	10	315	
582.4058	COLLISION_NONE	NOT_SWITCH	NOT_RESET	NOT_WAYPOINT	-309.4493	1.8	278.2096	0	0	0	1	11.55714	-0.999054	0.2022977	-315	10	315	
582.4258	COLLISION_NONE	NOT_SWITCH	NOT_RESET	NOT_WAYPOINT	-309.5566	1.8	278.9679	0	0	0	1	11.56917	-1.0112	0.2132108	-315	10	315	
582.4459	COLLISION_NONE	NOT_SWITCH	NOT_RESET	NOT_WAYPOINT	-309.6677	1.8	279.6238	0	0	0	1	11.55009	-1.017853	0.2450266	-315	10	315	
582.4659	COLLISION_NONE	NOT_SWITCH	NOT_RESET	NOT_WAYPOINT	-309.761	1.8	280.4743	0	0	0	1	11.54434	-0.98349	0.2857835	-315	10	315	
582.4859	COLLISION_NONE	NOT_SWITCH	NOT_RESET	NOT_WAYPOINT	-309.8611	1.8	281.2226	0	0	0	1	11.52485	-0.9663391	0.3196315	-315	10	315	
582.5059	COLLISION_NONE	NOT_SWITCH	NOT_RESET	NOT_WAYPOINT	-309.9644	1.8	281.8686	0	0	0	1	11.5724	-0.9093323	0.3630767	-315	10	315	
582.5259	COLLISION_NONE	NOT_SWITCH	NOT_RESET	NOT_WAYPOINT	-310.0516	1.8	282.611	0	0	0	1	11.62829	-0.8299866	0.4259747	-315	10	315	
582.546	COLLISION_NONE	NOT_SWITCH	NOT_RESET	NOT_WAYPOINT	-310.1626	1.8	283.1501	0	0	0	1	11.66586	-0.784668	0.4709121	-315	10	315	
582.566	COLLISION_NONE	NOT_SWITCH	NOT_RESET	NOT_WAYPOINT	-310.2588	1.8	283.7859	0	0	0	1	11.71218	-0.7387085	0.4796892	-315	10	315	
582.586	COLLISION_NONE	NOT_SWITCH	NOT_RESET	NOT_WAYPOINT	-310.3426	1.8	284.3201	0	0	0	1	11.72739	-0.7244568	0.4967717	-315	10	315	
582.606	COLLISION_NONE	NOT_SWITCH	NOT_RESET	NOT_WAYPOINT	-310.4377	1.8	284.9511	0	0	0	1	11.76796	-0.7147217	0.5223725	-315	10	315	
582.626	COLLISION_NONE	NOT_SWITCH	NOT_RESET	NOT_WAYPOINT	-310.5197	1.8	285.4807	0	0	0	1	11.83994	-0.717804	0.5687599	-315	10	315	
582.6461	COLLISION_NONE	NOT_SWITCH	NOT_RESET	NOT_WAYPOINT	-310.6259	1.8	286.2039	0	0	0	1	11.89254	-0.6704102	0.5704316	-315	10	315	
582.6661	COLLISION_NONE	NOT_SWITCH	NOT_RESET	NOT_WAYPOINT	-310.7191	1.8	286.8255	0	0	0	1	11.89031	-0.652832	0.5963827	-315	10	315	
582.6861	COLLISION_NONE	NOT_SWITCH	NOT_RESET	NOT_WAYPOINT	-310.799	1.8	287.3456	0	0	0	1	11.89788	-0.6197205	0.6219155	-315	10	315	
582.7061	COLLISION_NONE	NOT_SWITCH	NOT_RESET	NOT_WAYPOINT	-310.891	1.8	287.9626	0	0	0	1	11.87708	-0.6199951	0.6300293	-315	10	315	
582.7261	COLLISION_NONE	NOT_SWITCH	NOT_RESET	NOT_WAYPOINT	-310.9698	1.8	288.478	0	0	0	1	11.85592	-0.5817261	0.661691	-315	10	315	
582.7462	COLLISION_NONE	NOT_SWITCH	NOT_RESET	NOT_WAYPOINT	-311.071	1.8	289.1873	0	0	0	1	11.87024	-0.5714111	0.6635363	-315	10	315	
582.7662	COLLISION_NONE	NOT_SWITCH	NOT_RESET	NOT_WAYPOINT	-311.1602	1.8	289.795	0	0	0	1	11.87462	-0.5610046	0.6837814	-315	10	315	
582.7862	COLLISION_NONE	NOT_SWITCH	NOT_RESET	NOT_WAYPOINT	-311.2371	1.8	290.3009	0	0	0	1	11.8912	-0.5462952	0.6685336	-315	10	315	
582.8062	COLLISION_NONE	NOT_SWITCH	NOT_RESET	NOT_WAYPOINT	-311.2998	1.8	290.7055	0	0	0	1	11.88541	-0.5571594	0.6806707	-315	10	315	
582.8262	COLLISION_NONE	NOT_SWITCH	NOT_RESET	NOT_WAYPOINT	-311.3759	1.8	291.2068	0	0	0	1	11.85972	-0.6302795	0.6896226	-315	10	315	
582.8463	COLLISION_NONE	NOT_SWITCH	NOT_RESET	NOT_WAYPOINT	-311.4229	1.8	291.5053	0	0	0	1	11.86075	-0.6234436	0.7091999	-315	10	315	
582.8663	COLLISION_NONE	NOT_SWITCH	NOT_RESET	NOT_WAYPOINT	-311.4837	1.8	291.9004	0	0	0	1	11.85171	-0.7097778	0.7466609	-315	10	315	
582.8863	COLLISION_NONE	NOT_SWITCH	NOT_RESET	NOT_WAYPOINT	-311.5583	1.8	292.3922	0	0	0	1	11.86128	-0.7398071	0.7643194	-315	10	315	
582.9063	COLLISION_NONE	NOT_SWITCH	NOT_RESET	NOT_WAYPOINT	-311.6182	1.8	292.7826	0	0	0	1	11.83108	-0.8062744	0.8111496	-315	10	315	
582.9263	COLLISION_NONE	NOT_SWITCH	NOT_RESET	NOT_WAYPOINT	-311.6919	1.8	293.2696	0	0	0	1	11.8507	-0.8424072	0.8629422	-315	10	315	
582.9464	COLLISION_NONE	NOT_SWITCH	NOT_RESET	NOT_WAYPOINT	-311.7363	1.8	293.554	0	0	0	1	11.86144	-0.8875732	0.8912466	-315	10	315	
582.9664	COLLISION_NONE	NOT_SWITCH	NOT_RESET	NOT_WAYPOINT	-311.7946	1.8	293.9349	0	0	0	1	11.87191	-0.8916931	0.9330611	-315	10	315	
582.9864	COLLISION_NONE	NOT_SWITCH	NOT_RESET	NOT_WAYPOINT	-311.8668	1.8	294.4125	0	0	0	1	11.88031	-0.8728638	0.9659047	-315	10	315	
583.0064	COLLISION_NONE	NOT_SWITCH	NOT_RESET	NOT_WAYPOINT	-311.9243	1.8	294.7887	0	0	0	1	11.87202	-0.9119568	0.9786003	-315	10	315	
583.0264	COLLISION_NONE	NOT_SWITCH	NOT_RESET	NOT_WAYPOINT	-311.9956	1.8	295.2615	0	0	0	1	11.8924	-0.8939514	1.025167	-315	10	315	
583.0464	COLLISION_NONE	NOT_SWITCH	NOT_RESET	NOT_WAYPOINT	-312.0378	1.8	295.5316	0	0	0	1	11.89678	-0.8877563	1.03013	-315	10	315	
583.0665	COLLISION_NONE	NOT_SWITCH	NOT_RESET	NOT_WAYPOINT	-312.0938	1.8	295.8984	0	0	0	1	11.89066	-0.8495178	1.071913	-315	10	315	
583.0865	COLLISION_NONE	NOT_SWITCH	NOT_RESET	NOT_WAYPOINT	-312.1633	1.8	296.3618	0	0	0	1	11.93591	-0.8385925	1.104882	-315	10	315	
583.1065	COLLISION_NONE	NOT_SWITCH	NOT_RESET	NOT_WAYPOINT	-312.2185	1.8	296.7238	0	0	0	1	11.95148	-0.8368225	1.122582	-315	10	315	
583.1265	COLLISION_NONE	NOT_SWITCH	NOT_RESET	NOT_WAYPOINT	-312.2856	1.8	297.1826	0	0	0	1	12.05013	-0.8518066	1.125335	-315	10	315	
583.1465	COLLISION_NONE	NOT_SWITCH	NOT_RESET	NOT_WAYPOINT	-312.3271	1.8	297.4383	0	0	0	1	12.06922	-0.8579407	1.140957	-315	10	315	
583.1666	COLLISION_NONE	NOT_SWITCH	NOT_RESET	NOT_WAYPOINT	-312.3807	1.8	297.7909	0	0	0	1	12.09188	-0.8799744	1.138288	-315	10	315	
583.1866	COLLISION_NONE	NOT_SWITCH	NOT_RESET	NOT_WAYPOINT	-312.42	1.8	298.042	0	0	0	1	12.13688	-0.8969116	1.153762	-315	10	315	
583.2066	COLLISION_NONE	NOT_SWITCH	NOT_RESET	NOT_WAYPOINT	-312.4727	1.8	298.3898	0	0	0	1	12.16703	-0.918396	1.161598	-315	10	315	
583.2266	COLLISION_NONE	NOT_SWITCH	NOT_RESET	NOT_WAYPOINT	-312.4964	1.8	298.5349	0	0	0	1	12.16337	-0.9261475	1.206771	-315	10	315	
583.2466	COLLISION_NONE	NOT_SWITCH	NOT_RESET	NOT_WAYPOINT	-312.5339	1.8	298.7766	0	0	0	1	12.16308	-0.907074	1.211402	-315	10	315	
583.2667	COLLISION_NONE	NOT_SWITCH	NOT_RESET	NOT_WAYPOINT	-312.5851	1.8	299.1149	0	0	0	1	12.11315	-0.921875	1.210137	-315	10	315	
583.2867	COLLISION_NONE	NOT_SWITCH	NOT_RESET	NOT_WAYPOINT	-312.6217	1.8	299.3519	0	0	0	1	12.11669	-0.9010925	1.222168	-315	10	315	
583.3067	COLLISION_NONE	NOT_SWITCH	NOT_RESET	NOT_WAYPOINT	-312.6723	1.8	299.6855	0	0	0	1	12.01143	-0.79776	1.226482	-315	10	315	
583.3267	COLLISION_NONE	NOT_SWITCH	NOT_RESET	NOT_WAYPOINT	-312.6932	1.8	299.8164	0	0	0	1	11.96188	-0.7469482	1.222814	-315	10	315	
583.3467	COLLISION_NONE	NOT_SWITCH	NOT_RESET	NOT_WAYPOINT	-312.7282	1.8	300.0439	0	0	0	1	11.91122	-0.6953735	1.201371	-315	10	315	
583.3668	COLLISION_NONE	NOT_SWITCH	NOT_RESET	NOT_WAYPOINT	-312.7773	1.8	300.368	0	0	0	1	11.85859	-0.6491699	1.20027	-315	10	315	
583.3868	COLLISION_NONE	NOT_SWITCH	NOT_RESET	NOT_WAYPOINT	-312.8115	1.8	300.5908	0	0	0	1	11.83594	-0.641571	1.195836	-315	10	315	
583.4068	COLLISION_NONE	NOT_SWITCH	NOT_RESET	NOT_WAYPOINT	-312.8598	1.8	300.9101	0	0	0	1	11.7144	-0.5551453	1.160409	-315	10	315	
583.4268	COLLISION_NONE	NOT_SWITCH	NOT_RESET	NOT_WAYPOINT	-312.8783	1.8	301.0268	0	0	0	1	11.61968	-0.5324402	1.155558	-315	10	315	
583.4468	COLLISION_NONE	NOT_SWITCH	NOT_RESET	NOT_WAYPOINT	-312.911	1.8	301.2401	0	0	0	1	11.54731	-0.4840698	1.137594	-315	10	315	
583.4669	COLLISION_NONE	NOT_SWITCH	NOT_RESET	NOT_WAYPOINT	-312.9579	1.8	301.55	0	0	0	1	11.45262	-0.4758301	1.125647	-315	10	315	
583.4869	COLLISION_NONE	NOT_SWITCH	NOT_RESET	NOT_WAYPOINT	-312.9898	1.8	301.7585	0	0	0	1	11.38836	-0.4692688	1.093876	-315	10	315	
583.5069	COLLISION_NONE	NOT_SWITCH	NOT_RESET	NOT_WAYPOINT	-313.0359	1.8	302.0636	0	0	0	1	11.27973	-0.4798889	1.081694	-315	10	315	
583.5269	COLLISION_NONE	NOT_SWITCH	NOT_RESET	NOT_WAYPOINT	-313.0521	1.8	302.1661	0	0	0	1	11.19045	-0.4631042	1.049913	-315	10	315	
583.5469	COLLISION_NONE	NOT_SWITCH	NOT_RESET	NOT_WAYPOINT	-313.0826	1.8	302.3652	0	0	0	1	11.17866	-0.4700012	1.034391	-315	10	315	
583.567	COLLISION_NONE	NOT_SWITCH	NOT_RESET	NOT_WAYPOINT	-313.1273	1.8	302.6608	0	0	0	1	11.13146	-0.4826355	1.022714	-315	10	315	
583.587	COLLISION_NONE	NOT_SWITCH	NOT_RESET	NOT_WAYPOINT	-313.157	1.8	302.8552	0	0	0	1	11.04372	-0.5155945	0.9794216	-315	10	315	
583.607	COLLISION_NONE	NOT_SWITCH	NOT_RESET	NOT_WAYPOINT	-313.2009	1.8	303.1461	0	0	0	1	10.92357	-0.5703125	0.9396884	-315	10	315	
583.627	COLLISION_NONE	NOT_SWITCH	NOT_RESET	NOT_WAYPOINT	-313.2148	1.8	303.2343	0	0	0	1	10.87614	-0.6136475	0.9534833	-315	10	315	
583.647	COLLISION_NONE	NOT_SWITCH	NOT_RESET	NOT_WAYPOINT	-313.2431	1.8	303.4192	0	0	0	1	10.85693	-0.6665955	0.9636953	-315	10	315	
583.6671	COLLISION_NONE	NOT_SWITCH	NOT_RESET	NOT_WAYPOINT	-313.2856	1.8	303.7006	0	0	0	1	10.80042	-0.7377625	0.9966524	-315	10	315	
583.6871	COLLISION_NONE	NOT_SWITCH	NOT_RESET	NOT_WAYPOINT	-313.313	1.8	303.8807	0	0	0	1	10.75539	-0.8443909	1.006771	-315	10	315	
583.7071	COLLISION_NONE	NOT_SWITCH	NOT_RESET	NOT_WAYPOINT	-313.369	1.8	304.2539	0	0	0	1	10.72522	-0.9000244	1.016936	-315	10	315	
583.7271	COLLISION_NONE	NOT_SWITCH	NOT_RESET	NOT_WAYPOINT	-313.4101	1.8	304.5258	0	0	0	1	10.71086	-0.944519	1.039841	-315	10	315	
583.7471	COLLISION_NONE	NOT_SWITCH	NOT_RESET	NOT_WAYPOINT	-313.4361	1.8	304.6964	0	0	0	1	10.7008	-1.035492	1.055438	-315	10	315	
583.7672	COLLISION_NONE	NOT_SWITCH	NOT_RESET	NOT_WAYPOINT	-313.4764	1.8	304.9635	0	0	0	1	10.70323	-1.084625	1.058532	-315	10	315	
583.7872	COLLISION_NONE	NOT_SWITCH	NOT_RESET	NOT_WAYPOINT	-313.5017	1.8	305.1294	0	0	0	1	10.6626	-1.187073	1.08389	-315	10	315	
583.8072	COLLISION_NONE	NOT_SWITCH	NOT_RESET	NOT_WAYPOINT	-313.5556	1.8	305.4884	0	0	0	1	10.64111	-1.194397	1.09036	-315	10	315	
583.8272	COLLISION_NONE	NOT_SWITCH	NOT_RESET	NOT_WAYPOINT	-313.5944	1.8	305.746	0	0	0	1	10.57311	-1.178284	1.101032	-315	10	315	
583.8472	COLLISION_NONE	NOT_SWITCH	NOT_RESET	NOT_WAYPOINT	-313.6183	1.8	305.9024	0	0	0	1	10.54714	-1.160065	1.102867	-315	10	315	
583.8672	COLLISION_NONE	NOT_SWITCH	NOT_RESET	NOT_WAYPOINT	-313.6564	1.8	306.1553	0	0	0	1	10.44053	-1.112152	1.097421	-315	10	315	
583.8873	COLLISION_NONE	NOT_SWITCH	NOT_RESET	NOT_WAYPOINT	-313.6795	1.8	306.307	0	0	0	1	10.3445	-0.9852905	1.091105	-315	10	315	
583.9073	COLLISION_NONE	NOT_SWITCH	NOT_RESET	NOT_WAYPOINT	-313.7312	1.8	306.6517	0	0	0	1	10.32554	-0.9169617	1.064305	-315	10	315	
583.9273	COLLISION_NONE	NOT_SWITCH	NOT_RESET	NOT_WAYPOINT	-313.7679	1.8	306.8951	0	0	0	1	10.29486	-0.8451538	1.028021	-315	10	315	
583.9473	COLLISION_NONE	NOT_SWITCH	NOT_RESET	NOT_WAYPOINT	-313.7896	1.8	307.0373	0	0	0	1	10.27344	-0.7582703	1.023479	-315	10	315	
583.9673	COLLISION_NONE	NOT_SWITCH	NOT_RESET	NOT_WAYPOINT	-313.8255	1.8	307.276	0	0	0	1	10.24255	-0.6961365	0.9777827	-315	10	315	
583.9874	COLLISION_NONE	NOT_SWITCH	NOT_RESET	NOT_WAYPOINT	-313.8465	1.8	307.4134	0	0	0	1	10.12149	-0.542511	0.917186	-315	10	315	
584.0074	COLLISION_NONE	NOT_SWITCH	NOT_RESET	NOT_WAYPOINT	-313.8959	1.8	307.7439	0	0	0	1	10.05932	-0.4391174	0.8603613	-315	10	315	
584.0274	COLLISION_NONE	NOT_SWITCH	NOT_RESET	NOT_WAYPOINT	-313.9304	1.8	307.9731	0	0	0	1	10.00906	-0.3936157	0.8225465	-315	10	315	
584.0474	COLLISION_NONE	NOT_SWITCH	NOT_RESET	NOT_WAYPOINT	-313.9499	1.8	308.101	0	0	0	1	9.998039	-0.3547058	0.781472	-315	10	315	
584.0674	COLLISION_NONE	NOT_SWITCH	NOT_RESET	NOT_WAYPOINT	-313.9837	1.8	308.3254	0	0	0	1	9.983677	-0.3329773	0.7473688	-315	10	315	
584.0875	COLLISION_NONE	NOT_SWITCH	NOT_RESET	NOT_WAYPOINT	-314.0025	1.8	308.4486	0	0	0	1	9.977943	-0.3669739	0.6934049	-315	10	315	
584.1075	COLLISION_NONE	NOT_SWITCH	NOT_RESET	NOT_WAYPOINT	-314.0498	1.8	308.7648	0	0	0	1	9.976837	-0.4089355	0.7021353	-315	10	315	
584.1275	COLLISION_NONE	NOT_SWITCH	NOT_RESET	NOT_WAYPOINT	-314.0822	1.8	308.9798	0	0	0	1	9.979309	-0.5022278	0.692044	-315	10	315	
584.1475	COLLISION_NONE	NOT_SWITCH	NOT_RESET	NOT_WAYPOINT	-314.0995	1.8	309.0935	0	0	0	1	9.961662	-0.6019592	0.699389	-315	10	315	
584.1675	COLLISION_NONE	NOT_SWITCH	NOT_RESET	NOT_WAYPOINT	-314.1311	1.8	309.3037	0	0	0	1	9.973658	-0.7101746	0.7142549	-315	10	315	
584.1876	COLLISION_NONE	NOT_SWITCH	NOT_RESET	NOT_WAYPOINT	-314.1478	1.8	309.4126	0	0	0	1	9.96517	-0.978302	0.7734573	-315	10	315	
584.2076	COLLISION_NONE	NOT_SWITCH	NOT_RESET	NOT_WAYPOINT	-314.193	1.8	309.7146	0	0	0	1	10.00765	-1.198639	0.8444555	-315	10	315	
584.2276	COLLISION_NONE	NOT_SWITCH	NOT_RESET	NOT_WAYPOINT	-314.2232	1.8	309.9153	0	0	0	1	10.06014	-1.315033	0.9092128	-315	10	315	
584.2476	COLLISION_NONE	NOT_SWITCH	NOT_RESET	NOT_WAYPOINT	-314.2384	1.8	310.0147	0	0	0	1	10.15337	-1.431946	0.9429259	-315	10	315	
584.2676	COLLISION_NONE	WAIT_SWITCH	NOT_RESET	NOT_WAYPOINT	-315	1.8	315	0	0	0	1	10.18835	-1.46637	0.9549787	-315	10	315	
584.2877	COLLISION_NONE	NOT_SWITCH	NOT_RESET	NOT_WAYPOINT	-315.03	1.8	315.1959	0	0	0	1	10.25108	-1.5755	1.016904	-315	10	315	
584.3077	COLLISION_NONE	NOT_SWITCH	NOT_RESET	NOT_WAYPOINT	-315.03	1.8	315.1959	0	0	0	1	10.23484	-1.572083	0.9934256	-315	10	315	
584.3277	COLLISION_NONE	NOT_SWITCH	NOT_RESET	NOT_WAYPOINT	-315.03	1.8	315.1959	0	0	0	1	10.19765	-1.523285	0.9560413	-315	10	315	
584.3477	COLLISION_NONE	NOT_SWITCH	NOT_RESET	NOT_WAYPOINT	-315.03	1.8	315.1959	0	0	0	1	10.15607	-1.528961	0.931777	-315	10	315	
584.3677	COLLISION_NONE	NOT_SWITCH	NOT_RESET	NOT_WAYPOINT	-315.03	1.8	315.1959	0	0	0	1	9.974655	-1.325775	0.82498	-315	10	315	
584.3878	COLLISION_NONE	NOT_SWITCH	NOT_RESET	NOT_WAYPOINT	-315.03	1.8	315.1959	0	0	0	1	9.908392	-1.211578	0.7568679	-315	10	315	
584.4078	COLLISION_NONE	NOT_SWITCH	NOT_RESET	NOT_WAYPOINT	-315.03	1.8	315.1959	0	0	0	1	9.815596	-1.09726	0.6827114	-315	10	315	
584.4278	COLLISION_NONE	NOT_SWITCH	NOT_RESET	NOT_WAYPOINT	-315.03	1.8	315.1959	0	0	0	1	9.749052	-0.9509583	0.6285554	-315	10	315	
584.4478	COLLISION_NONE	NOT_SWITCH	NOT_RESET	NOT_WAYPOINT	-315.03	1.8	315.1959	0	0	0	1	9.595709	-0.7680054	0.5184023	-315	10	315	
584.4678	COLLISION_NONE	NOT_SWITCH	NOT_RESET	NOT_WAYPOINT	-315.03	1.8	315.1959	0	0	0	1	9.44005	-0.5780029	0.3771971	-315	10	315	
584.4879	COLLISION_NONE	NOT_SWITCH	NOT_RESET	NOT_WAYPOINT	-315.03	1.8	315.1959	0	0	0	1	9.356718	-0.5026855	0.2898678	-315	10	315	
584.5079	COLLISION_NONE	NOT_SWITCH	NOT_RESET	NOT_WAYPOINT	-315.03	1.8	315.1959	0	0	0	1	9.356718	-0.5026855	0.2898678	-315	10	315	
584.5279	COLLISION_NONE	NOT_SWITCH	NOT_RESET	NOT_WAYPOINT	-315.03	1.8	315.1959	0	0	0	1	9.061192	-0.4454956	0.1330401	-315	10	315	
584.5479	COLLISION_NONE	NOT_SWITCH	NOT_RESET	NOT_WAYPOINT	-315.03	1.8	315.1959	0	0	0	1	8.758299	-0.4300842	0.06787312	-315	10	315	
584.5679	COLLISION_NONE	NOT_SWITCH	NOT_RESET	NOT_WAYPOINT	-315.03	1.8	315.1959	0	0	0	1	8.138704	-0.5305176	-0.024261	-315	10	315	
584.588	COLLISION_NONE	NOT_SWITCH	NOT_RESET	NOT_WAYPOINT	-315.03	1.8	315.1959	0	0	0	1	7.96888	-0.5887451	-0.003195763	-315	10	315	
584.608	COLLISION_NONE	NOT_SWITCH	NOT_RESET	NOT_WAYPOINT	-315.03	1.8	315.1959	0	0	0	1	7.883757	-0.6994324	0.01403999	-315	10	315	
584.628	COLLISION_NONE	NOT_SWITCH	NOT_RESET	NOT_WAYPOINT	-315.03	1.8	315.1959	0	0	0	1	7.877956	-0.7393799	0.02042282	-315	10	315	
584.648	COLLISION_NONE	NOT_SWITCH	NOT_RESET	NOT_WAYPOINT	-315.03	1.8	315.1959	0	0	0	1	7.874508	-0.9044189	0.06189489	-315	10	315	
584.668	COLLISION_NONE	NOT_SWITCH	NOT_RESET	NOT_WAYPOINT	-315.03	1.8	315.1959	0	0	0	1	7.952042	-1.132233	0.1112663	-315	10	315	
584.688	COLLISION_NONE	NOT_SWITCH	NOT_RESET	NOT_WAYPOINT	-315.03	1.8	315.1959	0	0	0	1	8.028824	-1.276611	0.1169071	-315	10	315	
584.7081	COLLISION_NONE	NOT_SWITCH	NOT_RESET	NOT_WAYPOINT	-315.03	1.8	315.1959	0	0	0	1	8.037191	-1.349579	0.1085188	-315	10	315	
584.7281	COLLISION_NONE	NOT_SWITCH	NOT_RESET	NOT_WAYPOINT	-315.03	1.8	315.1959	0	0	0	1	8.049007	-1.428131	0.08813453	-315	10	315	
584.7481	COLLISION_NONE	NOT_SWITCH	NOT_RESET	NOT_WAYPOINT	-315.03	1.8	315.1959	0	0	0	1	8.041655	-1.485016	0.06605983	-315	10	315	
584.7681	COLLISION_NONE	NOT_SWITCH	NOT_RESET	NOT_WAYPOINT	-315.03	1.8	315.1959	0	0	0	1	8.035883	-1.51004	0.0755254	-315	10	315	
584.7881	COLLISION_NONE	NOT_SWITCH	NOT_RESET	NOT_WAYPOINT	-315.03	1.8	315.1959	0	0	0	1	8.068037	-1.482513	0.07947433	-315	10	315	
584.8082	COLLISION_NONE	NOT_SWITCH	NOT_RESET	NOT_WAYPOINT	-315.03	1.8	315.1959	0	0	0	1	8.088366	-1.431549	0.08880424	-315	10	315	
584.8282	COLLISION_NONE	NOT_SWITCH	NOT_RESET	NOT_WAYPOINT	-315.03	1.8	315.1959	0	0	0	1	8.103283	-1.362976	0.07358837	-315	10	315	
584.8482	COLLISION_NONE	NOT_SWITCH	NOT_RESET	NOT_WAYPOINT	-315.03	1.8	315.1959	0	0	0	1	8.080332	-1.303101	0.07647407	-315	10	315	
584.8682	COLLISION_NONE	NOT_SWITCH	NOT_RESET	NOT_WAYPOINT	-315.03	1.8	315.1959	0	0	0	1	7.991888	-1.186401	0.09447122	-315	10	315	
584.8882	COLLISION_NONE	NOT_SWITCH	NOT_RESET	NOT_WAYPOINT	-315.03	1.8	315.1959	0	0	0	1	7.944668	-1.170502	0.09305239	-315	10	315	
584.9083	COLLISION_NONE	NOT_SWITCH	NOT_RESET	NOT_WAYPOINT	-315.03	1.8	315.1959	0	0	0	1	7.892323	-1.220062	0.08928204	-315	10	315	
584.9283	COLLISION_NONE	NOT_SWITCH	NOT_RESET	NOT_WAYPOINT	-315.03	1.8	315.1959	0	0	0	1	7.896301	-1.240387	0.09201777	-315	10	315	
584.9483	COLLISION_NONE	NOT_SWITCH	NOT_RESET	NOT_WAYPOINT	-315.03	1.8	315.1959	0	0	0	1	7.874397	-1.312073	0.05347931	-315	10	315	
584.9683	COLLISION_NONE	NOT_SWITCH	NOT_RESET	NOT_WAYPOINT	-315.03	1.8	315.1959	0	0	0	1	7.827684	-1.241486	-0.01901937	-315	10	315	
584.9883	COLLISION_NONE	CORRECT_SWITCH	NOT_RESET	NOT_WAYPOINT	-315.03	1.8	315.1959	0	7.951403E-05	0	1	7.807178	-1.167633	-0.08150399	-315	10	315	
585.0084	COLLISION_NONE	NOT_SWITCH	NOT_RESET	NOT_WAYPOINT	-315.0269	1.8	315.171	0	0.0001966478	0	1	7.773436	-1.131134	-0.09366238	-315	10	315	
585.0284	COLLISION_NONE	NOT_SWITCH	NOT_RESET	NOT_WAYPOINT	-315.0252	1.8	315.1466	0	0.0003309475	0	1	7.714481	-0.9996338	-0.1746423	-315	10	315	
585.0484	COLLISION_NONE	NOT_SWITCH	NOT_RESET	NOT_WAYPOINT	-315.0244	1.8	315.1234	0	0.0006138531	0	0.9999999	7.62903	-0.8843384	-0.2791208	-315	10	315	
585.0684	COLLISION_NONE	NOT_SWITCH	NOT_RESET	NOT_WAYPOINT	-315.0246	1.8	315.1025	0	0.0007570491	0	0.9999997	7.617399	-0.8179932	-0.3293781	-315	10	315	
585.0884	COLLISION_NONE	NOT_SWITCH	NOT_RESET	NOT_WAYPOINT	-315.0246	1.8	315.0807	0	0.0009015852	0	0.9999996	7.634022	-0.8069458	-0.4030408	-315	10	315	
585.1085	COLLISION_NONE	NOT_SWITCH	NOT_RESET	NOT_WAYPOINT	-315.0246	1.8	315.0584	0	0.001048271	0	0.9999995	7.663393	-0.8510437	-0.4599605	-315	10	315	
585.1285	COLLISION_NONE	NOT_SWITCH	NOT_RESET	NOT_WAYPOINT	-315.0247	1.8	315.0357	0	0.001198333	0	0.9999993	7.710583	-0.8664246	-0.5119871	-315	10	315	
585.1485	COLLISION_NONE	NOT_SWITCH	NOT_RESET	NOT_WAYPOINT	-315.0247	1.8	315.0122	0	0.001520185	0	0.9999989	7.957449	-1.029816	-0.57967	-315	10	315	
585.1685	COLLISION_NONE	NOT_SWITCH	NOT_RESET	NOT_WAYPOINT	-315.0236	1.8	314.988	0	0.001695025	0	0.9999986	8.04199	-1.083588	-0.5594661	-315	10	315	
585.1885	COLLISION_NONE	NOT_SWITCH	NOT_RESET	NOT_WAYPOINT	-315.0221	1.8	314.9631	0	0.001880206	0	0.9999982	8.173283	-1.088165	-0.5315519	-315	10	315	
585.2086	COLLISION_NONE	NOT_SWITCH	NOT_RESET	NOT_WAYPOINT	-315.0203	1.8	314.9374	0	0.002076312	0	0.9999979	8.301584	-1.085175	-0.4840962	-315	10	315	
585.2286	COLLISION_NONE	NOT_SWITCH	NOT_RESET	NOT_WAYPOINT	-315.0185	1.8	314.9109	0	0.002286922	0	0.9999974	8.500633	-1.041138	-0.4530346	-315	10	315	
585.2486	COLLISION_NONE	NOT_SWITCH	NOT_RESET	NOT_WAYPOINT	-315.0167	1.8	314.883	0	0.002749534	0	0.9999962	8.76889	-0.9634705	-0.3860609	-315	10	315	
585.2686	COLLISION_NONE	NOT_SWITCH	NOT_RESET	NOT_WAYPOINT	-315.015	1.8	314.8525	0	0.002994412	0	0.9999955	8.795368	-0.9301758	-0.3516856	-315	10	315	
585.2886	COLLISION_NONE	NOT_SWITCH	NOT_RESET	NOT_WAYPOINT	-315.0124	1.8	314.8242	0	0.003242066	0	0.9999948	8.780704	-0.8212585	-0.3063664	-315	10	315	
585.3087	COLLISION_NONE	NOT_SWITCH	NOT_RESET	NOT_WAYPOINT	-315.0092	1.8	314.7976	0	0.003488149	0	0.9999939	8.718151	-0.7906799	-0.2645042	-315	10	315	
585.3287	COLLISION_NONE	NOT_SWITCH	NOT_RESET	NOT_WAYPOINT	-315.0065	1.8	314.7734	0	0.003731309	0	0.9999931	8.673542	-0.7208557	-0.2116545	-315	10	315	
585.3487	COLLISION_NONE	NOT_SWITCH	NOT_RESET	NOT_WAYPOINT	-315.0044	1.8	314.7514	0	0.004205673	0	0.9999912	8.586	-0.5967102	-0.1239114	-315	10	315	
585.3687	COLLISION_NONE	NOT_SWITCH	NOT_RESET	NOT_WAYPOINT	-315.0044	1.8	314.731	0	0.004437604	0	0.9999902	8.544119	-0.5263062	-0.125026	-315	10	315	
585.3887	COLLISION_NONE	NOT_SWITCH	NOT_RESET	NOT_WAYPOINT	-315.0043	1.8	314.7091	0	0.004667933	0	0.9999892	8.574121	-0.4829102	-0.1530722	-315	10	315	
585.4088	COLLISION_NONE	NOT_SWITCH	NOT_RESET	NOT_WAYPOINT	-315.0045	1.8	314.6873	0	0.00490075	0	0.9999881	8.616835	-0.4787292	-0.1506679	-315	10	315	
585.4288	COLLISION_NONE	NOT_SWITCH	NOT_RESET	NOT_WAYPOINT	-315.0047	1.8	314.6642	0	0.005138591	0	0.9999868	8.697084	-0.4795227	-0.1903919	-315	10	315	
585.4488	COLLISION_NONE	NOT_SWITCH	NOT_RESET	NOT_WAYPOINT	-315.0037	1.8	314.7587	0	0.005640693	0	0.9999841	8.949087	-0.5275879	-0.2017815	-315	10	315	
585.4688	COLLISION_NONE	NOT_SWITCH	NOT_RESET	NOT_WAYPOINT	-315.0432	1.8	315.0807	0	0.005905246	0	0.9999826	9.031338	-0.6017151	-0.1821319	-315	10	315	
585.4888	COLLISION_NONE	NOT_SWITCH	NOT_RESET	NOT_WAYPOINT	-315.0981	1.8	315.4026	0	0.006177367	0	0.9999809	9.105967	-0.6491699	-0.1565129	-315	10	315	
585.5089	COLLISION_NONE	NOT_SWITCH	NOT_RESET	NOT_WAYPOINT	-315.1659	1.8	315.725	0	0.006453436	0	0.9999792	9.113985	-0.6934814	-0.1055043	-315	10	315	
585.5289	COLLISION_NONE	NOT_SWITCH	NOT_RESET	NOT_WAYPOINT	-315.2434	1.8	316.0486	0	0.006732629	0	0.9999774	9.141687	-0.7146606	-0.07556808	-315	10	315	
585.5489	COLLISION_NONE	NOT_SWITCH	NOT_RESET	NOT_WAYPOINT	-315.3268	1.8	316.3736	0	0.007297386	0	0.9999734	9.19058	-0.7455444	0.004933596	-315	10	315	
585.5689	COLLISION_NONE	NOT_SWITCH	NOT_RESET	NOT_WAYPOINT	-315.3994	1.8	316.6963	0	0.007582189	0	0.9999713	9.189903	-0.7626953	0.04428136	-315	10	315	
585.5889	COLLISION_NONE	NOT_SWITCH	NOT_RESET	NOT_WAYPOINT	-315.4686	1.8	317.0168	0	0.007868871	0	0.9999691	9.225454	-0.7350159	0.04853714	-315	10	315	
585.6089	COLLISION_NONE	NOT_SWITCH	NOT_RESET	NOT_WAYPOINT	-315.5373	1.8	317.3349	0	0.008156657	0	0.9999667	9.24011	-0.7368164	0.05103016	-315	10	315	
585.629	COLLISION_NONE	NOT_SWITCH	NOT_RESET	NOT_WAYPOINT	-315.6031	1.8	317.651	0	0.008446804	0	0.9999644	9.259649	-0.6986389	0.03329217	-315	10	315	
585.649	COLLISION_NONE	NOT_SWITCH	NOT_RESET	NOT_WAYPOINT	-315.6636	1.8	317.9655	0	0.009035223	0	0.9999592	9.321266	-0.6577148	0.006907701	-315	10	315	
585.669	COLLISION_NONE	NOT_SWITCH	NOT_RESET	NOT_WAYPOINT	-315.7085	1.8	318.2781	0	0.009334049	0	0.9999565	9.335154	-0.6345215	0.004104495	-315	10	315	
585.689	COLLISION_NONE	NOT_SWITCH	NOT_RESET	NOT_WAYPOINT	-315.7417	1.8	318.5916	0	0.009636617	0	0.9999536	9.38378	-0.6200256	-0.005858898	-315	10	315	
585.709	COLLISION_NONE	NOT_SWITCH	NOT_RESET	NOT_WAYPOINT	-315.7629	1.8	318.9069	0	0.009942207	0	0.9999506	9.430639	-0.6321716	-0.02140832	-315	10	315	
585.7291	COLLISION_NONE	NOT_SWITCH	NOT_RESET	NOT_WAYPOINT	-315.7731	1.8	319.2244	0	0.01056045	0	0.9999442	9.468637	-0.6304932	-0.04078805	-315	10	315	
585.7491	COLLISION_NONE	NOT_SWITCH	NOT_RESET	NOT_WAYPOINT	-315.7659	1.8	319.5472	0	0.01087213	0	0.9999409	9.479061	-0.647583	-0.05579007	-315	10	315	
585.7691	COLLISION_NONE	NOT_SWITCH	NOT_RESET	NOT_WAYPOINT	-315.758	1.8	319.8725	0	0.01118524	0	0.9999375	9.49288	-0.6611328	-0.070171	-315	10	315	
585.7891	COLLISION_NONE	NOT_SWITCH	NOT_RESET	NOT_WAYPOINT	-315.7495	1.8	320.1977	0	0.01149905	0	0.9999339	9.494047	-0.6803284	-0.0565207	-315	10	315	
585.8091	COLLISION_NONE	NOT_SWITCH	NOT_RESET	NOT_WAYPOINT	-315.7408	1.8	320.523	0	0.01181437	0	0.9999302	9.521441	-0.67453	-0.02423882	-315	10	315	
585.8292	COLLISION_NONE	NOT_SWITCH	NOT_RESET	NOT_WAYPOINT	-315.7315	1.8	320.8482	0	0.01245166	0	0.9999225	9.588964	-0.7283325	0.06108582	-315	10	315	
585.8492	COLLISION_NONE	NOT_SWITCH	NOT_RESET	NOT_WAYPOINT	-315.7202	1.8	321.1729	0	0.01277347	0	0.9999185	9.606045	-0.7513123	0.08397627	-315	10	315	
585.8692	COLLISION_NONE	NOT_SWITCH	NOT_RESET	NOT_WAYPOINT	-315.7081	1.8	321.498	0	0.01309805	0	0.9999142	9.646778	-0.7904968	0.08418202	-315	10	315	
585.8892	COLLISION_NONE	NOT_SWITCH	NOT_RESET	NOT_WAYPOINT	-315.6958	1.8	321.8232	0	0.01342482	0	0.9999099	9.667202	-0.8392029	0.09758246	-315	10	315	
585.9092	COLLISION_NONE	NOT_SWITCH	NOT_RESET	NOT_WAYPOINT	-315.6832	1.8	322.1484	0	0.01375435	0	0.9999054	9.703253	-0.8688049	0.0928477	-315	10	315	
585.9293	COLLISION_NONE	NOT_SWITCH	NOT_RESET	NOT_WAYPOINT	-315.6701	1.8	322.4735	0	0.01442373	0	0.999896	9.789648	-0.9260254	0.06877625	-315	10	315	
585.9493	COLLISION_NONE	NOT_SWITCH	NOT_RESET	NOT_WAYPOINT	-315.5728	1.8	322.7929	0	0.01476255	0	0.999891	9.802149	-0.9507141	0.08421981	-315	10	315	
585.9693	COLLISION_NONE	NOT_SWITCH	NOT_RESET	NOT_WAYPOINT	-315.4238	1.8	323.1111	0	0.01510385	0	0.999886	9.830765	-0.9481812	0.07980955	-315	10	315	
585.9893	COLLISION_NONE	NOT_SWITCH	NOT_RESET	NOT_WAYPOINT	-315.2331	1.8	323.4287	0	0.01544704	0	0.9998807	9.844337	-0.960907	0.06195748	-315	10	315	
586.0093	COLLISION_NONE	NOT_SWITCH	NOT_RESET	NOT_WAYPOINT	-315.0201	1.8	323.7464	0	0.01579331	0	0.9998753	9.889381	-0.9507751	0.03687012	-315	10	315	
586.0294	COLLISION_NONE	NOT_SWITCH	NOT_RESET	NOT_WAYPOINT	-314.7969	1.8	324.0642	0	0.01649447	0	0.999864	9.934162	-0.9347839	-0.04435205	-315	10	315	
586.0494	COLLISION_NONE	NOT_SWITCH	NOT_RESET	NOT_WAYPOINT	-314.5657	1.8	324.3826	0	0.01684812	0	0.9998581	9.955864	-0.9404297	-0.09339893	-315	10	315	
586.0694	COLLISION_NONE	NOT_SWITCH	NOT_RESET	NOT_WAYPOINT	-314.3389	1.8	324.6998	0	0.01720273	0	0.9998521	9.932127	-0.9523315	-0.13428	-315	10	315	
586.0894	COLLISION_NONE	NOT_SWITCH	NOT_RESET	NOT_WAYPOINT	-314.1204	1.8	325.0164	0	0.01755669	0	0.9998459	9.919737	-0.9539795	-0.15563	-315	10	315	
586.1094	COLLISION_NONE	NOT_SWITCH	NOT_RESET	NOT_WAYPOINT	-313.9084	1.8	325.3325	0	0.0179108	0	0.9998397	9.928486	-0.9689026	-0.1952252	-315	10	315	
586.1295	COLLISION_NONE	NOT_SWITCH	NOT_RESET	NOT_WAYPOINT	-313.7023	1.8	325.6478	0	0.01861667	0	0.9998267	9.89967	-0.9857788	-0.1975394	-315	10	315	
586.1495	COLLISION_NONE	NOT_SWITCH	NOT_RESET	NOT_WAYPOINT	-313.5288	1.8	325.9637	0	0.01896923	0	0.9998201	9.910748	-1.020508	-0.205837	-315	10	315	
586.1695	COLLISION_NONE	NOT_SWITCH	NOT_RESET	NOT_WAYPOINT	-313.3623	1.8	326.2789	0	0.01932347	0	0.9998133	9.947474	-1.039063	-0.208179	-315	10	315	
586.1895	COLLISION_NONE	NOT_SWITCH	NOT_RESET	NOT_WAYPOINT	-313.2065	1.8	326.5938	0	0.01967919	0	0.9998063	9.962856	-1.051025	-0.1972605	-315	10	315	
586.2095	COLLISION_NONE	NOT_SWITCH	NOT_RESET	NOT_WAYPOINT	-313.0624	1.8	326.9084	0	0.02003698	0	0.9997993	9.99102	-1.058075	-0.2110441	-315	10	315	
586.2296	COLLISION_NONE	NOT_SWITCH	NOT_RESET	NOT_WAYPOINT	-312.9373	1.8	327.2227	0	0.02076013	0	0.9997845	10.05384	-1.090912	-0.1964839	-315	10	315	
586.2496	COLLISION_NONE	NOT_SWITCH	NOT_RESET	NOT_WAYPOINT	-312.8344	1.8	327.5348	0	0.0211251	0	0.9997769	10.07472	-1.164185	-0.1816258	-315	10	315	
586.2696	COLLISION_NONE	NOT_SWITCH	NOT_RESET	NOT_WAYPOINT	-312.733	1.8	327.8447	0	0.02149358	0	0.999769	10.1298	-1.200897	-0.1818945	-315	10	315	
586.2896	COLLISION_NONE	NOT_SWITCH	NOT_RESET	NOT_WAYPOINT	-312.6339	1.8	328.1527	0	0.02186513	0	0.999761	10.17277	-1.27594	-0.1685899	-315	10	315	
586.3096	COLLISION_NONE	NOT_SWITCH	NOT_RESET	NOT_WAYPOINT	-312.5398	1.8	328.4594	0	0.02261971	0	0.9997441	10.22694	-1.339996	-0.1391453	-315	10	315	
586.3297	COLLISION_NONE	NOT_SWITCH	NOT_RESET	NOT_WAYPOINT	-312.4604	1.8	328.7651	0	0.02300097	0	0.9997355	10.26715	-1.378357	-0.09605944	-315	10	315	
586.3497	COLLISION_NONE	NOT_SWITCH	NOT_RESET	NOT_WAYPOINT	-312.3927	1.8	329.0724	0	0.02338186	0	0.9997267	10.23845	-1.412079	-0.06255865	-315	10	315	
586.3697	COLLISION_NONE	NOT_SWITCH	NOT_RESET	TRIGGER_WAYPOINT	-312.3489	1.8	329.3815	0	0.02376323	0	0.9997177	10.25415	-1.425018	-0.04835737	-315	1.8	345	
586.3897	COLLISION_NONE	NOT_SWITCH	NOT_RESET	NOT_WAYPOINT	-312.3347	1.8	329.6935	0	0.02414467	0	0.9997085	10.25355	-1.460663	-0.01686788	-315	1.8	345	
586.4097	COLLISION_NONE	NOT_SWITCH	NOT_RESET	NOT_WAYPOINT	-312.3589	1.8	330.0098	0	0.0249123	0	0.9996896	10.31256	-1.511993	0.02236795	-315	1.8	345	
586.4297	COLLISION_NONE	NOT_SWITCH	NOT_RESET	NOT_WAYPOINT	-312.4808	1.8	330.337	0	0.02529819	0	0.99968	10.32101	-1.537903	0.02686775	-315	1.8	345	
586.4498	COLLISION_NONE	NOT_SWITCH	NOT_RESET	NOT_WAYPOINT	-312.6581	1.8	330.6689	0	0.025685	0	0.9996701	10.33097	-1.565216	0.05247164	-315	1.8	345	
586.4698	COLLISION_NONE	NOT_SWITCH	NOT_RESET	NOT_WAYPOINT	-312.8807	1.8	331.0047	0	0.0260726	0	0.9996601	10.33997	-1.600403	0.06201601	-315	1.8	345	
586.4898	COLLISION_NONE	NOT_SWITCH	NOT_RESET	NOT_WAYPOINT	-313.1453	1.8	331.3437	0	0.02646075	0	0.9996499	10.34542	-1.668518	0.06069696	-315	1.8	345	
586.5098	COLLISION_NONE	NOT_SWITCH	NOT_RESET	NOT_WAYPOINT	-313.4245	1.8	331.6842	0	0.02724342	0	0.9996288	10.39863	-1.73996	0.07032549	-315	1.8	345	
586.5298	COLLISION_NONE	NOT_SWITCH	NOT_RESET	NOT_WAYPOINT	-313.7115	1.8	332.027	0	0.02763859	0	0.999618	10.41975	-1.783356	0.09167063	-315	1.8	345	
586.5499	COLLISION_NONE	NOT_SWITCH	NOT_RESET	NOT_WAYPOINT	-313.9965	1.8	332.3682	0	0.02803562	0	0.999607	10.468	-1.852905	0.1271251	-315	1.8	345	
586.5699	COLLISION_NONE	NOT_SWITCH	NOT_RESET	NOT_WAYPOINT	-314.2796	1.8	332.7095	0	0.02843555	0	0.9995957	10.51341	-1.855804	0.1526785	-315	1.8	345	
586.5899	COLLISION_NONE	NOT_SWITCH	NOT_RESET	NOT_WAYPOINT	-314.5621	1.8	333.0519	0	0.02883856	0	0.9995841	10.55142	-1.908569	0.1564842	-315	1.8	345	
586.6099	COLLISION_NONE	NOT_SWITCH	NOT_RESET	NOT_WAYPOINT	-314.8444	1.8	333.3948	0	0.02965609	0	0.9995602	10.6413	-1.929901	0.1896691	-315	1.8	345	
586.6299	COLLISION_NONE	NOT_SWITCH	NOT_RESET	NOT_WAYPOINT	-315.1258	1.8	333.7383	0	0.03006965	0	0.9995478	10.64847	-1.947815	0.1780194	-315	1.8	345	
586.65	COLLISION_NONE	NOT_SWITCH	NOT_RESET	NOT_WAYPOINT	-315.4073	1.8	334.0819	0	0.03048669	0	0.9995351	10.69632	-1.966492	0.1853576	-315	1.8	345	
586.67	COLLISION_NONE	NOT_SWITCH	NOT_RESET	NOT_WAYPOINT	-315.6884	1.8	334.4257	0	0.0309073	0	0.9995223	10.76053	-2.038208	0.2371777	-315	1.8	345	
586.69	COLLISION_NONE	NOT_SWITCH	NOT_RESET	NOT_WAYPOINT	-315.9693	1.8	334.7697	0	0.03133099	0	0.9995091	10.79565	-2.10437	0.2776065	-315	1.8	345	
586.71	COLLISION_NONE	NOT_SWITCH	NOT_RESET	NOT_WAYPOINT	-316.2498	1.8	335.114	0	0.03218567	0	0.9994819	10.84343	-2.129639	0.3265588	-315	1.8	345	
586.73	COLLISION_NONE	NOT_SWITCH	NOT_RESET	NOT_WAYPOINT	-316.5295	1.8	335.4589	0	0.03261575	0	0.999468	10.86329	-2.175415	0.3724194	-315	1.8	345	
586.7501	COLLISION_NONE	NOT_SWITCH	NOT_RESET	NOT_WAYPOINT	-316.8092	1.8	335.8039	0	0.03304647	0	0.9994538	10.88126	-2.172913	0.4186831	-315	1.8	345	
586.7701	COLLISION_NONE	NOT_SWITCH	NOT_RESET	NOT_WAYPOINT	-317.0886	1.8	336.1492	0	0.03347931	0	0.9994394	10.91027	-2.171448	0.4641027	-315	1.8	345	
586.7901	COLLISION_NONE	NOT_SWITCH	NOT_RESET	NOT_WAYPOINT	-317.3562	1.8	336.4754	0	0.03435397	0	0.9994097	10.9851	-2.154877	0.5102841	-315	1.8	345	
586.8101	COLLISION_NONE	NOT_SWITCH	NOT_RESET	NOT_WAYPOINT	-317.5916	1.8	336.7716	0	0.03479617	0	0.9993945	11.0244	-2.126251	0.5542938	-315	1.8	345	
586.8301	COLLISION_NONE	NOT_SWITCH	NOT_RESET	NOT_WAYPOINT	-317.8138	1.8	337.0498	0	0.03524181	0	0.9993789	11.06459	-2.092316	0.5777711	-315	1.8	345	
586.8502	COLLISION_NONE	NOT_SWITCH	NOT_RESET	NOT_WAYPOINT	-318.0228	1.8	337.3099	0	0.03569063	0	0.9993629	11.09787	-2.079712	0.5932202	-315	1.8	345	
586.8702	COLLISION_NONE	NOT_SWITCH	NOT_RESET	NOT_WAYPOINT	-318.2186	1.8	337.5518	0	0.03614253	0	0.9993467	11.12515	-1.993561	0.5755881	-315	1.8	345	
586.8902	COLLISION_NONE	NOT_SWITCH	NOT_RESET	NOT_WAYPOINT	-318.4012	1.8	337.7757	0	0.03659695	0	0.9993301	11.14517	-1.939606	0.5762501	-315	1.8	345	
586.9102	COLLISION_NONE	NOT_SWITCH	NOT_RESET	NOT_WAYPOINT	-318.5707	1.8	337.9814	0	0.03750973	0	0.9992963	11.14174	-1.782043	0.5122962	-315	1.8	345	
586.9302	COLLISION_NONE	NOT_SWITCH	NOT_RESET	NOT_WAYPOINT	-318.714	1.8	338.1508	0	0.03796839	0	0.999279	11.16695	-1.677185	0.4704753	-315	1.8	345	
586.9503	COLLISION_NONE	NOT_SWITCH	NOT_RESET	NOT_WAYPOINT	-318.8412	1.8	338.3047	0	0.03842764	0	0.9992614	11.15582	-1.653503	0.4297974	-315	1.8	345	
586.9703	COLLISION_NONE	NOT_SWITCH	NOT_RESET	NOT_WAYPOINT	-318.9108	1.8	338.4259	0	0.03888686	0	0.9992436	11.14227	-1.57959	0.3829249	-315	1.8	345	
586.9903	COLLISION_NONE	NOT_SWITCH	NOT_RESET	NOT_WAYPOINT	-318.8931	1.8	338.4636	0	0.03980706	0	0.9992074	11.14883	-1.415985	0.3089852	-315	1.8	345	
587.0103	COLLISION_NONE	NOT_SWITCH	NOT_RESET	NOT_WAYPOINT	-318.7324	1.8	338.3146	0	0.04026747	0	0.999189	11.14602	-1.402405	0.2727143	-315	1.8	345	
587.0303	COLLISION_NONE	NOT_SWITCH	NOT_RESET	NOT_WAYPOINT	-318.4998	1.8	338.0724	0	0.04072692	0	0.9991703	11.11348	-1.340729	0.2023853	-315	1.8	345	
587.0504	COLLISION_NONE	NOT_SWITCH	NOT_RESET	NOT_WAYPOINT	-318.228	1.8	337.779	0	0.04118507	0	0.9991515	11.09127	-1.315247	0.1590666	-315	1.8	345	
587.0704	COLLISION_NONE	NOT_SWITCH	NOT_RESET	NOT_WAYPOINT	-317.9563	1.8	337.4851	0	0.04164273	0	0.9991326	11.09134	-1.281128	0.1202248	-315	1.8	345	
587.0904	COLLISION_NONE	NOT_SWITCH	NOT_RESET	NOT_WAYPOINT	-317.6848	1.8	337.1909	0	0.04255603	0	0.9990941	11.07528	-1.204987	0.08111942	-315	1.8	345	
587.1104	COLLISION_NONE	NOT_SWITCH	NOT_RESET	NOT_WAYPOINT	-317.4142	1.8	336.8961	0	0.04301098	0	0.9990746	11.0385	-1.074615	0.02678943	-315	1.8	345	
587.1304	COLLISION_NONE	NOT_SWITCH	NOT_RESET	NOT_WAYPOINT	-317.1436	1.8	336.6012	0	0.04346554	0	0.999055	11.03824	-0.96521	-0.03776288	-315	1.8	345	
587.1505	COLLISION_NONE	NOT_SWITCH	NOT_RESET	NOT_WAYPOINT	-316.8732	1.8	336.306	0	0.04391843	0	0.9990351	11.00032	-0.8722229	-0.0720197	-315	1.8	345	
587.1705	COLLISION_NONE	NOT_SWITCH	NOT_RESET	NOT_WAYPOINT	-316.6031	1.8	336.0107	0	0.04437081	0	0.9990152	10.99944	-0.7781982	-0.1545703	-315	1.8	345	
587.1905	COLLISION_NONE	NOT_SWITCH	NOT_RESET	NOT_WAYPOINT	-316.3333	1.8	335.715	0	0.04527596	0	0.9989745	10.99195	-0.5386353	-0.2823269	-315	1.8	345	
587.2105	COLLISION_NONE	NOT_SWITCH	NOT_RESET	NOT_WAYPOINT	-316.0643	1.8	335.4187	0	0.04572881	0	0.9989539	10.98638	-0.375885	-0.3631886	-315	1.8	345	
587.2305	COLLISION_NONE	NOT_SWITCH	NOT_RESET	NOT_WAYPOINT	-315.7952	1.8	335.1223	0	0.04618197	0	0.9989331	10.98701	-0.2738342	-0.4295781	-315	1.8	345	
587.2505	COLLISION_NONE	NOT_SWITCH	NOT_RESET	NOT_WAYPOINT	-315.5265	1.8	334.8257	0	0.04663346	0	0.9989121	10.94131	-0.2001953	-0.4969125	-315	1.8	345	
587.2706	COLLISION_NONE	NOT_SWITCH	NOT_RESET	NOT_WAYPOINT	-315.258	1.8	334.5289	0	0.0470838	0	0.9988909	10.92838	-0.09231567	-0.5505775	-315	1.8	345	
587.2906	COLLISION_NONE	NOT_SWITCH	NOT_RESET	NOT_WAYPOINT	-314.9897	1.8	334.2318	0	0.04797857	0	0.9988484	10.88176	0.05111694	-0.6234459	-315	1.8	345	
587.3106	COLLISION_NONE	NOT_SWITCH	NOT_RESET	NOT_WAYPOINT	-314.7224	1.8	333.9341	0	0.0484227	0	0.9988269	10.8327	0.1758118	-0.6861877	-315	1.8	345	
587.3306	COLLISION_NONE	NOT_SWITCH	NOT_RESET	NOT_WAYPOINT	-314.4549	1.8	333.6363	0	0.04886539	0	0.9988054	10.82397	0.2702332	-0.736074	-315	1.8	345	
587.3506	COLLISION_NONE	NOT_SWITCH	NOT_RESET	NOT_WAYPOINT	-314.1877	1.8	333.3382	0	0.04930703	0	0.9987837	10.81345	0.3382263	-0.7775838	-315	1.8	345	
587.3707	COLLISION_NONE	NOT_SWITCH	NOT_RESET	NOT_WAYPOINT	-313.9208	1.8	333.0399	0	0.04974831	0	0.9987618	10.80818	0.3781433	-0.789773	-315	1.8	345	
587.3907	COLLISION_NONE	NOT_SWITCH	NOT_RESET	NOT_WAYPOINT	-313.6542	1.8	332.7414	0	0.05062898	0	0.9987175	10.7815	0.6149597	-0.8710597	-315	1.8	345	
587.4107	COLLISION_NONE	NOT_SWITCH	NOT_RESET	NOT_WAYPOINT	-313.3884	1.8	332.4423	0	0.05106897	0	0.9986951	10.79758	0.6999512	-0.8917309	-315	1.8	345	
587.4307	COLLISION_NONE	NOT_SWITCH	NOT_RESET	NOT_WAYPOINT	-313.1225	1.8	332.143	0	0.05151022	0	0.9986725	10.8175	0.800354	-0.9557831	-315	1.8	345	
587.4507	COLLISION_NONE	NOT_SWITCH	NOT_RESET	NOT_WAYPOINT	-312.8569	1.8	331.8435	0	0.05195193	0	0.9986496	10.81001	0.8414001	-1.017978	-315	1.8	345	
587.4708	COLLISION_NONE	NOT_SWITCH	NOT_RESET	NOT_WAYPOINT	-312.5914	1.8	331.5526	0	0.05283288	0	0.9986034	10.75538	0.9689026	-1.076632	-315	1.8	345	
587.4908	COLLISION_NONE	NOT_SWITCH	NOT_RESET	NOT_WAYPOINT	-312.325	1.8	331.284	0	0.05327139	0	0.9985801	10.75264	1.022522	-1.110984	-315	1.8	345	
587.5108	COLLISION_NONE	NOT_SWITCH	NOT_RESET	NOT_WAYPOINT	-312.058	1.8	331.024	0	0.05370876	0	0.9985567	10.73632	1.072815	-1.145597	-315	1.8	345	
587.5308	COLLISION_NONE	NOT_SWITCH	NOT_RESET	NOT_WAYPOINT	-311.7909	1.8	330.7711	0	0.05414637	0	0.998533	10.75081	1.156799	-1.191638	-315	1.8	345	
587.5508	COLLISION_NONE	NOT_SWITCH	NOT_RESET	NOT_WAYPOINT	-311.5216	1.8	330.5393	0	0.05458394	0	0.9985092	10.74415	1.237823	-1.237573	-315	1.8	345	
587.5709	COLLISION_NONE	NOT_SWITCH	NOT_RESET	NOT_WAYPOINT	-311.2505	1.8	330.3272	0	0.05545898	0	0.998461	10.73985	1.434601	-1.278654	-315	1.8	345	
587.5909	COLLISION_NONE	NOT_SWITCH	NOT_RESET	NOT_WAYPOINT	-310.9781	1.8	330.1387	0	0.05589696	0	0.9984366	10.74996	1.463226	-1.29763	-315	1.8	345	
587.6109	COLLISION_NONE	NOT_SWITCH	NOT_RESET	NOT_WAYPOINT	-310.706	1.8	329.9528	0	0.05633568	0	0.9984119	10.75625	1.616638	-1.359775	-315	1.8	345	
587.6309	COLLISION_NONE	NOT_SWITCH	NOT_RESET	NOT_WAYPOINT	-310.4321	1.8	329.7692	0	0.05677393	0	0.998387	10.73651	1.695801	-1.380548	-315	1.8	345	
587.6509	COLLISION_NONE	NOT_SWITCH	NOT_RESET	NOT_WAYPOINT	-310.1566	1.8	329.5859	0	0.05721227	0	0.9983621	10.74172	1.781342	-1.415084	-315	1.8	345	
587.671	COLLISION_NONE	NOT_SWITCH	NOT_RESET	NOT_WAYPOINT	-309.8812	1.8	329.4023	0	0.05808502	0	0.9983116	10.68723	1.981384	-1.47557	-315	1.8	345	
587.691	COLLISION_NONE	NOT_SWITCH	NOT_RESET	NOT_WAYPOINT	-309.6062	1.8	329.218	0	0.05851936	0	0.9982863	10.67906	2.057281	-1.486773	-315	1.8	345	
587.711	COLLISION_NONE	NOT_SWITCH	NOT_RESET	NOT_WAYPOINT	-309.3313	1.8	329.0336	0	0.05895228	0	0.9982608	10.65998	2.098999	-1.519799	-315	1.8	345	
587.731	COLLISION_NONE	NOT_SWITCH	NOT_RESET	NOT_WAYPOINT	-309.0565	1.8	328.849	0	0.05938546	0	0.9982352	10.67955	2.160767	-1.542219	-315	1.8	345	
587.751	COLLISION_NONE	NOT_SWITCH	NOT_RESET	NOT_WAYPOINT	-308.7818	1.8	328.6642	0	0.05995104	0	0.9982014	10.69746	2.231415	-1.537364	-315	1.8	345	
587.7711	COLLISION_NONE	NOT_SWITCH	NOT_RESET	NOT_WAYPOINT	-308.5074	1.8	328.4791	0	0.06512683	0	0.997877	10.71709	2.335449	-1.58241	-315	1.8	345	
587.7911	COLLISION_NONE	NOT_SWITCH	NOT_RESET	NOT_WAYPOINT	-308.2357	1.8	328.2921	0	0.07036038	0	0.9975216	10.71903	2.379303	-1.626358	-315	1.8	345	
587.8111	COLLISION_NONE	NOT_SWITCH	NOT_RESET	NOT_WAYPOINT	-307.9654	1.8	328.103	0	0.07690618	0	0.9970384	10.73197	2.415253	-1.672416	-315	1.8	345	
587.8311	COLLISION_NONE	NOT_SWITCH	NOT_RESET	NOT_WAYPOINT	-307.6973	1.8	327.9117	0	0.08452637	0	0.9964213	10.71313	2.417633	-1.678589	-315	1.8	345	
587.8511	COLLISION_NONE	NOT_SWITCH	NOT_RESET	NOT_WAYPOINT	-307.4317	1.8	327.7177	0	0.09268005	0	0.995696	10.76474	2.488495	-1.739211	-315	1.8	345	
587.8712	COLLISION_NONE	NOT_SWITCH	NOT_RESET	NOT_WAYPOINT	-307.1689	1.8	327.5208	0	0.1096401	0	0.9939714	10.77728	2.545166	-1.802034	-315	1.8	345	
587.8912	COLLISION_NONE	NOT_SWITCH	NOT_RESET	NOT_WAYPOINT	-306.9113	1.8	327.3242	0	0.1182428	0	0.9929848	10.78043	2.580078	-1.812094	-315	1.8	345	
587.9112	COLLISION_NONE	NOT_SWITCH	NOT_RESET	NOT_WAYPOINT	-306.6563	1.8	327.1259	0	0.1268701	0	0.9919194	10.78645	2.62796	-1.840853	-315	1.8	345	
587.9312	COLLISION_NONE	NOT_SWITCH	NOT_RESET	NOT_WAYPOINT	-306.4035	1.8	326.9279	0	0.1355045	0	0.9907768	10.79343	2.666351	-1.864582	-315	1.8	345	
587.9512	COLLISION_NONE	NOT_SWITCH	NOT_RESET	NOT_WAYPOINT	-306.1513	1.8	326.7358	0	0.1441371	0	0.9895577	10.79275	2.727203	-1.864983	-315	1.8	345	
587.9713	COLLISION_NONE	NOT_SWITCH	NOT_RESET	NOT_WAYPOINT	-305.8994	1.8	326.5502	0	0.161379	0	0.9868925	10.78096	2.813385	-1.898878	-315	1.8	345	
587.9913	COLLISION_NONE	NOT_SWITCH	NOT_RESET	NOT_WAYPOINT	-305.6431	1.8	326.3939	0	0.169984	0	0.9854469	10.75528	2.841309	-1.909834	-315	1.8	345	
588.0113	COLLISION_NONE	NOT_SWITCH	NOT_RESET	NOT_WAYPOINT	-305.3881	1.8	326.2403	0	0.1785766	0	0.9839261	10.75242	2.844452	-1.89108	-315	1.8	345	
588.0313	COLLISION_NONE	NOT_SWITCH	NOT_RESET	NOT_WAYPOINT	-305.1346	1.8	326.0887	0	0.1871558	0	0.9823303	10.72647	2.821075	-1.906591	-315	1.8	345	
588.0513	COLLISION_NONE	NOT_SWITCH	NOT_RESET	NOT_WAYPOINT	-304.881	1.8	325.9409	0	0.1957209	0	0.9806597	10.73734	2.838745	-1.913575	-315	1.8	345	
588.0714	COLLISION_NONE	NOT_SWITCH	NOT_RESET	NOT_WAYPOINT	-304.6249	1.8	325.7961	0	0.2128059	0	0.9770945	10.71209	2.879181	-1.910931	-315	1.8	345	
588.0914	COLLISION_NONE	NOT_SWITCH	NOT_RESET	NOT_WAYPOINT	-304.3602	1.8	325.6714	0	0.2213244	0	0.9752003	10.71198	2.867767	-1.913552	-315	1.8	345	
588.1114	COLLISION_NONE	NOT_SWITCH	NOT_RESET	NOT_WAYPOINT	-304.0749	1.8	325.5925	0	0.2298261	0	0.9732317	10.72302	2.871307	-1.913007	-315	1.8	345	
588.1314	COLLISION_NONE	NOT_SWITCH	NOT_RESET	NOT_WAYPOINT	-303.7354	1.8	325.6193	0	0.2383103	0	0.9711891	10.76227	2.926575	-1.912059	-315	1.8	345	
588.1514	COLLISION_NONE	NOT_SWITCH	NOT_RESET	NOT_WAYPOINT	-303.3462	1.8	325.7327	0	0.2467763	0	0.9690725	10.78033	2.919739	-1.90325	-315	1.8	345	
588.1714	COLLISION_NONE	NOT_SWITCH	NOT_RESET	NOT_WAYPOINT	-302.9352	1.8	325.8732	0	0.2636514	0	0.9646181	10.82047	2.953186	-1.896484	-315	1.8	345	
588.1915	COLLISION_NONE	NOT_SWITCH	NOT_RESET	NOT_WAYPOINT	-302.515	1.8	326.0057	0	0.2720591	0	0.9622806	10.80948	2.944916	-1.894534	-315	1.8	345	
588.2115	COLLISION_NONE	NOT_SWITCH	NOT_RESET	NOT_WAYPOINT	-302.0964	1.8	326.136	0	0.2804461	0	0.9598698	10.80293	2.963135	-1.886642	-315	1.8	345	
588.2315	COLLISION_NONE	NOT_SWITCH	NOT_RESET	NOT_WAYPOINT	-301.6782	1.8	326.2624	0	0.2888118	0	0.9573859	10.78103	2.999695	-1.88497	-315	1.8	345	
588.2515	COLLISION_NONE	NOT_SWITCH	NOT_RESET	NOT_WAYPOINT	-301.2596	1.8	326.3835	0	0.3054765	0	0.9521996	10.78391	3.046783	-1.91016	-315	1.8	345	
588.2715	COLLISION_NONE	NOT_SWITCH	NOT_RESET	NOT_WAYPOINT	-300.8395	1.8	326.4922	0	0.3137743	0	0.9494976	10.8304	3.080933	-1.921326	-315	1.8	345	
588.2916	COLLISION_NONE	NOT_SWITCH	NOT_RESET	NOT_WAYPOINT	-300.4174	1.8	326.5933	0	0.3219682	0	0.9467505	10.81882	3.049591	-1.939053	-315	1.8	345	
588.3116	COLLISION_NONE	NOT_SWITCH	NOT_RESET	NOT_WAYPOINT	-299.9936	1.8	326.6868	0	0.3288216	0	0.9443921	10.85126	3.034393	-1.961234	-315	1.8	345	
588.3316	COLLISION_NONE	NOT_SWITCH	NOT_RESET	TRIGGER_WAYPOINT	-299.5679	1.8	326.7728	0	0.333926	0	0.9425993	10.89361	3.034576	-1.965745	-286.4683	1.8	335.7295	
588.3516	COLLISION_NONE	NOT_SWITCH	NOT_RESET	TRIGGER_WAYPOINT	-299.1404	1.8	326.8517	0	0.338289	0	0.9410423	10.9653	2.969971	-2.003839	-315	1.8	326.459	
588.3716	COLLISION_NONE	NOT_SWITCH	NOT_RESET	TRIGGER_WAYPOINT	-298.7091	1.8	326.9175	0	0.3393059	0	0.9406761	10.99015	2.925049	-1.989589	-286.4683	1.8	317.1885	
588.3917	COLLISION_NONE	NOT_SWITCH	NOT_RESET	TRIGGER_WAYPOINT	-298.2748	1.8	326.9806	0	0.3400327	0	0.9404137	10.99493	2.881439	-1.963794	-304.1019	1.8	341.459	
588.4117	COLLISION_NONE	NOT_SWITCH	NOT_RESET	NOT_WAYPOINT	-297.8397	1.8	327.0425	0	0.3406146	0	0.9402031	10.99879	2.855927	-1.944594	-304.1019	1.8	341.459	
588.4317	COLLISION_NONE	NOT_SWITCH	NOT_RESET	NOT_WAYPOINT	-297.4042	1.8	327.1038	0	0.3411246	0	0.9400182	11.01453	2.792084	-1.920139	-304.1019	1.8	341.459	
588.4517	COLLISION_NONE	NOT_SWITCH	NOT_RESET	NOT_WAYPOINT	-296.9687	1.8	327.1647	0	0.3420555	0	0.9396798	11.03054	2.739166	-1.860804	-304.1019	1.8	341.459	
588.4717	COLLISION_NONE	NOT_SWITCH	NOT_RESET	NOT_WAYPOINT	-296.5331	1.8	327.2243	0	0.3425044	0	0.9395162	11.05642	2.717804	-1.844802	-304.1019	1.8	341.459	
588.4918	COLLISION_NONE	NOT_SWITCH	NOT_RESET	NOT_WAYPOINT	-296.0974	1.8	327.2838	0	0.3429505	0	0.9393535	11.07854	2.688202	-1.812645	-304.1019	1.8	341.459	
588.5118	COLLISION_NONE	NOT_SWITCH	NOT_RESET	NOT_WAYPOINT	-295.6616	1.8	327.343	0	0.3433965	0	0.9391906	11.11528	2.68454	-1.803593	-304.1019	1.8	341.459	
588.5318	COLLISION_NONE	NOT_SWITCH	NOT_RESET	NOT_WAYPOINT	-295.2258	1.8	327.4018	0	0.3438436	0	0.939027	11.14019	2.693665	-1.794889	-304.1019	1.8	341.459	
588.5518	COLLISION_NONE	NOT_SWITCH	NOT_RESET	NOT_WAYPOINT	-294.7899	1.8	327.4601	0	0.3447449	0	0.9386964	11.21964	2.698669	-1.777677	-304.1019	1.8	341.459	
588.5718	COLLISION_NONE	NOT_SWITCH	NOT_RESET	NOT_WAYPOINT	-294.354	1.8	327.5172	0	0.3451998	0	0.9385293	11.26712	2.672699	-1.777699	-304.1019	1.8	341.459	
588.5919	COLLISION_NONE	NOT_SWITCH	NOT_RESET	NOT_WAYPOINT	-293.918	1.8	327.5743	0	0.3456572	0	0.9383609	11.28118	2.65509	-1.789337	-304.1019	1.8	341.459	
588.6119	COLLISION_NONE	NOT_SWITCH	NOT_RESET	NOT_WAYPOINT	-293.4819	1.8	327.631	0	0.3461181	0	0.9381909	11.33477	2.685364	-1.787209	-304.1019	1.8	341.459	
588.6319	COLLISION_NONE	NOT_SWITCH	NOT_RESET	NOT_WAYPOINT	-293.0457	1.8	327.6872	0	0.3465813	0	0.9380199	11.35	2.631531	-1.785739	-304.1019	1.8	341.459	
588.6519	COLLISION_NONE	NOT_SWITCH	NOT_RESET	NOT_WAYPOINT	-292.6096	1.8	327.743	0	0.3475164	0	0.9376739	11.42345	2.596649	-1.74177	-304.1019	1.8	341.459	
588.6719	COLLISION_NONE	NOT_SWITCH	NOT_RESET	NOT_WAYPOINT	-292.2076	1.8	327.8249	0	0.3479884	0	0.9374989	11.46606	2.57254	-1.762874	-304.1019	1.8	341.459	
588.692	COLLISION_NONE	NOT_SWITCH	NOT_RESET	NOT_WAYPOINT	-291.8222	1.8	327.9201	0	0.3484627	0	0.9373227	11.48408	2.529175	-1.755564	-304.1019	1.8	341.459	
588.712	COLLISION_NONE	NOT_SWITCH	NOT_RESET	NOT_WAYPOINT	-291.4538	1.8	328.0283	0	0.3489388	0	0.9371456	11.49837	2.513489	-1.759609	-304.1019	1.8	341.459	
588.732	COLLISION_NONE	NOT_SWITCH	NOT_RESET	NOT_WAYPOINT	-291.1025	1.8	328.1491	0	0.3494169	0	0.9369674	11.52825	2.469696	-1.752671	-304.1019	1.8	341.459	
588.752	COLLISION_NONE	NOT_SWITCH	NOT_RESET	NOT_WAYPOINT	-290.7683	1.8	328.2824	0	0.3503791	0	0.936608	11.57179	2.392151	-1.743269	-304.1019	1.8	341.459	
588.772	COLLISION_NONE	NOT_SWITCH	NOT_RESET	NOT_WAYPOINT	-290.5591	1.8	328.5218	0	0.3508628	0	0.9364269	11.59408	2.33609	-1.735475	-304.1019	1.8	341.459	
588.7921	COLLISION_NONE	NOT_SWITCH	NOT_RESET	NOT_WAYPOINT	-290.4386	1.8	328.8407	0	0.3513482	0	0.9362449	11.61977	2.292389	-1.728467	-304.1019	1.8	341.459	
588.8121	COLLISION_NONE	NOT_SWITCH	NOT_RESET	NOT_WAYPOINT	-290.3947	1.8	329.2303	0	0.3518365	0	0.9360616	11.6762	2.104401	-1.691617	-304.1019	1.8	341.459	
588.8321	COLLISION_NONE	NOT_SWITCH	NOT_RESET	NOT_WAYPOINT	-290.3891	1.8	329.6562	0	0.3528218	0	0.9356905	11.73245	1.977631	-1.640448	-304.1019	1.8	341.459	
588.8521	COLLISION_NONE	NOT_SWITCH	NOT_RESET	NOT_WAYPOINT	-290.4097	1.8	330.1089	0	0.3533174	0	0.9355035	11.74615	1.886444	-1.593987	-304.1019	1.8	341.459	
588.8721	COLLISION_NONE	NOT_SWITCH	NOT_RESET	NOT_WAYPOINT	-290.4246	1.8	330.5556	0	0.3538142	0	0.9353158	11.75843	1.816284	-1.5642	-304.1019	1.8	341.459	
588.8922	COLLISION_NONE	NOT_SWITCH	NOT_RESET	NOT_WAYPOINT	-290.4509	1.8	330.9836	0	0.3543119	0	0.9351274	11.76771	1.75589	-1.524764	-304.1019	1.8	341.459	
588.9122	COLLISION_NONE	NOT_SWITCH	NOT_RESET	NOT_WAYPOINT	-290.4902	1.8	331.3942	0	0.3548101	0	0.9349384	11.7739	1.713776	-1.477304	-304.1019	1.8	341.459	
588.9322	COLLISION_NONE	NOT_SWITCH	NOT_RESET	NOT_WAYPOINT	-290.5326	1.8	331.7987	0	0.3558087	0	0.9345589	11.81081	1.618103	-1.389487	-304.1019	1.8	341.459	
588.9522	COLLISION_NONE	NOT_SWITCH	NOT_RESET	NOT_WAYPOINT	-290.5755	1.8	332.1972	0	0.3563097	0	0.934368	11.82151	1.606354	-1.378239	-304.1019	1.8	341.459	
588.9722	COLLISION_NONE	NOT_SWITCH	NOT_RESET	NOT_WAYPOINT	-290.6226	1.8	332.5885	0	0.3568113	0	0.9341766	11.82495	1.521301	-1.322889	-304.1019	1.8	341.459	
588.9922	COLLISION_NONE	NOT_SWITCH	NOT_RESET	NOT_WAYPOINT	-290.6784	1.8	332.9675	0	0.3573139	0	0.9339843	11.84869	1.473602	-1.28814	-304.1019	1.8	341.459	
589.0123	COLLISION_NONE	NOT_SWITCH	NOT_RESET	NOT_WAYPOINT	-290.7503	1.8	333.3263	0	0.3578166	0	0.9337919	11.83979	1.430023	-1.262193	-304.1019	1.8	341.459	
589.0323	COLLISION_NONE	NOT_SWITCH	NOT_RESET	NOT_WAYPOINT	-290.8499	1.8	333.6525	0	0.3588223	0	0.9334059	11.84677	1.329498	-1.210664	-304.1019	1.8	341.459	
589.0523	COLLISION_NONE	NOT_SWITCH	NOT_RESET	NOT_WAYPOINT	-291.0377	1.8	333.8784	0	0.3593248	0	0.9332126	11.84131	1.282013	-1.185772	-304.1019	1.8	341.459	
589.0723	COLLISION_NONE	NOT_SWITCH	NOT_RESET	NOT_WAYPOINT	-291.3029	1.8	334.0221	0	0.3598274	0	0.933019	11.83791	1.27829	-1.186512	-304.1019	1.8	341.459	
589.0923	COLLISION_NONE	NOT_SWITCH	NOT_RESET	NOT_WAYPOINT	-291.6408	1.8	334.0905	0	0.3603311	0	0.9328244	11.87695	1.280518	-1.187316	-304.1019	1.8	341.459	
589.1124	COLLISION_NONE	NOT_SWITCH	NOT_RESET	NOT_WAYPOINT	-292.0218	1.8	334.1155	0	0.3608364	0	0.9326292	11.89901	1.283325	-1.187364	-304.1019	1.8	341.459	
589.1324	COLLISION_NONE	NOT_SWITCH	NOT_RESET	NOT_WAYPOINT	-292.42	1.8	334.124	0	0.361852	0	0.9322356	11.94635	1.296722	-1.171377	-304.1019	1.8	341.459	
589.1524	COLLISION_NONE	NOT_SWITCH	NOT_RESET	NOT_WAYPOINT	-292.8295	1.8	334.1237	0	0.3623622	0	0.9320374	11.96469	1.308472	-1.158386	-304.1019	1.8	341.459	
589.1724	COLLISION_NONE	NOT_SWITCH	NOT_RESET	NOT_WAYPOINT	-293.2357	1.8	334.1253	0	0.3628728	0	0.9318387	11.95377	1.296509	-1.157299	-304.1019	1.8	341.459	
589.1924	COLLISION_NONE	NOT_SWITCH	NOT_RESET	NOT_WAYPOINT	-293.64	1.8	334.128	0	0.3633852	0	0.931639	11.99389	1.281342	-1.155055	-304.1019	1.8	341.459	
589.2125	COLLISION_NONE	NOT_SWITCH	NOT_RESET	NOT_WAYPOINT	-294.0445	1.8	334.1325	0	0.3638977	0	0.931439	11.9796	1.273346	-1.152874	-304.1019	1.8	341.459	
589.2325	COLLISION_NONE	NOT_SWITCH	NOT_RESET	NOT_WAYPOINT	-294.4494	1.8	334.1379	0	0.3649234	0	0.9310375	11.97149	1.258148	-1.185086	-304.1019	1.8	341.459	
589.2525	COLLISION_NONE	NOT_SWITCH	NOT_RESET	NOT_WAYPOINT	-294.8543	1.8	334.1446	0	0.3654353	0	0.9308367	11.9677	1.240997	-1.196232	-304.1019	1.8	341.459	
589.2725	COLLISION_NONE	NOT_SWITCH	NOT_RESET	NOT_WAYPOINT	-295.2594	1.8	334.1514	0	0.3659453	0	0.9306364	11.92799	1.206421	-1.195935	-304.1019	1.8	341.459	
589.2925	COLLISION_NONE	NOT_SWITCH	NOT_RESET	NOT_WAYPOINT	-295.6643	1.8	334.1586	0	0.3664533	0	0.9304366	11.92437	1.192139	-1.202813	-304.1019	1.8	341.459	
589.3126	COLLISION_NONE	NOT_SWITCH	NOT_RESET	NOT_WAYPOINT	-296.0693	1.8	334.1662	0	0.3674639	0	0.9300378	11.86563	1.134491	-1.174838	-304.1019	1.8	341.459	
589.3326	COLLISION_NONE	NOT_SWITCH	NOT_RESET	NOT_WAYPOINT	-296.4741	1.8	334.1751	0	0.3679664	0	0.9298391	11.84669	1.141113	-1.179834	-304.1019	1.8	341.459	
589.3526	COLLISION_NONE	NOT_SWITCH	NOT_RESET	NOT_WAYPOINT	-296.8791	1.8	334.1841	0	0.3684677	0	0.9296406	11.84191	1.121979	-1.21304	-304.1019	1.8	341.459	
589.3726	COLLISION_NONE	NOT_SWITCH	NOT_RESET	NOT_WAYPOINT	-297.284	1.8	334.1935	0	0.3689672	0	0.9294425	11.81457	1.091583	-1.201277	-304.1019	1.8	341.459	
589.3926	COLLISION_NONE	NOT_SWITCH	NOT_RESET	NOT_WAYPOINT	-297.6814	1.8	334.1968	0	0.3694653	0	0.9292445	11.80376	1.102661	-1.194665	-304.1019	1.8	341.459	
589.4127	COLLISION_NONE	NOT_SWITCH	NOT_RESET	NOT_WAYPOINT	-298.0623	1.8	334.186	0	0.3704574	0	0.9288495	11.79307	1.069733	-1.191303	-304.1019	1.8	341.459	
589.4327	COLLISION_NONE	NOT_SWITCH	NOT_RESET	NOT_WAYPOINT	-298.41	1.8	334.1475	0	0.3709529	0	0.9286517	11.79097	1.066193	-1.163241	-304.1019	1.8	341.459	
589.4527	COLLISION_NONE	NOT_SWITCH	NOT_RESET	NOT_WAYPOINT	-298.7411	1.8	334.0954	0	0.3714478	0	0.9284539	11.7874	1.063416	-1.167353	-304.1019	1.8	341.459	
589.4727	COLLISION_NONE	NOT_SWITCH	NOT_RESET	NOT_WAYPOINT	-299.0556	1.8	334.0298	0	0.3719415	0	0.9282562	11.76696	1.055786	-1.150444	-304.1019	1.8	341.459	
589.4927	COLLISION_NONE	NOT_SWITCH	NOT_RESET	NOT_WAYPOINT	-299.3647	1.8	333.9616	0	0.3724341	0	0.9280586	11.75117	1.083344	-1.157786	-304.1019	1.8	341.459	
589.5128	COLLISION_NONE	NOT_SWITCH	NOT_RESET	NOT_WAYPOINT	-299.6712	1.8	333.8936	0	0.3734172	0	0.9276636	11.7356	1.118286	-1.177726	-304.1019	1.8	341.459	
589.5328	COLLISION_NONE	NOT_SWITCH	NOT_RESET	NOT_WAYPOINT	-299.9686	1.8	333.8224	0	0.3739065	0	0.9274664	11.70692	1.154022	-1.168264	-304.1019	1.8	341.459	
589.5528	COLLISION_NONE	NOT_SWITCH	NOT_RESET	NOT_WAYPOINT	-300.2483	1.8	333.7355	0	0.3743947	0	0.9272695	11.702	1.181946	-1.179532	-304.1019	1.8	341.459	
589.5728	COLLISION_NONE	NOT_SWITCH	NOT_RESET	NOT_WAYPOINT	-300.5013	1.8	333.6237	0	0.3748816	0	0.9270728	11.68664	1.184357	-1.20001	-304.1019	1.8	341.459	
589.5928	COLLISION_NONE	NOT_SWITCH	NOT_RESET	NOT_WAYPOINT	-300.7172	1.8	333.4753	0	0.3753674	0	0.9268762	11.68286	1.206421	-1.205449	-304.1019	1.8	341.459	
589.6129	COLLISION_NONE	NOT_SWITCH	NOT_RESET	NOT_WAYPOINT	-300.8869	1.8	333.2795	0	0.3763343	0	0.9264839	11.64473	1.183655	-1.263536	-304.1019	1.8	341.459	
589.6329	COLLISION_NONE	NOT_SWITCH	NOT_RESET	NOT_WAYPOINT	-300.9585	1.8	332.9785	0	0.3768152	0	0.9262885	11.6258	1.190277	-1.268542	-304.1019	1.8	341.459	
589.6529	COLLISION_NONE	NOT_SWITCH	NOT_RESET	NOT_WAYPOINT	-300.9844	1.8	332.6293	0	0.3772956	0	0.9260929	11.61443	1.184998	-1.276572	-304.1019	1.8	341.459	
589.6729	COLLISION_NONE	NOT_SWITCH	NOT_RESET	NOT_WAYPOINT	-300.9824	1.8	332.2509	0	0.3777759	0	0.9258971	11.61786	1.185547	-1.294584	-304.1019	1.8	341.459	
589.6929	COLLISION_NONE	NOT_SWITCH	NOT_RESET	NOT_WAYPOINT	-300.9651	1.8	331.8562	0	0.3782574	0	0.9257005	11.65283	1.207855	-1.308543	-304.1019	1.8	341.459	
589.713	COLLISION_NONE	NOT_SWITCH	NOT_RESET	NOT_WAYPOINT	-300.9443	1.8	331.4571	0	0.3792244	0	0.9253048	11.69701	1.244781	-1.362584	-304.1019	1.8	341.459	
589.733	COLLISION_NONE	NOT_SWITCH	NOT_RESET	NOT_WAYPOINT	-300.9241	1.8	331.0567	0	0.3797094	0	0.9251058	11.69666	1.211273	-1.374107	-304.1019	1.8	341.459	
589.753	COLLISION_NONE	NOT_SWITCH	NOT_RESET	NOT_WAYPOINT	-300.9042	1.8	330.657	0	0.3801948	0	0.9249065	11.69225	1.201691	-1.397819	-304.1019	1.8	341.459	
589.773	COLLISION_NONE	NOT_SWITCH	NOT_RESET	NOT_WAYPOINT	-300.8848	1.8	330.2572	0	0.3806795	0	0.9247071	11.69225	1.201691	-1.397819	-304.1019	1.8	341.459	
589.793	COLLISION_NONE	NOT_SWITCH	NOT_RESET	NOT_WAYPOINT	-300.8658	1.8	329.8574	0	0.3811643	0	0.9245074	11.68378	1.195282	-1.417082	-304.1019	1.8	341.459	
589.813	COLLISION_NONE	NOT_SWITCH	NOT_RESET	NOT_WAYPOINT	-300.8472	1.8	329.4576	0	0.3821363	0	0.9241061	11.72387	1.180206	-1.414846	-304.1019	1.8	341.459	
589.8331	COLLISION_NONE	NOT_SWITCH	NOT_RESET	NOT_WAYPOINT	-300.8298	1.8	329.0578	0	0.3826236	0	0.9239043	11.72351	1.174438	-1.42339	-304.1019	1.8	341.459	
589.8531	COLLISION_NONE	NOT_SWITCH	NOT_RESET	NOT_WAYPOINT	-300.8125	1.8	328.6579	0	0.3831114	0	0.9237022	11.72797	1.184692	-1.417508	-304.1019	1.8	341.459	
589.8731	COLLISION_NONE	NOT_SWITCH	NOT_RESET	NOT_WAYPOINT	-300.7956	1.8	328.258	0	0.3835991	0	0.9234997	11.72346	1.238495	-1.419006	-304.1019	1.8	341.459	
589.8931	COLLISION_NONE	NOT_SWITCH	NOT_RESET	NOT_WAYPOINT	-300.7791	1.8	327.8581	0	0.3840876	0	0.9232967	11.74097	1.239655	-1.426558	-304.1019	1.8	341.459	
589.9131	COLLISION_NONE	NOT_SWITCH	NOT_RESET	NOT_WAYPOINT	-300.7631	1.8	327.4581	0	0.3850661	0	0.9228891	11.74696	1.284302	-1.441407	-304.1019	1.8	341.459	
589.9332	COLLISION_NONE	NOT_SWITCH	NOT_RESET	NOT_WAYPOINT	-300.7482	1.8	327.0583	0	0.3855557	0	0.9226847	11.75059	1.263885	-1.457171	-304.1019	1.8	341.459	
589.9532	COLLISION_NONE	NOT_SWITCH	NOT_RESET	TRIGGER_WAYPOINT	-300.7334	1.8	326.6582	0	0.3860458	0	0.9224796	11.76385	1.285431	-1.463327	-304.1019	1.8	311.459	
589.9732	COLLISION_NONE	NOT_SWITCH	NOT_RESET	NOT_WAYPOINT	-300.7191	1.8	326.2582	0	0.3865364	0	0.9222742	11.76375	1.270111	-1.466972	-304.1019	1.8	311.459	
589.9932	COLLISION_NONE	NOT_SWITCH	NOT_RESET	NOT_WAYPOINT	-300.7051	1.8	325.8582	0	0.3870275	0	0.9220681	11.772	1.269806	-1.452886	-304.1019	1.8	311.459	
590.0132	COLLISION_NONE	NOT_SWITCH	NOT_RESET	NOT_WAYPOINT	-300.6916	1.8	325.4582	0	0.3887873	0	0.9213276	11.80941	1.246338	-1.434526	-304.1019	1.8	311.459	
590.0333	COLLISION_NONE	NOT_SWITCH	NOT_RESET	NOT_WAYPOINT	-300.6798	1.8	325.0585	0	0.3909103	0	0.9204288	11.81736	1.254852	-1.407577	-304.1019	1.8	311.459	
590.0533	COLLISION_NONE	NOT_SWITCH	NOT_RESET	NOT_WAYPOINT	-300.6694	1.8	324.6587	0	0.3943513	0	0.9189598	11.83937	1.250031	-1.409471	-304.1019	1.8	311.459	
590.0733	COLLISION_NONE	NOT_SWITCH	NOT_RESET	NOT_WAYPOINT	-300.6612	1.8	324.2595	0	0.3994529	0	0.9167538	11.86428	1.247192	-1.403869	-304.1019	1.8	311.459	
590.0933	COLLISION_NONE	NOT_SWITCH	NOT_RESET	NOT_WAYPOINT	-300.6559	1.8	323.8609	0	0.413171	0	0.9106534	11.86199	1.248383	-1.378249	-304.1019	1.8	311.459	
590.1133	COLLISION_NONE	NOT_SWITCH	NOT_RESET	NOT_WAYPOINT	-300.658	1.8	323.4642	0	0.4207333	0	0.9071844	11.86546	1.259766	-1.375658	-304.1019	1.8	311.459	
590.1334	COLLISION_NONE	NOT_SWITCH	NOT_RESET	NOT_WAYPOINT	-300.6657	1.8	323.0677	0	0.4284502	0	0.9035655	11.85271	1.215302	-1.360548	-304.1019	1.8	311.459	
590.1534	COLLISION_NONE	NOT_SWITCH	NOT_RESET	NOT_WAYPOINT	-300.679	1.8	322.6715	0	0.4362274	0	0.8998365	11.87394	1.218292	-1.360592	-304.1019	1.8	311.459	
590.1734	COLLISION_NONE	NOT_SWITCH	NOT_RESET	NOT_WAYPOINT	-300.6982	1.8	322.2757	0	0.4440177	0	0.8960181	11.87831	1.189301	-1.360419	-304.1019	1.8	311.459	
590.1934	COLLISION_NONE	NOT_SWITCH	NOT_RESET	NOT_WAYPOINT	-300.7234	1.8	321.8805	0	0.4517973	0	0.8921207	11.89692	1.187683	-1.343465	-304.1019	1.8	311.459	
590.2134	COLLISION_NONE	NOT_SWITCH	NOT_RESET	NOT_WAYPOINT	-300.7549	1.8	321.486	0	0.4672813	0	0.8841088	11.87322	1.186096	-1.303375	-304.1019	1.8	311.459	
590.2335	COLLISION_NONE	NOT_SWITCH	NOT_RESET	NOT_WAYPOINT	-300.7993	1.8	321.0934	0	0.4749759	0	0.8799988	11.85291	1.145874	-1.287014	-304.1019	1.8	311.459	
590.2535	COLLISION_NONE	NOT_SWITCH	NOT_RESET	NOT_WAYPOINT	-300.8508	1.8	320.7015	0	0.4826357	0	0.8758212	11.82811	1.147064	-1.271433	-304.1019	1.8	311.459	
590.2735	COLLISION_NONE	NOT_SWITCH	NOT_RESET	NOT_WAYPOINT	-300.9133	1.8	320.3182	0	0.4902596	0	0.8715765	11.81159	1.116394	-1.24572	-304.1019	1.8	311.459	
590.2935	COLLISION_NONE	NOT_SWITCH	NOT_RESET	NOT_WAYPOINT	-300.9904	1.8	319.9504	0	0.5053955	0	0.8628878	11.78098	1.08136	-1.231322	-304.1019	1.8	311.459	
590.3135	COLLISION_NONE	NOT_SWITCH	NOT_RESET	NOT_WAYPOINT	-301.0938	1.8	319.6159	0	0.5129062	0	0.8584446	11.77623	1.076813	-1.243087	-304.1019	1.8	311.459	
590.3336	COLLISION_NONE	NOT_SWITCH	NOT_RESET	NOT_WAYPOINT	-301.2094	1.8	319.2989	0	0.5203779	0	0.8539361	11.75219	1.027191	-1.235967	-304.1019	1.8	311.459	
590.3536	COLLISION_NONE	NOT_SWITCH	NOT_RESET	NOT_WAYPOINT	-301.3362	1.8	319	0	0.52781	0	0.8493626	11.735	1.020386	-1.222556	-304.1019	1.8	311.459	
590.3736	COLLISION_NONE	NOT_SWITCH	NOT_RESET	NOT_WAYPOINT	-301.4729	1.8	318.7199	0	0.5352018	0	0.8447242	11.71762	0.9753418	-1.218184	-304.1019	1.8	311.459	
590.3936	COLLISION_NONE	NOT_SWITCH	NOT_RESET	NOT_WAYPOINT	-301.6187	1.8	318.4591	0	0.5498627	0	0.835255	11.66225	0.9378967	-1.188979	-304.1019	1.8	311.459	
590.4136	COLLISION_NONE	NOT_SWITCH	NOT_RESET	NOT_WAYPOINT	-301.8231	1.8	318.3196	0	0.5571307	0	0.8304248	11.66686	0.9465027	-1.161914	-304.1019	1.8	311.459	
590.4337	COLLISION_NONE	NOT_SWITCH	NOT_RESET	NOT_WAYPOINT	-302.0799	1.8	318.2871	0	0.5643562	0	0.8255314	11.6418	0.9219971	-1.155991	-304.1019	1.8	311.459	
590.4537	COLLISION_NONE	NOT_SWITCH	NOT_RESET	NOT_WAYPOINT	-302.3875	1.8	318.3617	0	0.5715387	0	0.8205751	11.61729	0.9415283	-1.132462	-304.1019	1.8	311.459	
590.4737	COLLISION_NONE	NOT_SWITCH	NOT_RESET	NOT_WAYPOINT	-302.7307	1.8	318.5179	0	0.5786778	0	0.8155563	11.59783	0.9637146	-1.090491	-304.1019	1.8	311.459	
590.4937	COLLISION_NONE	NOT_SWITCH	NOT_RESET	NOT_WAYPOINT	-303.0818	1.8	318.7018	0	0.5928231	0	0.8053328	11.60085	0.95401	-1.100097	-304.1019	1.8	311.459	
590.5137	COLLISION_NONE	NOT_SWITCH	NOT_RESET	NOT_WAYPOINT	-303.4297	1.8	318.9055	0	0.5998283	0	0.8001288	11.60537	0.8973694	-1.102831	-304.1019	1.8	311.459	
590.5338	COLLISION_NONE	NOT_SWITCH	NOT_RESET	NOT_WAYPOINT	-303.7749	1.8	319.1123	0	0.6067878	0	0.7948639	11.5992	0.800293	-1.10391	-304.1019	1.8	311.459	
590.5538	COLLISION_NONE	NOT_SWITCH	NOT_RESET	NOT_WAYPOINT	-304.1172	1.8	319.3227	0	0.6132674	0	0.7898754	11.63265	0.7260742	-1.108296	-304.1019	1.8	311.459	
590.5738	COLLISION_NONE	NOT_SWITCH	NOT_RESET	NOT_WAYPOINT	-304.4562	1.8	319.5375	0	0.6193576	0	0.785109	11.62	0.6980591	-1.092782	-304.1019	1.8	311.459	
590.5938	COLLISION_NONE	NOT_SWITCH	NOT_RESET	NOT_WAYPOINT	-304.7918	1.8	319.7569	0	0.6300293	0	0.7765714	11.66235	0.60849	-1.057971	-304.1019	1.8	311.459	
590.6138	COLLISION_NONE	NOT_SWITCH	NOT_RESET	NOT_WAYPOINT	-305.1202	1.8	319.986	0	0.6343377	0	0.7730561	11.70031	0.5752258	-1.034923	-304.1019	1.8	311.459	
590.6339	COLLISION_NONE	NOT_SWITCH	NOT_RESET	NOT_WAYPOINT	-305.4456	1.8	320.2207	0	0.637145	0	0.770744	11.71542	0.5631104	-1.023965	-304.1019	1.8	311.459	
590.6539	COLLISION_NONE	NOT_SWITCH	NOT_RESET	NOT_WAYPOINT	-305.7686	1.8	320.4603	0	0.6387473	0	0.7694167	11.70858	0.5050964	-1.033831	-304.1019	1.8	311.459	
590.6739	COLLISION_NONE	NOT_SWITCH	NOT_RESET	NOT_WAYPOINT	-306.0898	1.8	320.7037	0	0.6397488	0	0.7685842	11.70733	0.4631653	-1.014868	-304.1019	1.8	311.459	
590.6939	COLLISION_NONE	NOT_SWITCH	NOT_RESET	NOT_WAYPOINT	-306.4103	1.8	320.95	0	0.6410012	0	0.7675399	11.69868	0.3309937	-1.00619	-304.1019	1.8	311.459	
590.7139	COLLISION_NONE	NOT_SWITCH	NOT_RESET	NOT_WAYPOINT	-306.7298	1.8	321.1993	0	0.6414773	0	0.7671421	11.70044	0.2755127	-0.9977943	-304.1019	1.8	311.459	
590.7339	COLLISION_NONE	NOT_SWITCH	NOT_RESET	NOT_WAYPOINT	-307.0494	1.8	321.4481	0	0.6419151	0	0.7667756	11.68505	0.1904907	-0.9812431	-304.1019	1.8	311.459	
590.754	COLLISION_NONE	NOT_SWITCH	NOT_RESET	NOT_WAYPOINT	-307.3688	1.8	321.6972	0	0.6423337	0	0.7664251	11.68332	0.1125488	-0.9636096	-304.1019	1.8	311.459	
590.774	COLLISION_NONE	NOT_SWITCH	NOT_RESET	NOT_WAYPOINT	-307.6879	1.8	321.9467	0	0.6431428	0	0.7657463	11.64247	-0.002105713	-0.906076	-304.1019	1.8	311.459	
590.794	COLLISION_NONE	NOT_SWITCH	NOT_RESET	NOT_WAYPOINT	-308.0061	1.8	322.1971	0	0.6435404	0	0.7654122	11.63934	-0.04199219	-0.9081643	-304.1019	1.8	311.459	
590.814	COLLISION_NONE	NOT_SWITCH	NOT_RESET	NOT_WAYPOINT	-308.3245	1.8	322.4476	0	0.6439361	0	0.7650793	11.62569	-0.138092	-0.86544	-304.1019	1.8	311.459	
590.834	COLLISION_NONE	NOT_SWITCH	NOT_RESET	NOT_WAYPOINT	-308.6425	1.8	322.6984	0	0.6443312	0	0.7647466	11.64308	-0.1795654	-0.8220369	-304.1019	1.8	311.459	
590.8541	COLLISION_NONE	NOT_SWITCH	NOT_RESET	NOT_WAYPOINT	-308.9603	1.8	322.9495	0	0.644727	0	0.764413	11.67532	-0.2355957	-0.7898791	-304.1019	1.8	311.459	
590.8741	COLLISION_NONE	NOT_SWITCH	NOT_RESET	NOT_WAYPOINT	-309.2778	1.8	323.201	0	0.6455199	0	0.7637434	11.7052	-0.3152161	-0.7451988	-304.1019	1.8	311.459	
590.8941	COLLISION_NONE	NOT_SWITCH	NOT_RESET	NOT_WAYPOINT	-309.5945	1.8	323.4533	0	0.6459184	0	0.7634065	11.74152	-0.3972168	-0.7086805	-304.1019	1.8	311.459	
590.9141	COLLISION_NONE	NOT_SWITCH	NOT_RESET	NOT_WAYPOINT	-309.9113	1.8	323.7058	0	0.6463183	0	0.763068	11.76456	-0.4453735	-0.7031511	-304.1019	1.8	311.459	
590.9341	COLLISION_NONE	NOT_SWITCH	NOT_RESET	NOT_WAYPOINT	-310.2278	1.8	323.9586	0	0.6467184	0	0.7627289	11.75962	-0.4953918	-0.6823569	-304.1019	1.8	311.459	
590.9542	COLLISION_NONE	NOT_SWITCH	NOT_RESET	NOT_WAYPOINT	-310.5439	1.8	324.2117	0	0.647119	0	0.7623891	11.76898	-0.5033875	-0.6558679	-304.1019	1.8	311.459	
590.9742	COLLISION_NONE	NOT_SWITCH	NOT_RESET	TRIGGER_WAYPOINT	-310.8599	1.8	324.4651	0	0.6479186	0	0.7617096	11.75393	-0.5487366	-0.6191059	-321.7354	1.8	335.7295	
590.9942	COLLISION_NONE	NOT_SWITCH	NOT_RESET	NOT_WAYPOINT	-311.175	1.8	324.7195	0	0.6483189	0	0.7613689	11.78025	-0.5617676	-0.6090167	-321.7354	1.8	335.7295	
591.0142	COLLISION_NONE	NOT_SWITCH	NOT_RESET	NOT_WAYPOINT	-311.4901	1.8	324.9739	0	0.6487195	0	0.7610276	11.78557	-0.5783081	-0.5951458	-321.7354	1.8	335.7295	
591.0342	COLLISION_NONE	NOT_SWITCH	NOT_RESET	NOT_WAYPOINT	-311.805	1.8	325.2287	0	0.649121	0	0.7606852	11.81107	-0.5758667	-0.5814062	-321.7354	1.8	335.7295	
591.0543	COLLISION_NONE	NOT_SWITCH	NOT_RESET	NOT_WAYPOINT	-312.1196	1.8	325.4838	0	0.6495236	0	0.7603415	11.82825	-0.5627747	-0.5899386	-321.7354	1.8	335.7295	
591.0743	COLLISION_NONE	NOT_SWITCH	NOT_RESET	NOT_WAYPOINT	-312.434	1.8	325.7392	0	0.6503304	0	0.7596515	11.84842	-0.5288696	-0.6008149	-321.7354	1.8	335.7295	
591.0943	COLLISION_NONE	NOT_SWITCH	NOT_RESET	NOT_WAYPOINT	-312.7474	1.8	325.9956	0	0.6507345	0	0.7593052	11.83391	-0.5626221	-0.6225143	-321.7354	1.8	335.7295	
591.1143	COLLISION_NONE	NOT_SWITCH	NOT_RESET	NOT_WAYPOINT	-313.061	1.8	326.252	0	0.6511387	0	0.7589588	11.8426	-0.5337219	-0.641298	-321.7354	1.8	335.7295	
591.1343	COLLISION_NONE	NOT_SWITCH	NOT_RESET	NOT_WAYPOINT	-313.3742	1.8	326.5088	0	0.6515419	0	0.7586126	11.81972	-0.5055237	-0.64793	-321.7354	1.8	335.7295	
591.1544	COLLISION_NONE	NOT_SWITCH	NOT_RESET	NOT_WAYPOINT	-313.6872	1.8	326.7659	0	0.6519445	0	0.7582667	11.81184	-0.4967346	-0.6634833	-321.7354	1.8	335.7295	
591.1744	COLLISION_NONE	NOT_SWITCH	NOT_RESET	NOT_WAYPOINT	-313.9999	1.8	327.0234	0	0.6527455	0	0.7575773	11.77177	-0.4740601	-0.659824	-321.7354	1.8	335.7295	
591.1944	COLLISION_NONE	NOT_SWITCH	NOT_RESET	NOT_WAYPOINT	-314.3117	1.8	327.2817	0	0.6531439	0	0.7572339	11.76693	-0.447937	-0.6642447	-321.7354	1.8	335.7295	
591.2144	COLLISION_NONE	NOT_SWITCH	NOT_RESET	NOT_WAYPOINT	-314.6236	1.8	327.5402	0	0.653542	0	0.7568904	11.76183	-0.4365234	-0.6901112	-321.7354	1.8	335.7295	
591.2344	COLLISION_NONE	NOT_SWITCH	NOT_RESET	NOT_WAYPOINT	-314.9352	1.8	327.7989	0	0.6539398	0	0.7565466	11.76225	-0.438385	-0.6833494	-321.7354	1.8	335.7295	
591.2545	COLLISION_NONE	NOT_SWITCH	NOT_RESET	NOT_WAYPOINT	-315.2466	1.8	328.058	0	0.6543381	0	0.7562022	11.78071	-0.4460754	-0.6752484	-321.7354	1.8	335.7295	
591.2745	COLLISION_NONE	NOT_SWITCH	NOT_RESET	NOT_WAYPOINT	-315.5576	1.8	328.3174	0	0.6551364	0	0.7555107	11.80407	-0.4493713	-0.6554596	-321.7354	1.8	335.7295	
591.2945	COLLISION_NONE	NOT_SWITCH	NOT_RESET	NOT_WAYPOINT	-315.8679	1.8	328.5777	0	0.655537	0	0.7551631	11.83716	-0.4665833	-0.6467171	-321.7354	1.8	335.7295	
591.3145	COLLISION_NONE	NOT_SWITCH	NOT_RESET	NOT_WAYPOINT	-316.1781	1.8	328.8381	0	0.6559376	0	0.7548151	11.83074	-0.5025024	-0.6477388	-321.7354	1.8	335.7295	
591.3345	COLLISION_NONE	NOT_SWITCH	NOT_RESET	NOT_WAYPOINT	-316.4881	1.8	329.0988	0	0.6563383	0	0.7544668	11.8284	-0.5336914	-0.6370202	-321.7354	1.8	335.7295	
591.3546	COLLISION_NONE	NOT_SWITCH	NOT_RESET	NOT_WAYPOINT	-316.7978	1.8	329.3599	0	0.6571409	0	0.7537677	11.85106	-0.5724487	-0.6365012	-321.7354	1.8	335.7295	
591.3746	COLLISION_NONE	NOT_SWITCH	NOT_RESET	NOT_WAYPOINT	-317.1066	1.8	329.6218	0	0.6575436	0	0.7534165	11.88377	-0.5572815	-0.6272473	-321.7354	1.8	335.7295	
591.3946	COLLISION_NONE	NOT_SWITCH	NOT_RESET	NOT_WAYPOINT	-317.4155	1.8	329.8839	0	0.6579475	0	0.7530638	11.9054	-0.5646057	-0.6371461	-321.7354	1.8	335.7295	
591.4146	COLLISION_NONE	NOT_SWITCH	NOT_RESET	NOT_WAYPOINT	-317.724	1.8	330.1463	0	0.6583525	0	0.7527099	11.91264	-0.5591736	-0.629015	-321.7354	1.8	335.7295	
591.4346	COLLISION_NONE	NOT_SWITCH	NOT_RESET	NOT_WAYPOINT	-318.0281	1.8	330.3873	0	0.6587598	0	0.7523533	11.97787	-0.516449	-0.6110607	-321.7354	1.8	335.7295	
591.4547	COLLISION_NONE	NOT_SWITCH	NOT_RESET	NOT_WAYPOINT	-318.3285	1.8	330.6124	0	0.659636	0	0.7515854	12.01104	-0.4610901	-0.5849288	-321.7354	1.8	335.7295	
591.4747	COLLISION_NONE	NOT_SWITCH	NOT_RESET	NOT_WAYPOINT	-318.6179	1.8	330.7808	0	0.6606715	0	0.7506753	12.03867	-0.4072876	-0.5805415	-321.7354	1.8	335.7295	
591.4947	COLLISION_NONE	NOT_SWITCH	NOT_RESET	NOT_WAYPOINT	-318.8972	1.8	330.8809	0	0.6622744	0	0.7492614	12.04504	-0.3904114	-0.5839887	-321.7354	1.8	335.7295	
591.5147	COLLISION_NONE	NOT_SWITCH	NOT_RESET	NOT_WAYPOINT	-319.163	1.8	330.8758	0	0.6646633	0	0.7471431	12.04146	-0.3510437	-0.5779881	-321.7354	1.8	335.7295	
591.5347	COLLISION_NONE	NOT_SWITCH	NOT_RESET	NOT_WAYPOINT	-319.4154	1.8	330.7523	0	0.667753	0	0.744383	12.02537	-0.3040161	-0.5804117	-321.7354	1.8	335.7295	
591.5547	COLLISION_NONE	NOT_SWITCH	NOT_RESET	NOT_WAYPOINT	-319.6579	1.8	330.5107	0	0.6751335	0	0.7376956	12.0303	-0.2423096	-0.598291	-321.7354	1.8	335.7295	
591.5748	COLLISION_NONE	NOT_SWITCH	NOT_RESET	NOT_WAYPOINT	-319.8989	1.8	330.1523	0	0.6791437	0	0.7340054	12.04163	-0.1982117	-0.6279049	-321.7354	1.8	335.7295	
591.5948	COLLISION_NONE	NOT_SWITCH	NOT_RESET	NOT_WAYPOINT	-320.1419	1.8	329.8155	0	0.6832195	0	0.7302131	12.0748	-0.1852417	-0.6695493	-321.7354	1.8	335.7295	
591.6148	COLLISION_NONE	NOT_SWITCH	NOT_RESET	NOT_WAYPOINT	-320.3882	1.8	329.4924	0	0.6872554	0	0.7264159	12.10182	-0.163269	-0.6978896	-321.7354	1.8	335.7295	
591.6348	COLLISION_NONE	NOT_SWITCH	NOT_RESET	NOT_WAYPOINT	-320.6351	1.8	329.174	0	0.6909556	0	0.7228973	12.16329	-0.1299744	-0.7466304	-321.7354	1.8	335.7295	
591.6548	COLLISION_NONE	NOT_SWITCH	NOT_RESET	NOT_WAYPOINT	-320.8807	1.8	328.8576	0	0.6968523	0	0.7172147	12.26674	-0.1319275	-0.8274114	-321.7354	1.8	335.7295	
591.6749	COLLISION_NONE	NOT_SWITCH	NOT_RESET	NOT_WAYPOINT	-321.127	1.8	328.5474	0	0.6989806	0	0.7151406	12.31012	-0.177948	-0.8512242	-321.7354	1.8	335.7295	
591.6949	COLLISION_NONE	NOT_SWITCH	NOT_RESET	NOT_WAYPOINT	-321.3779	1.8	328.2414	0	0.7006539	0	0.7135013	12.3443	-0.1810303	-0.8787489	-321.7354	1.8	335.7295	
591.7149	COLLISION_NONE	NOT_SWITCH	NOT_RESET	NOT_WAYPOINT	-321.634	1.8	327.939	0	0.7019489	0	0.7122274	12.34971	-0.2219238	-0.9249433	-321.7354	1.8	335.7295	
591.7349	COLLISION_NONE	NOT_SWITCH	NOT_RESET	NOT_WAYPOINT	-321.8949	1.8	327.6394	0	0.7029645	0	0.711225	12.39537	-0.2122803	-0.9427147	-321.7354	1.8	335.7295	
591.7549	COLLISION_NONE	NOT_SWITCH	NOT_RESET	NOT_WAYPOINT	-322.1595	1.8	327.3414	0	0.704306	0	0.7098965	12.39649	-0.2528076	-0.9453371	-321.7354	1.8	335.7295	
591.775	COLLISION_NONE	NOT_SWITCH	NOT_RESET	NOT_WAYPOINT	-322.429	1.8	327.0451	0	0.7048092	0	0.7093969	12.45476	-0.270752	-0.9415336	-321.7354	1.8	335.7295	
591.795	COLLISION_NONE	NOT_SWITCH	NOT_RESET	NOT_WAYPOINT	-322.6975	1.8	326.7485	0	0.7052726	0	0.7089362	12.53394	-0.2572937	-0.9382229	-321.7354	1.8	335.7295	
591.815	COLLISION_NONE	NOT_SWITCH	NOT_RESET	NOT_WAYPOINT	-322.9666	1.8	326.4521	0	0.7057176	0	0.7084933	12.58327	-0.2294922	-0.9481076	-321.7354	1.8	335.7295	
591.835	COLLISION_NONE	NOT_SWITCH	NOT_RESET	NOT_WAYPOINT	-323.2359	1.8	326.1561	0	0.7061553	0	0.708057	12.61029	-0.2149048	-0.9782205	-321.7354	1.8	335.7295	
591.855	COLLISION_NONE	NOT_SWITCH	NOT_RESET	NOT_WAYPOINT	-323.5056	1.8	325.8604	0	0.7070255	0	0.7071881	12.72263	-0.1013489	-1.002333	-321.7354	1.8	335.7295	
591.8751	COLLISION_NONE	NOT_SWITCH	NOT_RESET	NOT_WAYPOINT	-323.7324	1.8	325.5678	0	0.7074609	0	0.7067525	12.73647	-0.09545898	-1.012308	-321.7354	1.8	335.7295	
591.8951	COLLISION_NONE	NOT_SWITCH	NOT_RESET	NOT_WAYPOINT	-323.9379	1.8	325.2761	0	0.7078972	0	0.7063156	12.7585	-0.02923584	-1.047573	-321.7354	1.8	335.7295	
591.9151	COLLISION_NONE	NOT_SWITCH	NOT_RESET	NOT_WAYPOINT	-324.122	1.8	324.9856	0	0.7083336	0	0.7058779	12.74687	-0.02563477	-1.057016	-321.7354	1.8	335.7295	
591.9351	COLLISION_NONE	NOT_SWITCH	NOT_RESET	NOT_WAYPOINT	-324.2851	1.8	324.6963	0	0.7087712	0	0.7054385	12.78871	0.1098938	-1.108566	-321.7354	1.8	335.7295	
591.9551	COLLISION_NONE	NOT_SWITCH	NOT_RESET	NOT_WAYPOINT	-324.4271	1.8	324.408	0	0.7096459	0	0.7045586	12.77186	0.2307129	-1.164844	-321.7354	1.8	335.7295	
591.9752	COLLISION_NONE	NOT_SWITCH	NOT_RESET	NOT_WAYPOINT	-324.5591	1.8	324.1238	0	0.7100843	0	0.7041168	12.79866	0.2793884	-1.197311	-321.7354	1.8	335.7295	
591.9952	COLLISION_NONE	NOT_SWITCH	NOT_RESET	NOT_WAYPOINT	-324.6797	1.8	323.8412	0	0.7105236	0	0.7036734	12.8272	0.3841858	-1.23772	-321.7354	1.8	335.7295	
592.0152	COLLISION_NONE	NOT_SWITCH	NOT_RESET	NOT_WAYPOINT	-324.7827	1.8	323.5598	0	0.7109644	0	0.7032281	12.86426	0.4643555	-1.266415	-321.7354	1.8	335.7295	
592.0352	COLLISION_NONE	NOT_SWITCH	NOT_RESET	NOT_WAYPOINT	-324.8549	1.8	323.2787	0	0.7118526	0	0.702329	12.92053	0.5234985	-1.355195	-321.7354	1.8	335.7295	
592.0552	COLLISION_NONE	NOT_SWITCH	NOT_RESET	NOT_WAYPOINT	-324.8069	1.8	322.9938	0	0.7122989	0	0.7018763	12.93915	0.5730286	-1.401503	-321.7354	1.8	335.7295	
592.0753	COLLISION_NONE	NOT_SWITCH	NOT_RESET	NOT_WAYPOINT	-324.6403	1.8	322.7027	0	0.7127461	0	0.7014222	12.9488	0.5359192	-1.432719	-321.7354	1.8	335.7295	
592.0953	COLLISION_NONE	NOT_SWITCH	NOT_RESET	NOT_WAYPOINT	-324.3792	1.8	322.4063	0	0.7131938	0	0.7009669	12.95461	0.5531616	-1.450379	-321.7354	1.8	335.7295	
592.1153	COLLISION_NONE	NOT_SWITCH	NOT_RESET	NOT_WAYPOINT	-324.0781	1.8	322.107	0	0.7136417	0	0.7005109	12.96824	0.5689392	-1.465099	-321.7354	1.8	335.7295	
592.1353	COLLISION_NONE	NOT_SWITCH	NOT_RESET	NOT_WAYPOINT	-323.7666	1.8	321.8065	0	0.7145393	0	0.6995953	12.97729	0.4967651	-1.461589	-321.7354	1.8	335.7295	
592.1553	COLLISION_NONE	NOT_SWITCH	NOT_RESET	TRIGGER_WAYPOINT	-323.4524	1.8	321.5038	0	0.7149883	0	0.6991364	12.9875	0.4799194	-1.462581	-321.7354	1.8	305.7295	
592.1754	COLLISION_NONE	NOT_SWITCH	NOT_RESET	NOT_WAYPOINT	-323.1443	1.8	321.2022	0	0.7154385	0	0.6986758	13.02871	0.4428406	-1.458942	-321.7354	1.8	305.7295	
592.1954	COLLISION_NONE	NOT_SWITCH	NOT_RESET	NOT_WAYPOINT	-322.8383	1.8	320.9017	0	0.7158904	0	0.6982127	13.06974	0.4222412	-1.440424	-321.7354	1.8	305.7295	
592.2154	COLLISION_NONE	NOT_SWITCH	NOT_RESET	NOT_WAYPOINT	-322.5338	1.8	320.5999	0	0.7163437	0	0.6977476	13.09215	0.4104004	-1.419025	-321.7354	1.8	305.7295	
592.2354	COLLISION_NONE	NOT_SWITCH	NOT_RESET	NOT_WAYPOINT	-322.2299	1.8	320.297	0	0.7172521	0	0.6968139	13.09566	0.3034973	-1.38063	-321.7354	1.8	305.7295	
592.2554	COLLISION_NONE	NOT_SWITCH	NOT_RESET	NOT_WAYPOINT	-321.9146	1.8	319.9924	0	0.7177061	0	0.6963462	13.1022	0.2709656	-1.341992	-321.7354	1.8	305.7295	
592.2755	COLLISION_NONE	NOT_SWITCH	NOT_RESET	NOT_WAYPOINT	-321.6022	1.8	319.689	0	0.7181594	0	0.6958786	13.1107	0.2539063	-1.328523	-321.7354	1.8	305.7295	
592.2955	COLLISION_NONE	NOT_SWITCH	NOT_RESET	NOT_WAYPOINT	-321.2921	1.8	319.3858	0	0.718613	0	0.6954102	13.11222	0.2218018	-1.304063	-321.7354	1.8	305.7295	
592.3155	COLLISION_NONE	NOT_SWITCH	NOT_RESET	NOT_WAYPOINT	-320.9762	1.8	319.0802	0	0.7190657	0	0.6949421	13.08667	0.1706848	-1.265073	-321.7354	1.8	305.7295	
592.3355	COLLISION_NONE	NOT_SWITCH	NOT_RESET	NOT_WAYPOINT	-320.6604	1.8	318.7742	0	0.7199696	0	0.6940055	13.0892	0.1655273	-1.219483	-321.7354	1.8	305.7295	
592.3555	COLLISION_NONE	NOT_SWITCH	NOT_RESET	NOT_WAYPOINT	-320.3459	1.8	318.4671	0	0.7204209	0	0.6935372	13.08935	0.1567993	-1.218033	-321.7354	1.8	305.7295	
592.3755	COLLISION_NONE	NOT_SWITCH	NOT_RESET	NOT_WAYPOINT	-320.0314	1.8	318.1598	0	0.7208721	0	0.6930681	13.09919	0.2018433	-1.218119	-321.7354	1.8	305.7295	
592.3956	COLLISION_NONE	NOT_SWITCH	NOT_RESET	NOT_WAYPOINT	-319.7172	1.8	317.8521	0	0.7213237	0	0.6925981	13.11682	0.2376099	-1.217167	-321.7354	1.8	305.7295	
592.4156	COLLISION_NONE	NOT_SWITCH	NOT_RESET	NOT_WAYPOINT	-319.4035	1.8	317.544	0	0.7217761	0	0.6921267	13.13739	0.2636719	-1.226039	-321.7354	1.8	305.7295	
592.4356	COLLISION_NONE	NOT_SWITCH	NOT_RESET	NOT_WAYPOINT	-319.0901	1.8	317.2355	0	0.7226842	0	0.6911784	13.19876	0.3244934	-1.278479	-321.7354	1.8	305.7295	
592.4556	COLLISION_NONE	NOT_SWITCH	NOT_RESET	NOT_WAYPOINT	-318.82	1.8	316.9315	0	0.7231404	0	0.6907012	13.21411	0.3287964	-1.325014	-321.7354	1.8	305.7295	
592.4756	COLLISION_NONE	NOT_SWITCH	NOT_RESET	NOT_WAYPOINT	-318.5714	1.8	316.6299	0	0.7235969	0	0.6902228	13.21414	0.3171387	-1.342359	-321.7354	1.8	305.7295	
592.4957	COLLISION_NONE	NOT_SWITCH	NOT_RESET	NOT_WAYPOINT	-318.3441	1.8	316.3308	0	0.7240545	0	0.6897428	13.24144	0.3158264	-1.372719	-321.7354	1.8	305.7295	
592.5157	COLLISION_NONE	NOT_SWITCH	NOT_RESET	NOT_WAYPOINT	-318.1454	1.8	316.0345	0	0.7245126	0	0.6892616	13.2591	0.2955627	-1.378536	-321.7354	1.8	305.7295	
592.5357	COLLISION_NONE	NOT_SWITCH	NOT_RESET	NOT_WAYPOINT	-317.9936	1.8	315.7417	0	0.7254322	0	0.6882938	13.29957	0.27005	-1.372127	-321.7354	1.8	305.7295	
592.5557	COLLISION_NONE	NOT_SWITCH	NOT_RESET	NOT_WAYPOINT	-317.9876	1.8	315.4571	0	0.7258933	0	0.6878074	13.30745	0.24823	-1.370658	-321.7354	1.8	305.7295	
592.5757	COLLISION_NONE	NOT_SWITCH	NOT_RESET	NOT_WAYPOINT	-318.0988	1.8	315.176	0	0.7263552	0	0.6873196	13.33824	0.2201538	-1.339225	-321.7354	1.8	305.7295	
592.5958	COLLISION_NONE	NOT_SWITCH	NOT_RESET	NOT_WAYPOINT	-318.3089	1.8	314.8966	0	0.7268174	0	0.6868308	13.34045	0.2129517	-1.315778	-321.7354	1.8	305.7295	
592.6158	COLLISION_NONE	NOT_SWITCH	NOT_RESET	NOT_WAYPOINT	-318.524	1.8	314.6381	0	0.727742	0	0.685851	13.34708	0.1652222	-1.324425	-321.7354	1.8	305.7295	
592.6358	COLLISION_NONE	NOT_SWITCH	NOT_RESET	NOT_WAYPOINT	-318.7406	1.8	314.4108	0	0.7282044	0	0.68536	13.35978	0.1478271	-1.296754	-321.7354	1.8	305.7295	
592.6558	COLLISION_NONE	NOT_SWITCH	NOT_RESET	NOT_WAYPOINT	-318.9614	1.8	314.278	0	0.7286663	0	0.6848689	13.34672	0.1018372	-1.293266	-321.7354	1.8	305.7295	
592.6758	COLLISION_NONE	NOT_SWITCH	NOT_RESET	NOT_WAYPOINT	-319.1883	1.8	314.2651	0	0.7291281	0	0.6843772	13.3588	0.1077576	-1.274193	-321.7354	1.8	305.7295	
592.6959	COLLISION_NONE	NOT_SWITCH	NOT_RESET	NOT_WAYPOINT	-319.4222	1.8	314.3709	0	0.7295896	0	0.6838853	13.35386	0.0942688	-1.226789	-321.7354	1.8	305.7295	
592.7159	COLLISION_NONE	NOT_SWITCH	NOT_RESET	NOT_WAYPOINT	-319.6645	1.8	314.5946	0	0.7300499	0	0.6833939	13.33128	0.09329224	-1.189876	-321.7354	1.8	305.7295	
592.7359	COLLISION_NONE	NOT_SWITCH	NOT_RESET	NOT_WAYPOINT	-319.9127	1.8	314.8938	0	0.7309667	0	0.6824131	13.30318	0.08322144	-1.176718	-321.7354	1.8	305.7295	
592.7559	COLLISION_NONE	NOT_SWITCH	NOT_RESET	NOT_WAYPOINT	-320.1627	1.8	315.2263	0	0.731424	0	0.681923	13.3117	0.1097107	-1.141561	-321.7354	1.8	305.7295	
592.7759	COLLISION_NONE	NOT_SWITCH	NOT_RESET	NOT_WAYPOINT	-320.4115	1.8	315.5484	0	0.7318816	0	0.6814319	13.33869	0.09631348	-1.117123	-321.7354	1.8	305.7295	
592.796	COLLISION_NONE	NOT_SWITCH	NOT_RESET	NOT_WAYPOINT	-320.6593	1.8	315.8685	0	0.732339	0	0.6809403	13.33194	0.1160583	-1.097449	-321.7354	1.8	305.7295	
592.816	COLLISION_NONE	NOT_SWITCH	NOT_RESET	NOT_WAYPOINT	-320.9073	1.8	316.1888	0	0.7332516	0	0.6799574	13.2981	0.1129456	-1.064235	-321.7354	1.8	305.7295	
592.836	COLLISION_NONE	NOT_SWITCH	NOT_RESET	NOT_WAYPOINT	-321.1539	1.8	316.5098	0	0.7337063	0	0.6794668	13.2946	0.109314	-1.050595	-321.7354	1.8	305.7295	
592.856	COLLISION_NONE	NOT_SWITCH	NOT_RESET	NOT_WAYPOINT	-321.4005	1.8	316.8311	0	0.7341592	0	0.6789774	13.25987	0.0831604	-1.037587	-321.7354	1.8	305.7295	
592.876	COLLISION_NONE	NOT_SWITCH	NOT_RESET	NOT_WAYPOINT	-321.6468	1.8	317.1526	0	0.7346104	0	0.6784892	13.23922	0.06973267	-1.029188	-321.7354	1.8	305.7295	
592.8961	COLLISION_NONE	NOT_SWITCH	NOT_RESET	NOT_WAYPOINT	-321.8925	1.8	317.4745	0	0.7350592	0	0.6780029	13.19701	0.03930664	-1.013316	-321.7354	1.8	305.7295	
592.9161	COLLISION_NONE	NOT_SWITCH	NOT_RESET	NOT_WAYPOINT	-322.1379	1.8	317.7968	0	0.7359497	0	0.6770363	13.13099	0.01025391	-0.9671686	-321.7354	1.8	305.7295	
592.9361	COLLISION_NONE	NOT_SWITCH	NOT_RESET	NOT_WAYPOINT	-322.382	1.8	318.1198	0	0.7363913	0	0.6765559	13.10465	0.01541138	-0.9358084	-321.7354	1.8	305.7295	
592.9561	COLLISION_NONE	NOT_SWITCH	NOT_RESET	NOT_WAYPOINT	-322.6261	1.8	318.4431	0	0.7368309	0	0.676077	13.07837	0.03265381	-0.9304603	-321.7354	1.8	305.7295	
592.9761	COLLISION_NONE	NOT_SWITCH	NOT_RESET	NOT_WAYPOINT	-322.8698	1.8	318.7666	0	0.737269	0	0.6755993	13.06474	0.03344727	-0.9152336	-321.7354	1.8	305.7295	
592.9962	COLLISION_NONE	NOT_SWITCH	NOT_RESET	NOT_WAYPOINT	-323.1131	1.8	319.0904	0	0.7377058	0	0.6751223	13.05493	0.01651001	-0.9117748	-321.7354	1.8	305.7295	
593.0162	COLLISION_NONE	NOT_SWITCH	NOT_RESET	NOT_WAYPOINT	-323.3559	1.8	319.4145	0	0.7385772	0	0.674169	13.04252	0.01525879	-0.8754047	-321.7354	1.8	305.7295	
593.0362	COLLISION_NONE	NOT_SWITCH	NOT_RESET	NOT_WAYPOINT	-323.5975	1.8	319.7394	0	0.7390118	0	0.6736926	13.0503	0.009979248	-0.8590358	-321.7354	1.8	305.7295	
593.0562	COLLISION_NONE	NOT_SWITCH	NOT_RESET	NOT_WAYPOINT	-323.8391	1.8	320.0646	0	0.7394454	0	0.6732165	13.02947	-0.002349854	-0.8539425	-321.7354	1.8	305.7295	
593.0762	COLLISION_NONE	NOT_SWITCH	NOT_RESET	NOT_WAYPOINT	-324.0803	1.8	320.39	0	0.7398785	0	0.6727406	13.03311	0.01580811	-0.8459908	-321.7354	1.8	305.7295	
593.0963	COLLISION_NONE	NOT_SWITCH	NOT_RESET	NOT_WAYPOINT	-324.321	1.8	320.7156	0	0.7403108	0	0.6722649	13.02135	0.05130005	-0.8511533	-321.7354	1.8	305.7295	
593.1163	COLLISION_NONE	NOT_SWITCH	NOT_RESET	NOT_WAYPOINT	-324.5614	1.8	321.0417	0	0.7411734	0	0.6713136	13.00862	0.09057617	-0.8119712	-321.7354	1.8	305.7295	
593.1363	COLLISION_NONE	NOT_SWITCH	NOT_RESET	NOT_WAYPOINT	-324.8004	1.8	321.3684	0	0.7416044	0	0.6708375	13.02768	0.1117859	-0.8472733	-321.7354	1.8	305.7295	
593.1563	COLLISION_NONE	NOT_SWITCH	NOT_RESET	NOT_WAYPOINT	-325.0395	1.8	321.6954	0	0.7420353	0	0.6703609	13.02768	0.1117859	-0.8472733	-321.7354	1.8	305.7295	
593.1763	COLLISION_NONE	NOT_SWITCH	NOT_RESET	NOT_WAYPOINT	-325.2782	1.8	322.0227	0	0.7424664	0	0.6698834	13.02841	0.1834106	-0.8657228	-321.7354	1.8	305.7295	
593.1964	COLLISION_NONE	NOT_SWITCH	NOT_RESET	NOT_WAYPOINT	-325.5164	1.8	322.3502	0	0.7428977	0	0.669405	13.04128	0.2608948	-0.8795154	-321.7354	1.8	305.7295	
