#Surfing Trial Path#
#TimeStamp#	#Collision Event#	#Mode Switch Event#	#Reset Event#	#Waypoint Event#	#PositionX#	#PositionY#	#PositionZ#	#OrientationX#	#OrientationY#	#OrientationZ#	#OrientationW#	#HeadOrientationX#	#HeadOrientationY#	#HeadOrientationZ#	#WayPointX#	#WayPointY#	#WayPointZ#	
508.3392	COLLISION_NONE	CORRECT_SWITCH	NOT_RESET	TRIGGER_WAYPOINT	-293.1873	1.8	-302.8368	0	0	0	1	0	0	0	-315	1.163816	-302.8368	
508.3592	COLLISION_NONE	NOT_SWITCH	NOT_RESET	NOT_WAYPOINT	-293.5525	1.8	-302.8814	0	0	0	1	0	0	0	-315	1.16315	-302.8814	
508.3792	COLLISION_NONE	NOT_SWITCH	NOT_RESET	NOT_WAYPOINT	-293.9461	1.8	-303.0204	0	0	0	1	0	0	0	-315	1.161079	-303.0204	
508.3991	COLLISION_NONE	NOT_SWITCH	NOT_RESET	NOT_WAYPOINT	-294.364	1.8	-303.2547	0	0	0	1	0	0	0	-315	1.157598	-303.2547	
508.4191	COLLISION_NONE	NOT_SWITCH	NOT_RESET	NOT_WAYPOINT	-294.5801	1.8	-303.5083	0	0	0	1	0	0	0	-315	1.153846	-303.5083	
508.4391	COLLISION_NONE	NOT_SWITCH	NOT_RESET	NOT_WAYPOINT	-294.8935	1.8	-303.7482	0	0	0	1	0	0	0	-315	1.15031	-303.7482	
508.4591	COLLISION_NONE	NOT_SWITCH	NOT_RESET	NOT_WAYPOINT	-295.3034	1.8	-303.9704	0	0	0	1	0	0	0	-315	1.147046	-303.9704	
508.4791	COLLISION_NONE	NOT_SWITCH	NOT_RESET	NOT_WAYPOINT	-295.6119	1.8	-304.1811	0	0	0	1	0	0	0	-315	1.143963	-304.1811	
508.4991	COLLISION_NONE	NOT_SWITCH	NOT_RESET	NOT_WAYPOINT	-296.018	1.8	-304.3978	0	0	0	1	0	0	0	-315	1.140801	-304.3978	
508.5191	COLLISION_NONE	NOT_SWITCH	NOT_RESET	NOT_WAYPOINT	-296.2235	1.8	-304.5766	0	0	0	1	0	0	0	-315	1.138202	-304.5766	
508.5391	COLLISION_NONE	NOT_SWITCH	NOT_RESET	NOT_WAYPOINT	-296.5256	1.8	-304.7712	0	0	0	1	0	0	0	-315	1.135378	-304.7712	
508.5591	COLLISION_NONE	NOT_SWITCH	NOT_RESET	NOT_WAYPOINT	-296.9244	1.8	-304.9793	0	0	0	1	0	0	0	-315	1.13237	-304.9793	
508.579	COLLISION_NONE	NOT_SWITCH	NOT_RESET	NOT_WAYPOINT	-297.2232	1.8	-305.166	0	0	0	1	0	0	0	-315	1.129681	-305.166	
508.599	COLLISION_NONE	NOT_SWITCH	NOT_RESET	NOT_WAYPOINT	-297.6184	1.8	-305.369	0	0	0	1	0	0	0	-315	1.126764	-305.369	
508.619	COLLISION_NONE	NOT_SWITCH	NOT_RESET	NOT_WAYPOINT	-297.8144	1.8	-305.5265	0	0	0	1	0	0	0	-315	1.124509	-305.5265	
508.639	COLLISION_NONE	NOT_SWITCH	NOT_RESET	NOT_WAYPOINT	-298.1061	1.8	-305.7039	0	0	0	1	0	0	0	-315	1.121974	-305.7039	
508.659	COLLISION_NONE	NOT_SWITCH	NOT_RESET	NOT_WAYPOINT	-298.494	1.8	-305.8983	0	0	0	1	0	0	0	-315	1.119203	-305.8983	
508.679	COLLISION_NONE	NOT_SWITCH	NOT_RESET	NOT_WAYPOINT	-298.782	1.8	-306.0705	0	0	0	1	0	0	0	-315	1.116757	-306.0705	
508.699	COLLISION_NONE	NOT_SWITCH	NOT_RESET	NOT_WAYPOINT	-299.1664	1.8	-306.259	0	0	0	1	0	0	0	-315	1.114087	-306.259	
508.719	COLLISION_NONE	NOT_SWITCH	NOT_RESET	NOT_WAYPOINT	-299.351	1.8	-306.4049	0	0	0	1	0	0	0	-315	1.112025	-306.4049	
508.739	COLLISION_NONE	NOT_SWITCH	NOT_RESET	NOT_WAYPOINT	-299.6316	1.8	-306.5695	0	0	0	1	0	0	0	-315	1.109705	-306.5695	
508.7589	COLLISION_NONE	NOT_SWITCH	NOT_RESET	NOT_WAYPOINT	-300.0088	1.8	-306.748	0	0	0	1	0	0	0	-315	1.107196	-306.748	
508.7789	COLLISION_NONE	NOT_SWITCH	NOT_RESET	NOT_WAYPOINT	-300.2854	1.8	-306.9082	0	0	0	1	0	0	0	-315	1.10495	-306.9082	
508.7989	COLLISION_NONE	NOT_SWITCH	NOT_RESET	NOT_WAYPOINT	-300.7567	1.8	-307.0855	0	0	0	1	0	0	0	-315	1.10247	-307.0855	
508.8189	COLLISION_NONE	NOT_SWITCH	NOT_RESET	NOT_WAYPOINT	-301.1263	1.8	-307.2517	0	0	0	1	0	0	0	-315	1.100152	-307.2517	
508.8389	COLLISION_NONE	NOT_SWITCH	NOT_RESET	NOT_WAYPOINT	-301.3945	1.8	-307.4046	0	0	0	1	0	0	0	-315	1.098025	-307.4046	
508.8589	COLLISION_NONE	NOT_SWITCH	NOT_RESET	NOT_WAYPOINT	-301.7573	1.8	-307.5319	0	0	0	1	0	0	0	-315	1.096258	-307.5319	
508.8789	COLLISION_NONE	NOT_SWITCH	NOT_RESET	NOT_WAYPOINT	-302.0205	1.8	-307.68	0	0	0	1	0	0	0	-315	1.094206	-307.68	
508.8989	COLLISION_NONE	NOT_SWITCH	NOT_RESET	NOT_WAYPOINT	-302.0988	1.8	-307.7401	0	0	0	1	0	0	0	-315	1.093375	-307.7401	
508.9189	COLLISION_NONE	NOT_SWITCH	NOT_RESET	NOT_WAYPOINT	-302.2655	1.8	-307.8418	0	0	0	1	0	0	0	-315	1.091971	-307.8418	
508.9388	COLLISION_NONE	NOT_SWITCH	NOT_RESET	NOT_WAYPOINT	-302.5206	1.8	-307.9849	0	0	0	1	0	0	0	-315	1.089998	-307.9849	
508.9588	COLLISION_NONE	NOT_SWITCH	NOT_RESET	NOT_WAYPOINT	-302.6849	1.8	-308.0806	0	0	0	1	0	0	0	-315	1.088681	-308.0806	
508.9788	COLLISION_NONE	NOT_SWITCH	NOT_RESET	NOT_WAYPOINT	-302.9358	1.8	-308.2213	0	0	0	1	0	0	0	-315	1.086749	-308.2213	
508.9988	COLLISION_NONE	NOT_SWITCH	NOT_RESET	NOT_WAYPOINT	-303.0061	1.8	-308.2654	0	0	0	1	0	0	0	-315	1.086143	-308.2654	
509.0188	COLLISION_NONE	NOT_SWITCH	NOT_RESET	NOT_WAYPOINT	-303.1625	1.8	-308.3555	0	0	0	1	0	0	0	-315	1.084909	-308.3555	
509.0388	COLLISION_NONE	NOT_SWITCH	NOT_RESET	NOT_WAYPOINT	-303.4051	1.8	-308.4915	0	0	0	1	0	0	0	-315	1.08305	-308.4915	
509.0588	COLLISION_NONE	NOT_SWITCH	NOT_RESET	NOT_WAYPOINT	-303.5576	1.8	-308.5787	0	0	0	1	0	0	0	-315	1.081859	-308.5787	
509.0788	COLLISION_NONE	NOT_SWITCH	NOT_RESET	NOT_WAYPOINT	-303.7961	1.8	-308.7122	0	0	0	1	0	0	0	-315	1.080039	-308.7122	
509.0988	COLLISION_NONE	NOT_SWITCH	NOT_RESET	NOT_WAYPOINT	-303.8547	1.8	-308.7477	0	0	0	1	0	0	0	-315	1.079555	-308.7477	
509.1187	COLLISION_NONE	NOT_SWITCH	NOT_RESET	NOT_WAYPOINT	-303.9991	1.8	-308.8299	0	0	0	1	0	0	0	-315	1.078437	-308.8299	
509.1387	COLLISION_NONE	NOT_SWITCH	NOT_RESET	NOT_WAYPOINT	-304.2291	1.8	-308.9588	0	0	0	1	0	0	0	-315	1.076688	-308.9588	
509.1587	COLLISION_NONE	NOT_SWITCH	NOT_RESET	NOT_WAYPOINT	-304.3694	1.8	-309.0384	0	0	0	1	0	0	0	-315	1.075608	-309.0384	
509.1787	COLLISION_NONE	NOT_SWITCH	NOT_RESET	NOT_WAYPOINT	-304.5953	1.8	-309.1649	0	0	0	1	0	0	0	-315	1.073897	-309.1649	
509.1987	COLLISION_NONE	NOT_SWITCH	NOT_RESET	NOT_WAYPOINT	-304.6417	1.8	-309.1927	0	0	0	1	0	0	0	-315	1.073521	-309.1927	
509.2187	COLLISION_NONE	NOT_SWITCH	NOT_RESET	NOT_WAYPOINT	-304.7737	1.8	-309.2674	0	0	0	1	0	0	0	-315	1.072511	-309.2674	
509.2387	COLLISION_NONE	NOT_SWITCH	NOT_RESET	NOT_WAYPOINT	-304.9912	1.8	-309.3892	0	0	0	1	0	0	0	-315	1.070869	-309.3892	
509.2587	COLLISION_NONE	NOT_SWITCH	NOT_RESET	NOT_WAYPOINT	-305.1191	1.8	-309.4615	0	0	0	1	0	0	0	-315	1.069895	-309.4615	
509.2787	COLLISION_NONE	NOT_SWITCH	NOT_RESET	NOT_WAYPOINT	-305.3324	1.8	-309.5809	0	0	0	1	0	0	0	-315	1.068289	-309.5809	
509.2986	COLLISION_NONE	NOT_SWITCH	NOT_RESET	NOT_WAYPOINT	-305.3665	1.8	-309.6013	0	0	0	1	0	0	0	-315	1.068016	-309.6013	
509.3186	COLLISION_NONE	NOT_SWITCH	NOT_RESET	NOT_WAYPOINT	-305.4861	1.8	-309.6688	0	0	0	1	0	0	0	-315	1.06711	-309.6688	
509.3386	COLLISION_NONE	NOT_SWITCH	NOT_RESET	NOT_WAYPOINT	-305.691	1.8	-309.7835	0	0	0	1	0	0	0	-315	1.065572	-309.7835	
509.3586	COLLISION_NONE	NOT_SWITCH	NOT_RESET	NOT_WAYPOINT	-305.8064	1.8	-309.8486	0	0	0	1	0	0	0	-315	1.064701	-309.8486	
509.3786	COLLISION_NONE	NOT_SWITCH	NOT_RESET	NOT_WAYPOINT	-306.0926	1.8	-310.0083	0	0	0	1	0	0	0	-315	1.062567	-310.0083	
509.3986	COLLISION_NONE	NOT_SWITCH	NOT_RESET	NOT_WAYPOINT	-306.2892	1.8	-310.1183	0	0	0	1	0	0	0	-315	1.0611	-310.1183	
509.4186	COLLISION_NONE	NOT_SWITCH	NOT_RESET	NOT_WAYPOINT	-306.3962	1.8	-310.1787	0	0	0	1	0	0	0	-315	1.060296	-310.1787	
509.4386	COLLISION_NONE	NOT_SWITCH	NOT_RESET	NOT_WAYPOINT	-306.5886	1.8	-310.2863	0	0	0	1	0	0	0	-315	1.058864	-310.2863	
509.4586	COLLISION_NONE	NOT_SWITCH	NOT_RESET	NOT_WAYPOINT	-306.6915	1.8	-310.3444	0	0	0	1	0	0	0	-315	1.058093	-310.3444	
509.4785	COLLISION_NONE	NOT_SWITCH	NOT_RESET	NOT_WAYPOINT	-306.9651	1.8	-310.497	0	0	0	1	0	0	0	-315	1.056069	-310.497	
509.4985	COLLISION_NONE	NOT_SWITCH	NOT_RESET	NOT_WAYPOINT	-307.1491	1.8	-310.6	0	0	0	1	0	0	0	-315	1.054706	-310.6	
509.5185	COLLISION_NONE	NOT_SWITCH	NOT_RESET	NOT_WAYPOINT	-307.2436	1.8	-310.6533	0	0	0	1	0	0	0	-315	1.054001	-310.6533	
509.5385	COLLISION_NONE	NOT_SWITCH	NOT_RESET	NOT_WAYPOINT	-307.4234	1.8	-310.7539	0	0	0	1	0	0	0	-315	1.052673	-310.7539	
509.5585	COLLISION_NONE	NOT_SWITCH	NOT_RESET	NOT_WAYPOINT	-307.5137	1.8	-310.8049	0	0	0	1	0	0	0	-315	1.052001	-310.8049	
509.5785	COLLISION_NONE	NOT_SWITCH	NOT_RESET	NOT_WAYPOINT	-307.7747	1.8	-310.9505	0	0	0	1	0	0	0	-315	1.050083	-310.9505	
509.5985	COLLISION_NONE	NOT_SWITCH	NOT_RESET	NOT_WAYPOINT	-307.9462	1.8	-311.0465	0	0	0	1	0	0	0	-315	1.048822	-311.0465	
509.6185	COLLISION_NONE	NOT_SWITCH	NOT_RESET	NOT_WAYPOINT	-308.0281	1.8	-311.0927	0	0	0	1	0	0	0	-315	1.048214	-311.0927	
509.6385	COLLISION_NONE	NOT_SWITCH	NOT_RESET	NOT_WAYPOINT	-308.1954	1.8	-311.1863	0	0	0	1	0	0	0	-315	1.046987	-311.1863	
509.6584	COLLISION_NONE	NOT_SWITCH	NOT_RESET	NOT_WAYPOINT	-308.2732	1.8	-311.2302	0	0	0	1	0	0	0	-315	1.046413	-311.2302	
509.6784	COLLISION_NONE	NOT_SWITCH	NOT_RESET	NOT_WAYPOINT	-308.5216	1.8	-311.3688	0	0	0	1	0	0	0	-315	1.044599	-311.3688	
509.6984	COLLISION_NONE	NOT_SWITCH	NOT_RESET	NOT_WAYPOINT	-308.6805	1.8	-311.4577	0	0	0	1	0	0	0	-315	1.043437	-311.4577	
509.7184	COLLISION_NONE	NOT_SWITCH	NOT_RESET	NOT_WAYPOINT	-308.7499	1.8	-311.4969	0	0	0	1	0	0	0	-315	1.042926	-311.4969	
509.7384	COLLISION_NONE	NOT_SWITCH	NOT_RESET	NOT_WAYPOINT	-308.9046	1.8	-311.5835	0	0	0	1	0	0	0	-315	1.041798	-311.5835	
509.7584	COLLISION_NONE	NOT_SWITCH	NOT_RESET	NOT_WAYPOINT	-308.9698	1.8	-311.6203	0	0	0	1	0	0	0	-315	1.041319	-311.6203	
509.7784	COLLISION_NONE	NOT_SWITCH	NOT_RESET	NOT_WAYPOINT	-309.2057	1.8	-311.7519	0	0	0	1	0	0	0	-315	1.039607	-311.7519	
509.7984	COLLISION_NONE	NOT_SWITCH	NOT_RESET	NOT_WAYPOINT	-309.352	1.8	-311.8338	0	0	0	1	0	0	0	-315	1.038543	-311.8338	
509.8184	COLLISION_NONE	NOT_SWITCH	NOT_RESET	NOT_WAYPOINT	-309.4088	1.8	-311.8659	0	0	0	1	0	0	0	-315	1.038127	-311.8659	
509.8383	COLLISION_NONE	NOT_SWITCH	NOT_RESET	NOT_WAYPOINT	-309.551	1.8	-311.9455	0	0	0	1	0	0	0	-315	1.037096	-311.9455	
509.8583	COLLISION_NONE	NOT_SWITCH	NOT_RESET	NOT_WAYPOINT	-309.6037	1.8	-311.9752	0	0	0	1	0	0	0	-315	1.03671	-311.9752	
509.8783	COLLISION_NONE	NOT_SWITCH	NOT_RESET	NOT_WAYPOINT	-309.8269	1.8	-312.0999	0	0	0	1	0	0	0	-315	1.035098	-312.0999	
509.8983	COLLISION_NONE	NOT_SWITCH	NOT_RESET	NOT_WAYPOINT	-309.9607	1.8	-312.1747	0	0	0	1	0	0	0	-315	1.034131	-312.1747	
509.9183	COLLISION_NONE	NOT_SWITCH	NOT_RESET	NOT_WAYPOINT	-310.005	1.8	-312.1998	0	0	0	1	0	0	0	-315	1.033808	-312.1998	
509.9383	COLLISION_NONE	NOT_SWITCH	NOT_RESET	NOT_WAYPOINT	-310.1346	1.8	-312.2723	0	0	0	1	0	0	0	-315	1.032873	-312.2723	
509.9583	COLLISION_NONE	NOT_SWITCH	NOT_RESET	NOT_WAYPOINT	-310.1747	1.8	-312.295	0	0	0	1	0	0	0	-315	1.03258	-312.295	
509.9783	COLLISION_NONE	NOT_SWITCH	NOT_RESET	NOT_WAYPOINT	-310.3853	1.8	-312.4127	0	0	0	1	0	0	0	-315	1.031065	-312.4127	
509.9983	COLLISION_NONE	NOT_SWITCH	NOT_RESET	NOT_WAYPOINT	-310.5065	1.8	-312.4805	0	0	0	1	0	0	0	-315	1.030194	-312.4805	
510.0182	COLLISION_NONE	NOT_SWITCH	NOT_RESET	NOT_WAYPOINT	-310.5382	1.8	-312.4985	0	0	0	1	0	0	0	-315	1.029962	-312.4985	
510.0382	COLLISION_NONE	WAIT_SWITCH	NOT_RESET	NOT_WAYPOINT	-315	1.8	-315	0	0	0	1	0	0	0	-315	0.9984399	-315	
510.0582	COLLISION_NONE	NOT_SWITCH	NOT_RESET	NOT_WAYPOINT	-315.0974	1.8	-315.0546	0	0	0	1	0	0	0	-315	0.9977658	-315.0546	
510.0782	COLLISION_NONE	NOT_SWITCH	NOT_RESET	NOT_WAYPOINT	-315.1754	1.8	-315.0982	0	0	0	1	0	0	0	-315	0.9972272	-315.0982	
510.0982	COLLISION_NONE	NOT_SWITCH	NOT_RESET	NOT_WAYPOINT	-315.2337	1.8	-315.1309	0	0	0	1	0	0	0	-315	0.9968239	-315.1309	
510.1182	COLLISION_NONE	NOT_SWITCH	NOT_RESET	NOT_WAYPOINT	-315.2725	1.8	-315.1526	0	0	0	1	0	0	0	-315	0.996556	-315.1526	
510.1382	COLLISION_NONE	NOT_SWITCH	NOT_RESET	NOT_WAYPOINT	-315.2918	1.8	-315.1634	0	0	0	1	0	0	0	-315	0.9964225	-315.1634	
510.1582	COLLISION_NONE	NOT_SWITCH	NOT_RESET	NOT_WAYPOINT	-315.2804	1.8	-315.157	0	0	0	1	0	0	0	-315	0.9965019	-315.157	
510.1782	COLLISION_NONE	NOT_SWITCH	NOT_RESET	NOT_WAYPOINT	-315.2804	1.8	-315.157	0	0	0	1	0	0	0	-315	0.9965019	-315.157	
510.1982	COLLISION_NONE	NOT_SWITCH	NOT_RESET	NOT_WAYPOINT	-315.2804	1.8	-315.157	0	0	0	1	0	0	0	-315	0.9965019	-315.157	
510.2181	COLLISION_NONE	NOT_SWITCH	NOT_RESET	NOT_WAYPOINT	-315.2804	1.8	-315.157	0	0	0	1	0	0	0	-315	0.9965019	-315.157	
510.2381	COLLISION_NONE	NOT_SWITCH	NOT_RESET	NOT_WAYPOINT	-315.2804	1.8	-315.157	0	0	0	1	0	0	0	-315	0.9965019	-315.157	
510.2581	COLLISION_NONE	NOT_SWITCH	NOT_RESET	NOT_WAYPOINT	-315.2804	1.8	-315.157	0	0	0	1	0	0	0	-315	0.9965019	-315.157	
510.2781	COLLISION_NONE	NOT_SWITCH	NOT_RESET	NOT_WAYPOINT	-315.2804	1.8	-315.157	0	0	0	1	0	0	0	-315	0.9965019	-315.157	
510.2981	COLLISION_NONE	NOT_SWITCH	NOT_RESET	NOT_WAYPOINT	-315.2804	1.8	-315.157	0	0	0	1	0	0	0	-315	0.9965019	-315.157	
510.3181	COLLISION_NONE	NOT_SWITCH	NOT_RESET	NOT_WAYPOINT	-315.2804	1.8	-315.157	0	0	0	1	0	0	0	-315	0.9965019	-315.157	
510.3381	COLLISION_NONE	NOT_SWITCH	NOT_RESET	NOT_WAYPOINT	-315.2804	1.8	-315.157	0	0	0	1	0	0	0	-315	0.9965019	-315.157	
510.3581	COLLISION_NONE	NOT_SWITCH	NOT_RESET	NOT_WAYPOINT	-315.2804	1.8	-315.157	0	0	0	1	0	0	0	-315	0.9965019	-315.157	
510.3781	COLLISION_NONE	NOT_SWITCH	NOT_RESET	NOT_WAYPOINT	-315.2804	1.8	-315.157	0	0	0	1	0	0	0	-315	0.9965019	-315.157	
510.398	COLLISION_NONE	NOT_SWITCH	NOT_RESET	NOT_WAYPOINT	-315.2804	1.8	-315.157	0	0	0	1	0	0	0	-315	0.9965019	-315.157	
510.418	COLLISION_NONE	NOT_SWITCH	NOT_RESET	NOT_WAYPOINT	-315.2804	1.8	-315.157	0	0	0	1	0	0	0	-315	0.9965019	-315.157	
510.438	COLLISION_NONE	NOT_SWITCH	NOT_RESET	NOT_WAYPOINT	-315.2804	1.8	-315.157	0	0	0	1	0	0	0	-315	0.9965019	-315.157	
510.458	COLLISION_NONE	NOT_SWITCH	NOT_RESET	NOT_WAYPOINT	-315.2804	1.8	-315.157	0	0	0	1	0	0	0	-315	0.9965019	-315.157	
510.478	COLLISION_NONE	NOT_SWITCH	NOT_RESET	NOT_WAYPOINT	-315.2804	1.8	-315.157	0	0	0	1	0	0	0	-315	0.9965019	-315.157	
510.498	COLLISION_NONE	NOT_SWITCH	NOT_RESET	NOT_WAYPOINT	-315.2804	1.8	-315.157	0	0	0	1	0	0	0	-315	0.9965019	-315.157	
510.518	COLLISION_NONE	NOT_SWITCH	NOT_RESET	NOT_WAYPOINT	-315.2804	1.8	-315.157	0	0	0	1	0	0	0	-315	0.9965019	-315.157	
510.538	COLLISION_NONE	NOT_SWITCH	NOT_RESET	NOT_WAYPOINT	-315.2804	1.8	-315.157	0	0	0	1	0	0	0	-315	0.9965019	-315.157	
510.558	COLLISION_NONE	NOT_SWITCH	NOT_RESET	NOT_WAYPOINT	-315.2804	1.8	-315.157	0	0	0	1	0	0	0	-315	0.9965019	-315.157	
510.5779	COLLISION_NONE	NOT_SWITCH	NOT_RESET	NOT_WAYPOINT	-315.2804	1.8	-315.157	0	0	0	1	0	0	0	-315	0.9965019	-315.157	
510.5979	COLLISION_NONE	NOT_SWITCH	NOT_RESET	NOT_WAYPOINT	-315.2804	1.8	-315.157	0	0	0	1	0	0	0	-315	0.9965019	-315.157	
510.6179	COLLISION_NONE	NOT_SWITCH	NOT_RESET	NOT_WAYPOINT	-315.2804	1.8	-315.157	0	0	0	1	0	0	0	-315	0.9965019	-315.157	
510.6379	COLLISION_NONE	NOT_SWITCH	NOT_RESET	NOT_WAYPOINT	-315.2804	1.8	-315.157	0	0	0	1	0	0	0	-315	0.9965019	-315.157	
510.6579	COLLISION_NONE	NOT_SWITCH	NOT_RESET	NOT_WAYPOINT	-315.2804	1.8	-315.157	0	0	0	1	0	0	0	-315	0.9965019	-315.157	
510.6779	COLLISION_NONE	NOT_SWITCH	NOT_RESET	NOT_WAYPOINT	-315.2804	1.8	-315.157	0	0	0	1	0	0	0	-315	0.9965019	-315.157	
510.6979	COLLISION_NONE	NOT_SWITCH	NOT_RESET	NOT_WAYPOINT	-315.2804	1.8	-315.157	0	0	0	1	0	0	0	-315	0.9965019	-315.157	
510.7179	COLLISION_NONE	NOT_SWITCH	NOT_RESET	NOT_WAYPOINT	-315.2804	1.8	-315.157	0	0	0	1	0	0	0	-315	0.9965019	-315.157	
510.7379	COLLISION_NONE	CORRECT_SWITCH	NOT_RESET	NOT_WAYPOINT	-315.2804	1.8	-315.157	0.009494217	0.000165965	-1.575778E-06	0.9999549	0	0	0	-315	0.9965019	-315.157	
510.7578	COLLISION_NONE	NOT_SWITCH	NOT_RESET	NOT_WAYPOINT	-315.2804	1.799812	-315.157	0.01922267	0.0004444452	-8.545005E-06	0.9998151	0	0	0	-315	0.9965019	-315.157	
510.7778	COLLISION_NONE	NOT_SWITCH	NOT_RESET	NOT_WAYPOINT	-315.2804	1.799812	-315.157	0.02854292	0.000806471	-2.302843E-05	0.9995922	0	0	0	-315	0.9965019	-315.157	
510.7978	COLLISION_NONE	NOT_SWITCH	NOT_RESET	NOT_WAYPOINT	-315.2804	1.799812	-315.157	0.04114898	0.001244899	-5.12698E-05	0.9991522	0	0	0	-315	0.9965019	-315.157	
510.8178	COLLISION_NONE	NOT_SWITCH	NOT_RESET	NOT_WAYPOINT	-315.2804	1.799812	-315.157	0.06152193	0.002340212	-0.000144248	0.998103	0	0	0	-315	0.9965019	-315.157	
510.8378	COLLISION_NONE	NOT_SWITCH	NOT_RESET	NOT_WAYPOINT	-315.2804	1.799812	-315.157	0.07073623	0.002994839	-0.0002123766	0.9974905	0	0	0	-315	0.9965019	-315.157	
510.8578	COLLISION_NONE	NOT_SWITCH	NOT_RESET	NOT_WAYPOINT	-315.2804	1.799812	-315.157	0.07970382	0.003720326	-0.0002974727	0.9968116	0	0	0	-315	0.9965019	-315.157	
510.8778	COLLISION_NONE	NOT_SWITCH	NOT_RESET	NOT_WAYPOINT	-315.2804	1.799812	-315.157	0.08854463	0.004506857	-0.0004006357	0.996062	0	0	0	-315	0.9965019	-315.157	
510.8978	COLLISION_NONE	NOT_SWITCH	NOT_RESET	NOT_WAYPOINT	-315.2804	1.799812	-315.157	0.09731828	0.005337433	-0.0005219147	0.9952389	0	0	0	-315	0.9965019	-315.157	
510.9178	COLLISION_NONE	NOT_SWITCH	NOT_RESET	NOT_WAYPOINT	-315.2804	1.799812	-315.157	0.114767	0.006828875	-0.0007889612	0.9933687	0	0	0	-315	0.9965019	-315.157	
510.9377	COLLISION_NONE	NOT_SWITCH	NOT_RESET	NOT_WAYPOINT	-315.2804	1.799812	-315.157	0.1234633	0.007541314	-0.0009382811	0.9923201	0	0	0	-315	0.9965019	-315.157	
510.9577	COLLISION_NONE	NOT_SWITCH	NOT_RESET	NOT_WAYPOINT	-315.2804	1.799812	-315.157	0.1321461	0.008245986	-0.001099355	0.9911953	0	0	0	-315	0.9965019	-315.157	
510.9777	COLLISION_NONE	NOT_SWITCH	NOT_RESET	NOT_WAYPOINT	-315.2804	1.799812	-315.157	0.1408169	0.008947273	-0.001272661	0.9899944	0	0	0	-315	0.9965019	-315.157	
510.9977	COLLISION_NONE	NOT_SWITCH	NOT_RESET	NOT_WAYPOINT	-315.2804	1.799812	-315.157	0.1494757	0.009647412	-0.00145851	0.9887173	0	0	0	-315	0.9965019	-315.157	
511.0177	COLLISION_NONE	NOT_SWITCH	NOT_RESET	NOT_WAYPOINT	-315.2804	1.799812	-315.157	0.1667565	0.01104836	-0.00186867	0.9859344	0	0	0	-315	0.9965019	-315.157	
511.0377	COLLISION_NONE	NOT_SWITCH	NOT_RESET	NOT_WAYPOINT	-315.2804	1.799812	-315.157	0.1753772	0.01191299	-0.002122318	0.984427	0	0	0	-315	0.9965019	-315.157	
511.0577	COLLISION_NONE	NOT_SWITCH	NOT_RESET	NOT_WAYPOINT	-315.2804	1.799812	-315.157	0.1839835	0.01300213	-0.002433943	0.9828404	0	0	0	-315	0.9965019	-315.157	
511.0777	COLLISION_NONE	NOT_SWITCH	NOT_RESET	NOT_WAYPOINT	-315.2804	1.799812	-315.157	0.18816	0.01426046	-0.002732346	0.982031	0	0	0	-315	0.9965019	-315.157	
511.0977	COLLISION_NONE	NOT_SWITCH	NOT_RESET	NOT_WAYPOINT	-315.2804	1.799812	-315.157	0.1910614	0.01573625	-0.003063425	0.9814472	0	0	0	-315	0.9965019	-315.157	
511.1176	COLLISION_NONE	NOT_SWITCH	NOT_RESET	NOT_WAYPOINT	-315.2804	1.799812	-315.157	0.1932273	0.01922835	-0.003787564	0.9809583	0	0	0	-315	0.9965019	-315.157	
511.1376	COLLISION_NONE	NOT_SWITCH	NOT_RESET	NOT_WAYPOINT	-315.2804	1.799812	-315.157	0.1932194	0.02117194	-0.004170409	0.9809183	0	0	0	-315	0.9965019	-315.157	
511.1576	COLLISION_NONE	NOT_SWITCH	NOT_RESET	NOT_WAYPOINT	-315.2804	1.799812	-315.157	0.1932104	0.02318983	-0.004567888	0.9808726	0	0	0	-315	0.9965019	-315.157	
511.1776	COLLISION_NONE	NOT_SWITCH	NOT_RESET	NOT_WAYPOINT	-315.2804	1.799812	-315.157	0.1886019	0.02526511	-0.004853792	0.9817166	0	0	0	-315	0.9965019	-315.157	
511.1976	COLLISION_NONE	NOT_SWITCH	NOT_RESET	NOT_WAYPOINT	-315.2804	1.799812	-315.157	0.1702246	0.02736543	-0.004729141	0.9850139	0	0	0	-315	0.9965019	-315.157	
511.2176	COLLISION_NONE	NOT_SWITCH	NOT_RESET	NOT_WAYPOINT	-315.2804	1.799812	-315.157	0.1447869	0.03088794	-0.004522047	0.9889703	0	0	0	-315	0.9965019	-315.157	
511.2376	COLLISION_NONE	NOT_SWITCH	NOT_RESET	NOT_WAYPOINT	-315.2804	1.799812	-315.157	0.1342922	0.03251941	-0.004409442	0.9903982	0	0	0	-315	0.9965019	-315.157	
511.2576	COLLISION_NONE	NOT_SWITCH	NOT_RESET	NOT_WAYPOINT	-315.2804	1.799812	-315.157	0.1243611	0.03412152	-0.004279159	0.9916409	0	0	0	-315	0.9965019	-315.157	
511.2776	COLLISION_NONE	NOT_SWITCH	NOT_RESET	NOT_WAYPOINT	-315.2804	1.799812	-315.157	0.1147076	0.03570559	-0.004125617	0.9927489	0	0	0	-315	0.9965019	-315.157	
511.2975	COLLISION_NONE	NOT_SWITCH	NOT_RESET	NOT_WAYPOINT	-315.2804	1.799812	-315.157	0.08068317	0.03888861	-0.003150333	0.9959759	0	0	0	-315	0.9965019	-315.157	
511.3175	COLLISION_NONE	NOT_SWITCH	NOT_RESET	NOT_WAYPOINT	-315.2804	1.799812	-315.157	0.06171317	0.04045669	-0.002503544	0.9972705	0	0	0	-315	0.9965019	-315.157	
511.3375	COLLISION_NONE	NOT_SWITCH	NOT_RESET	NOT_WAYPOINT	-315.2804	1.799812	-315.157	0.04438068	0.04200174	-0.001867559	0.9981296	0	0	0	-315	0.9965019	-315.157	
511.3575	COLLISION_NONE	NOT_SWITCH	NOT_RESET	NOT_WAYPOINT	-315.2804	1.799812	-315.157	0.02786618	0.0435295	-0.001214625	0.9986627	0	0	0	-315	0.9965019	-315.157	
511.3775	COLLISION_NONE	NOT_SWITCH	NOT_RESET	NOT_WAYPOINT	-315.2804	1.799812	-315.157	0.01176092	0.04495924	-0.0005293341	0.9989194	0	0	0	-315	0.9965019	-315.157	
511.3975	COLLISION_NONE	NOT_SWITCH	NOT_RESET	NOT_WAYPOINT	-315.2336	1.799674	-314.6384	-0.01915045	0.04737341	0.0009084088	0.9986932	0	0	0	-315	1.002922	-314.6384	
511.4175	COLLISION_NONE	NOT_SWITCH	NOT_RESET	NOT_WAYPOINT	-315.0492	1.861135	-312.6994	-0.02178811	0.04817353	0.001051081	0.9986008	0	0	0	-315	1.027385	-312.6994	
511.4375	COLLISION_NONE	NOT_SWITCH	NOT_RESET	NOT_WAYPOINT	-314.8821	1.928723	-310.9596	-0.02777527	0.0486699	0.001353949	0.9984277	0	0	0	-315	1.049963	-310.9596	
511.4575	COLLISION_NONE	NOT_SWITCH	NOT_RESET	NOT_WAYPOINT	-314.7146	2.012396	-309.2321	-0.0354533	0.04887077	0.0017358	0.9981742	0	0	0	-315	1.072988	-309.2321	
511.4774	COLLISION_NONE	NOT_SWITCH	NOT_RESET	NOT_WAYPOINT	-314.5443	2.121061	-307.4883	-0.0273151	0.04874251	0.001333491	0.9984369	0	0	0	-315	1.096863	-307.4883	
511.4974	COLLISION_NONE	NOT_SWITCH	NOT_RESET	NOT_WAYPOINT	-314.363	2.223047	-305.6363	-0.0154229	0.04719729	0.0007288183	0.9987662	0	0	0	-315	1.122939	-305.6363	
511.5174	COLLISION_NONE	NOT_SWITCH	NOT_RESET	NOT_WAYPOINT	-314.1714	2.268117	-303.5988	-0.004389544	0.04588658	0.0002016355	0.998937	0	0	0	-315	1.152511	-303.5988	
511.5374	COLLISION_NONE	NOT_SWITCH	NOT_RESET	NOT_WAYPOINT	-313.991	2.286623	-301.642	0.005827507	0.04435421	-0.0002587335	0.9989988	0	0	0	-315	1.181817	-301.642	
511.5574	COLLISION_NONE	NOT_SWITCH	NOT_RESET	NOT_WAYPOINT	-313.8113	2.301288	-299.6855	0.01564212	0.04261006	-0.0006671995	0.9989691	0	0	0	-315	1.212038	-299.6855	
511.5774	COLLISION_NONE	NOT_SWITCH	NOT_RESET	NOT_WAYPOINT	-313.6322	2.312503	-297.7292	0.0252667	0.04065873	-0.001028492	0.9988531	0	0	0	-315	1.243209	-297.7292	
511.5974	COLLISION_NONE	NOT_SWITCH	NOT_RESET	NOT_WAYPOINT	-313.4536	2.320496	-295.773	0.04426114	0.03614143	-0.001602281	0.9983648	0	0	0	-315	1.275368	-295.773	
511.6174	COLLISION_NONE	NOT_SWITCH	NOT_RESET	NOT_WAYPOINT	-313.2762	2.322433	-293.817	0.05590732	0.03357213	-0.001880935	0.9978696	0	0	0	-315	1.308547	-293.817	
511.6374	COLLISION_NONE	NOT_SWITCH	NOT_RESET	NOT_WAYPOINT	-313.0995	2.321708	-291.8612	0.07085552	0.03078884	-0.002188104	0.9970089	0	0	0	-315	1.342788	-291.8612	
511.6573	COLLISION_NONE	NOT_SWITCH	NOT_RESET	NOT_WAYPOINT	-312.9272	2.299748	-289.9082	0.08652095	0.02779217	-0.002414603	0.9958594	0	0	0	-315	1.378078	-289.9082	
511.6773	COLLISION_NONE	NOT_SWITCH	NOT_RESET	NOT_WAYPOINT	-312.755	2.277191	-287.9553	0.1021641	0.0246601	-0.002533415	0.9944587	0	0	0	-315	1.414509	-287.9553	
511.6973	COLLISION_NONE	NOT_SWITCH	NOT_RESET	NOT_WAYPOINT	-312.5866	2.236506	-286.005	0.1333711	0.01826289	-0.002458123	0.9908949	0	0	0	-315	1.452073	-286.005	
511.7173	COLLISION_NONE	NOT_SWITCH	NOT_RESET	NOT_WAYPOINT	-312.4247	2.164776	-284.0598	0.1431327	0.01518002	-0.002195625	0.9895847	0	0	0	-315	1.490762	-284.0598	
511.7373	COLLISION_NONE	NOT_SWITCH	NOT_RESET	NOT_WAYPOINT	-312.2653	2.082042	-282.1164	0.1400918	0.01218157	-0.001723668	0.9900621	0	0	0	-315	1.530677	-282.1164	
511.7573	COLLISION_NONE	NOT_SWITCH	NOT_RESET	NOT_WAYPOINT	-312.1081	1.990038	-280.1742	0.1355776	0.009292023	-0.001271587	0.9907224	0	0	0	-315	1.571877	-280.1742	
511.7773	COLLISION_NONE	NOT_SWITCH	NOT_RESET	NOT_WAYPOINT	-311.9538	1.887912	-278.2333	0.1332756	0.00649177	-0.0008730013	0.9910574	0	0	0	-315	1.614411	-278.2333	
511.7973	COLLISION_NONE	NOT_SWITCH	NOT_RESET	NOT_WAYPOINT	-311.8028	1.774837	-276.2937	0.1236271	0.001186048	-0.0001477613	0.992328	0	0	0	-315	1.658324	-276.2937	
511.8173	COLLISION_NONE	NOT_SWITCH	NOT_RESET	NOT_WAYPOINT	-311.666	1.763177	-274.4313	-0.1139468	0.001216929	-0.0001395743	-0.9934861	0	0	0	-315	1.701865	-274.4313	
511.8372	COLLISION_NONE	NOT_SWITCH	NOT_RESET	NOT_WAYPOINT	-311.5676	1.765629	-272.6249	-0.1044206	0.003410097	-0.0003580438	-0.9945273	0	0	0	-315	1.745434	-272.6249	
511.8572	COLLISION_NONE	NOT_SWITCH	NOT_RESET	NOT_WAYPOINT	-311.5187	1.770446	-270.8618	-0.09494888	0.005395369	-0.0005146168	-0.9954674	0	0	0	-315	1.789272	-270.8618	
511.8772	COLLISION_NONE	NOT_SWITCH	NOT_RESET	NOT_WAYPOINT	-311.5083	1.775337	-269.1144	-0.08552495	0.007174422	-0.0006158646	-0.9963101	0	0	0	-315	1.834047	-269.1144	
511.8972	COLLISION_NONE	NOT_SWITCH	NOT_RESET	NOT_WAYPOINT	-311.5208	1.779852	-267.3572	-0.04546684	0.01012705	-0.0004609454	-0.9989144	0	0	0	-315	1.880453	-267.3572	
511.9172	COLLISION_NONE	NOT_SWITCH	NOT_RESET	NOT_WAYPOINT	-311.5666	1.79167	-265.4585	-0.02772035	0.01129113	-0.0003131342	-0.999552	0	0	0	-315	1.932207	-265.4585	
511.9372	COLLISION_NONE	NOT_SWITCH	NOT_RESET	NOT_WAYPOINT	-311.6109	1.796736	-263.5399	-0.01099104	0.01225096	-0.0001346691	-0.9998646	0	0	0	-315	1.986265	-263.5399	
511.9572	COLLISION_NONE	NOT_SWITCH	NOT_RESET	NOT_WAYPOINT	-311.6588	1.799096	-261.5752	0.005228199	0.0131634	6.882776E-05	-0.9998997	0	0	0	-315	2.043535	-261.5752	
511.9772	COLLISION_NONE	NOT_SWITCH	NOT_RESET	NOT_WAYPOINT	-311.7107	1.816754	-259.5811	0.02118937	0.01403677	0.0002975264	-0.9996769	0	0	0	-315	2.103713	-259.5811	
511.9972	COLLISION_NONE	NOT_SWITCH	NOT_RESET	NOT_WAYPOINT	-311.7629	1.839589	-257.5868	0.05277025	0.01566202	0.0008277438	-0.9984835	0	0	0	-315	2.166055	-257.5868	
512.0172	COLLISION_NONE	NOT_SWITCH	NOT_RESET	NOT_WAYPOINT	-311.8156	1.872154	-255.5927	0.06847829	0.01648373	0.001131588	-0.9975158	0	0	0	-315	2.230634	-255.5927	
512.0372	COLLISION_NONE	NOT_SWITCH	NOT_RESET	NOT_WAYPOINT	-311.8687	1.909621	-253.5988	0.08415285	0.01733875	0.001464523	-0.9963009	0	0	0	-315	2.297539	-253.5988	
512.0572	COLLISION_NONE	NOT_SWITCH	NOT_RESET	NOT_WAYPOINT	-311.9219	1.952174	-251.6054	0.09703704	0.01831672	0.001786133	-0.9951106	0	0	0	-315	2.366862	-251.6054	
512.0772	COLLISION_NONE	NOT_SWITCH	NOT_RESET	NOT_WAYPOINT	-311.9755	2.000093	-249.6125	0.1094657	0.02070926	0.00228116	-0.9937722	0	0	0	-315	2.438697	-249.6125	
512.0972	COLLISION_NONE	NOT_SWITCH	NOT_RESET	NOT_WAYPOINT	-312.0299	2.059471	-247.6207	0.1023297	0.02186774	0.002250077	-0.9945076	0	0	0	-315	2.513121	-247.6207	
512.1172	COLLISION_NONE	NOT_SWITCH	NOT_RESET	NOT_WAYPOINT	-312.0848	2.125446	-245.6297	0.09871347	0.02295595	0.002277795	-0.9948485	0	0	0	-315	2.59026	-245.6297	
512.1373	COLLISION_NONE	NOT_SWITCH	NOT_RESET	NOT_WAYPOINT	-312.1406	2.198455	-243.6393	0.0968656	0.02401178	0.002337591	-0.9950051	0	0	0	-315	2.670226	-243.6393	
512.1573	COLLISION_NONE	NOT_SWITCH	NOT_RESET	NOT_WAYPOINT	-312.1972	2.278903	-241.6497	0.09588945	0.02505367	0.002414276	-0.9950737	0	0	0	-315	2.753131	-241.6497	
512.1773	COLLISION_NONE	NOT_SWITCH	NOT_RESET	NOT_WAYPOINT	-312.2549	2.367176	-239.6608	0.09511598	0.02711775	0.00259205	-0.9950934	0	0	0	-315	2.839097	-239.6608	
512.1973	COLLISION_NONE	NOT_SWITCH	NOT_RESET	NOT_WAYPOINT	-312.3153	2.471807	-237.6735	0.09495796	0.02813998	0.002685328	-0.9950799	0	0	0	-315	2.928212	-237.6735	
512.2173	COLLISION_NONE	NOT_SWITCH	NOT_RESET	NOT_WAYPOINT	-312.3773	2.585272	-235.6871	0.08969378	0.02917395	0.002628449	-0.9955385	0	0	0	-315	3.020638	-235.6871	
512.2374	COLLISION_NONE	NOT_SWITCH	NOT_RESET	NOT_WAYPOINT	-312.4413	2.707831	-233.7014	0.0833773	0.03020741	0.002528582	-0.9960569	0	0	0	-315	3.11651	-233.7014	
512.2574	COLLISION_NONE	NOT_SWITCH	NOT_RESET	NOT_WAYPOINT	-312.5078	2.839606	-231.7166	0.07708979	0.03123776	0.002416494	-0.9965318	0	0	0	-315	3.215978	-231.7166	
512.2774	COLLISION_NONE	NOT_SWITCH	NOT_RESET	NOT_WAYPOINT	-312.5772	2.980527	-229.7323	0.06450355	0.0332169	0.002148275	-0.9973622	0	0	0	-315	3.319193	-229.7323	
512.2974	COLLISION_NONE	NOT_SWITCH	NOT_RESET	NOT_WAYPOINT	-312.6548	3.138695	-227.749	0.05823082	0.0340685	0.001988371	-0.9977197	0	0	0	-315	3.426297	-227.749	
512.3174	COLLISION_NONE	NOT_SWITCH	NOT_RESET	NOT_WAYPOINT	-312.7378	3.303867	-225.7659	0.05194977	0.03481157	0.001812003	-0.9980412	0	0	0	-315	3.537493	-225.7659	
512.3375	COLLISION_NONE	NOT_SWITCH	NOT_RESET	NOT_WAYPOINT	-312.8274	3.474033	-223.7825	0.04566385	0.03543711	0.001620907	-0.9983268	0	0	0	-315	3.652972	-223.7825	
512.3575	COLLISION_NONE	NOT_SWITCH	NOT_RESET	NOT_WAYPOINT	-312.9241	3.645922	-221.7988	0.0393992	0.03594512	0.001418229	-0.9985758	0	0	0	-315	3.772932	-221.7988	
512.3775	COLLISION_NONE	NOT_SWITCH	NOT_RESET	NOT_WAYPOINT	-313.027	3.815929	-219.8143	0.02690739	0.03660979	0.0009860927	-0.9989669	0	0	0	-315	3.897575	-219.8143	
512.3975	COLLISION_NONE	NOT_SWITCH	NOT_RESET	NOT_WAYPOINT	-313.1373	3.977573	-217.8288	0.02063876	0.03675771	0.0007593086	-0.9991108	0	0	0	-315	4.027135	-217.8288	
512.4175	COLLISION_NONE	NOT_SWITCH	NOT_RESET	NOT_WAYPOINT	-313.2496	4.134847	-215.8428	0.01434415	0.03677939	0.0005279809	-0.9992203	0	0	0	-315	4.161771	-215.8428	
512.4376	COLLISION_NONE	NOT_SWITCH	NOT_RESET	NOT_WAYPOINT	-313.3634	4.287727	-213.8565	0.01438229	0.03679724	0.0005296422	-0.9992191	0	0	0	-315	4.301695	-213.8565	
512.4576	COLLISION_NONE	NOT_SWITCH	NOT_RESET	NOT_WAYPOINT	-313.4788	4.436296	-211.8699	0.01447041	0.03681934	0.0005332083	-0.999217	0	0	0	-315	4.44713	-211.8699	
512.4776	COLLISION_NONE	NOT_SWITCH	NOT_RESET	NOT_WAYPOINT	-313.5971	4.57643	-209.8826	0.02780035	0.03681324	0.001024512	-0.9989349	0	0	0	-315	4.59833	-209.8826	
512.4976	COLLISION_NONE	NOT_SWITCH	NOT_RESET	NOT_WAYPOINT	-313.7184	4.713557	-207.8949	0.03762035	0.03680139	0.001386404	-0.9986133	0	0	0	-315	4.755521	-207.8949	
512.5176	COLLISION_NONE	NOT_SWITCH	NOT_RESET	NOT_WAYPOINT	-313.843	4.852469	-205.907	0.04567899	0.036789	0.001683385	-0.9982771	0	0	0	-315	4.918929	-205.907	
512.5377	COLLISION_NONE	NOT_SWITCH	NOT_RESET	NOT_WAYPOINT	-313.9692	4.994388	-203.9192	0.05286186	0.03677593	0.001948091	-0.9979225	0	0	0	-315	5.08879	-203.9192	
512.5577	COLLISION_NONE	NOT_SWITCH	NOT_RESET	NOT_WAYPOINT	-314.0963	5.139345	-201.9316	0.06614038	0.03674675	0.002437438	-0.9971305	0	0	0	-315	5.265354	-201.9316	
512.5777	COLLISION_NONE	NOT_SWITCH	NOT_RESET	NOT_WAYPOINT	-314.2245	5.290354	-199.9445	0.07254093	0.03673034	0.002673314	-0.9966853	0	0	0	-315	5.448867	-199.9445	
512.5977	COLLISION_NONE	NOT_SWITCH	NOT_RESET	NOT_WAYPOINT	-314.3531	5.44439	-197.9578	0.07888405	0.03671258	0.002907074	-0.9962034	0	0	0	-315	5.639622	-197.9578	
512.6177	COLLISION_NONE	NOT_SWITCH	NOT_RESET	NOT_WAYPOINT	-314.4819	5.601496	-195.9713	0.08519675	0.03670291	0.003140526	-0.995683	0	0	0	-315	5.837903	-195.9713	
512.6378	COLLISION_NONE	NOT_SWITCH	NOT_RESET	NOT_WAYPOINT	-314.6111	5.761738	-193.9852	0.0914809	0.03669872	0.00337368	-0.9951246	0	0	0	-315	6.043998	-193.9852	
512.6578	COLLISION_NONE	NOT_SWITCH	NOT_RESET	NOT_WAYPOINT	-314.7405	5.925204	-191.9995	0.1040206	0.03681132	0.003852689	-0.9938862	0	0	0	-315	6.25821	-191.9995	
512.6778	COLLISION_NONE	NOT_SWITCH	NOT_RESET	NOT_WAYPOINT	-314.8704	6.095343	-190.0147	0.1102687	0.03703689	0.00411196	-0.993203	0	0	0	-315	6.480785	-190.0147	
512.6978	COLLISION_NONE	NOT_SWITCH	NOT_RESET	NOT_WAYPOINT	-315.0004	6.26911	-188.0304	0.1032564	0.03727092	0.003871891	-0.9939487	0	0	0	-315	6.712078	-188.0304	
512.7178	COLLISION_NONE	NOT_SWITCH	NOT_RESET	NOT_WAYPOINT	-315.1307	6.446703	-186.0466	0.09971356	0.03746963	0.003757635	-0.9943033	0	0	0	-315	6.952407	-186.0466	
512.7379	COLLISION_NONE	NOT_SWITCH	NOT_RESET	NOT_WAYPOINT	-315.2613	6.628285	-184.0634	0.09789462	0.03765307	0.003706503	-0.9944773	0	0	0	-315	7.202096	-184.0634	
512.7579	COLLISION_NONE	NOT_SWITCH	NOT_RESET	NOT_WAYPOINT	-315.3923	6.814002	-182.0807	0.0964931	0.0380085	0.003687467	-0.9946008	0	0	0	-315	7.461476	-182.0807	
512.7779	COLLISION_NONE	NOT_SWITCH	NOT_RESET	NOT_WAYPOINT	-315.5241	7.008245	-180.0991	0.09626271	0.03818767	0.003695947	-0.9946163	0	0	0	-315	7.730804	-180.0991	
512.7979	COLLISION_NONE	NOT_SWITCH	NOT_RESET	NOT_WAYPOINT	-315.6563	7.206982	-178.118	0.09615877	0.03836093	0.003708694	-0.9946197	0	0	0	-315	8.010476	-178.118	
512.8179	COLLISION_NONE	NOT_SWITCH	NOT_RESET	NOT_WAYPOINT	-315.789	7.410313	-176.1376	0.08985744	0.03855354	0.003481024	-0.9952021	0	0	0	-315	8.300831	-176.1376	
512.838	COLLISION_NONE	NOT_SWITCH	NOT_RESET	NOT_WAYPOINT	-315.9222	7.618326	-174.1578	0.08354495	0.03875288	0.003251443	-0.9957449	0	0	0	-315	8.602209	-174.1578	
512.858	COLLISION_NONE	NOT_SWITCH	NOT_RESET	NOT_WAYPOINT	-316.0563	7.831044	-172.1784	0.07101379	0.03903881	0.002781452	-0.9967073	0	0	0	-315	8.914949	-172.1784	
512.878	COLLISION_NONE	NOT_SWITCH	NOT_RESET	NOT_WAYPOINT	-316.1926	8.052948	-170.1999	0.06477564	0.03890044	0.002527033	-0.9971382	0	0	0	-315	9.239337	-170.1999	
512.898	COLLISION_NONE	NOT_SWITCH	NOT_RESET	NOT_WAYPOINT	-316.3309	8.278801	-168.2215	0.05852617	0.03847649	0.002257431	-0.9975416	0	0	0	-315	9.575803	-168.2215	
512.918	COLLISION_NONE	NOT_SWITCH	NOT_RESET	NOT_WAYPOINT	-316.4727	8.506543	-166.2427	0.05219728	0.03777461	0.001975842	-0.9979202	0	0	0	-315	9.924782	-166.2427	
512.938	COLLISION_NONE	NOT_SWITCH	NOT_RESET	NOT_WAYPOINT	-316.6157	8.731569	-164.2632	0.04593169	0.0368357	0.001694869	-0.9982638	0	0	0	-315	10.28663	-164.2632	
512.9581	COLLISION_NONE	NOT_SWITCH	NOT_RESET	NOT_WAYPOINT	-316.7589	8.95401	-162.2832	0.03346545	0.03430667	0.00114941	-0.9988503	0	0	0	-315	10.66163	-162.2832	
512.9781	COLLISION_NONE	NOT_SWITCH	NOT_RESET	NOT_WAYPOINT	-316.9019	9.171516	-160.3027	0.02721504	0.03273229	0.0008916192	-0.9990932	0	0	0	-315	11.05009	-160.3027	
512.9981	COLLISION_NONE	NOT_SWITCH	NOT_RESET	NOT_WAYPOINT	-317.0446	9.386639	-158.3219	0.02286048	0.03090383	0.0007069993	-0.9992607	0	0	0	-315	11.45224	-158.3219	
513.0181	COLLISION_NONE	NOT_SWITCH	NOT_RESET	NOT_WAYPOINT	-317.187	9.599378	-156.3408	0.01878347	0.0288104	0.0005414794	-0.9994082	0	0	0	-315	11.86831	-156.3408	
513.0381	COLLISION_NONE	NOT_SWITCH	NOT_RESET	NOT_WAYPOINT	-317.3289	9.809721	-154.3595	0.02289872	0.02651296	0.0006074859	-0.999386	0	0	0	-315	12.2985	-154.3595	
513.0582	COLLISION_NONE	NOT_SWITCH	NOT_RESET	NOT_WAYPOINT	-317.47	10.01769	-152.3779	0.03496661	0.02131417	0.0007459102	-0.9991609	0	0	0	-315	12.74301	-152.3779	
513.0782	COLLISION_NONE	NOT_SWITCH	NOT_RESET	NOT_WAYPOINT	-317.6085	10.22148	-150.3956	0.04287273	0.01841215	0.0007902402	-0.9989106	0	0	0	-315	13.20208	-150.3956	
513.0982	COLLISION_NONE	NOT_SWITCH	NOT_RESET	NOT_WAYPOINT	-317.7448	10.42416	-148.4131	0.05039933	0.01535704	0.0007750615	-0.9986108	0	0	0	-315	13.67571	-148.4131	
513.1182	COLLISION_NONE	NOT_SWITCH	NOT_RESET	NOT_WAYPOINT	-317.8786	10.62679	-146.4303	0.05556874	0.01217659	0.0006777354	-0.9983804	0	0	0	-315	14.16394	-146.4303	
513.1382	COLLISION_NONE	NOT_SWITCH	NOT_RESET	NOT_WAYPOINT	-318.01	10.82996	-144.4475	0.06185438	0.005484672	0.000339907	-0.9980701	0	0	0	-315	14.66674	-144.4475	
513.1583	COLLISION_NONE	NOT_SWITCH	NOT_RESET	NOT_WAYPOINT	-318.1369	11.03475	-142.4645	0.06562582	0.001970476	0.0001295937	-0.9978424	0	0	0	-315	15.18403	-142.4645	
513.1783	COLLISION_NONE	NOT_SWITCH	NOT_RESET	NOT_WAYPOINT	-318.2616	11.24059	-140.4815	-0.06954014	0.001645976	0.0001147393	0.9975778	0	0	0	-315	15.71565	-140.4815	
513.1983	COLLISION_NONE	NOT_SWITCH	NOT_RESET	NOT_WAYPOINT	-318.3841	11.44761	-138.4986	-0.07351896	0.005294689	0.0003903218	0.9972798	0	0	0	-315	16.26136	-138.4986	
513.2183	COLLISION_NONE	NOT_SWITCH	NOT_RESET	NOT_WAYPOINT	-318.5045	11.65592	-136.5157	-0.07713368	0.00888647	0.0006875218	0.996981	0	0	0	-315	16.82089	-136.5157	
513.2383	COLLISION_NONE	NOT_SWITCH	NOT_RESET	NOT_WAYPOINT	-318.6227	11.86563	-134.5329	-0.07416644	0.01521963	0.001132036	0.9971291	0	0	0	-315	17.39383	-134.5329	
513.2584	COLLISION_NONE	NOT_SWITCH	NOT_RESET	NOT_WAYPOINT	-318.7361	12.07775	-132.5503	-0.07573971	0.01801687	0.001368748	0.9969639	0	0	0	-315	17.97971	-132.5503	
513.2784	COLLISION_NONE	NOT_SWITCH	NOT_RESET	NOT_WAYPOINT	-318.847	12.29112	-130.5677	-0.08705892	0.02057972	0.001798864	0.995989	0	0	0	-315	18.57799	-130.5677	
513.2984	COLLISION_NONE	NOT_SWITCH	NOT_RESET	NOT_WAYPOINT	-318.9555	12.50617	-128.5854	-0.09582953	0.0229398	0.002209067	0.995131	0	0	0	-315	19.18799	-128.5854	
513.3184	COLLISION_NONE	NOT_SWITCH	NOT_RESET	NOT_WAYPOINT	-319.0617	12.72318	-126.6033	-0.1033247	0.02509804	0.002608041	0.9943276	0	0	0	-315	19.80893	-126.6033	
513.3384	COLLISION_NONE	NOT_SWITCH	NOT_RESET	NOT_WAYPOINT	-319.1655	12.94242	-124.6215	-0.1145568	0.02881287	0.003324001	0.9929932	0	0	0	-315	20.43994	-124.6216	
513.3585	COLLISION_NONE	NOT_SWITCH	NOT_RESET	NOT_WAYPOINT	-319.2646	13.16662	-122.6405	-0.1185659	0.03036989	0.003628135	0.992475	0	0	0	-315	21.07992	-122.6405	
513.3785	COLLISION_NONE	NOT_SWITCH	NOT_RESET	NOT_WAYPOINT	-319.3611	13.39371	-120.66	-0.1212096	0.03172719	0.003876214	0.9921122	0	0	0	-315	21.72789	-120.66	
513.3985	COLLISION_NONE	NOT_SWITCH	NOT_RESET	NOT_WAYPOINT	-319.455	13.62391	-118.68	-0.1232629	0.03288158	0.004086504	0.9918208	0	0	0	-315	22.38267	-118.68	
513.4185	COLLISION_NONE	NOT_SWITCH	NOT_RESET	NOT_WAYPOINT	-319.5459	13.85746	-116.7006	-0.1240125	0.03383545	0.00423116	0.9916946	0	0	0	-315	23.043	-116.7006	
513.4385	COLLISION_NONE	NOT_SWITCH	NOT_RESET	NOT_WAYPOINT	-319.6338	14.09461	-114.7218	-0.1254886	0.03521262	0.004456845	0.99146	0	0	0	-315	23.70751	-114.7218	
513.4586	COLLISION_NONE	NOT_SWITCH	NOT_RESET	NOT_WAYPOINT	-319.7151	14.33943	-112.7444	-0.1276889	0.03580891	0.004613194	0.9911569	0	0	0	-315	24.37452	-112.7444	
513.4786	COLLISION_NONE	NOT_SWITCH	NOT_RESET	NOT_WAYPOINT	-319.7926	14.58866	-110.7678	-0.1298872	0.03637804	0.004768675	0.9908497	0	0	0	-315	25.04271	-110.7678	
513.4986	COLLISION_NONE	NOT_SWITCH	NOT_RESET	NOT_WAYPOINT	-319.8662	14.84265	-108.792	-0.1320843	0.03690756	0.004921472	0.990539	0	0	0	-315	25.7105	-108.7921	
513.5186	COLLISION_NONE	NOT_SWITCH	NOT_RESET	NOT_WAYPOINT	-319.9357	15.10177	-106.8173	-0.1342807	0.03738596	0.005069767	0.9902249	0	0	0	-315	26.37624	-106.8173	
513.5386	COLLISION_NONE	NOT_SWITCH	NOT_RESET	NOT_WAYPOINT	-320.0008	15.3664	-104.8436	-0.1388551	0.03806131	0.005340728	0.9895666	0	0	0	-315	27.03825	-104.8436	
513.5587	COLLISION_NONE	NOT_SWITCH	NOT_RESET	NOT_WAYPOINT	-320.0569	15.64297	-102.8722	-0.1308147	0.03832944	0.005061364	0.9906527	0	0	0	-315	27.69441	-102.8722	
513.5787	COLLISION_NONE	NOT_SWITCH	NOT_RESET	NOT_WAYPOINT	-320.1076	15.92598	-100.9021	-0.1264191	0.03855706	0.00491755	0.9912151	0	0	0	-315	28.34344	-100.9021	
513.5987	COLLISION_NONE	NOT_SWITCH	NOT_RESET	NOT_WAYPOINT	-320.1523	16.21556	-98.93312	-0.1230227	0.03876801	0.00480958	0.9916347	0	0	0	-315	28.98365	-98.93312	
513.6187	COLLISION_NONE	NOT_SWITCH	NOT_RESET	NOT_WAYPOINT	-320.1904	16.51176	-96.96535	-0.1159284	0.03898972	0.004554258	0.9924816	0	0	0	-315	29.61342	-96.96535	
513.6387	COLLISION_NONE	NOT_SWITCH	NOT_RESET	NOT_WAYPOINT	-320.2212	16.81427	-94.99864	-0.1028752	0.039413	0.004079487	0.9939048	0	0	0	-315	30.23117	-94.99864	
513.6588	COLLISION_NONE	NOT_SWITCH	NOT_RESET	NOT_WAYPOINT	-320.2354	17.12747	-93.03353	-0.09656818	0.03961898	0.003846976	0.9945301	0	0	0	-315	30.8352	-93.03354	
513.6788	COLLISION_NONE	NOT_SWITCH	NOT_RESET	NOT_WAYPOINT	-320.2404	17.44456	-91.06889	-0.09030152	0.0398229	0.003613734	0.9951114	0	0	0	-315	31.42439	-91.06889	
513.6988	COLLISION_NONE	NOT_SWITCH	NOT_RESET	NOT_WAYPOINT	-320.2357	17.7642	-89.10447	-0.08405345	0.04002536	0.003378963	0.9956514	0	0	0	-315	31.99741	-89.10446	
513.7188	COLLISION_NONE	NOT_SWITCH	NOT_RESET	NOT_WAYPOINT	-320.2214	18.08482	-87.13999	-0.07153347	0.04042807	0.002901784	0.9966143	0	0	0	-315	32.55304	-87.13998	
513.7388	COLLISION_NONE	NOT_SWITCH	NOT_RESET	NOT_WAYPOINT	-320.1885	18.40257	-85.17466	-0.06528113	0.04062875	0.002660176	0.9970359	0	0	0	-315	33.09029	-85.17464	
513.7589	COLLISION_NONE	NOT_SWITCH	NOT_RESET	NOT_WAYPOINT	-320.1474	18.71673	-83.20863	-0.05905357	0.04082982	0.002417392	0.9974166	0	0	0	-315	33.60804	-83.20863	
513.7789	COLLISION_NONE	NOT_SWITCH	NOT_RESET	NOT_WAYPOINT	-320.0992	19.02625	-81.24181	-0.05284315	0.04103106	0.002173085	0.9977572	0	0	0	-315	34.10534	-81.24182	
513.7989	COLLISION_NONE	NOT_SWITCH	NOT_RESET	NOT_WAYPOINT	-320.0446	19.33035	-79.27415	-0.04664442	0.04137289	0.00193358	0.9980526	0	0	0	-315	34.5814	-79.27415	
513.8189	COLLISION_NONE	NOT_SWITCH	NOT_RESET	NOT_WAYPOINT	-319.9844	19.62848	-77.30564	-0.04043324	0.04195224	0.001699154	0.9982997	0	0	0	-315	35.03555	-77.30563	
513.8389	COLLISION_NONE	NOT_SWITCH	NOT_RESET	NOT_WAYPOINT	-319.9192	19.92025	-75.33629	-0.03582794	0.04373678	0.001569511	0.9983993	0	0	0	-315	35.46725	-75.33629	
513.8589	COLLISION_NONE	NOT_SWITCH	NOT_RESET	NOT_WAYPOINT	-319.8444	20.19909	-73.36535	-0.03699132	0.04487866	0.001662938	0.998306	0	0	0	-315	35.87628	-73.36534	
513.879	COLLISION_NONE	NOT_SWITCH	NOT_RESET	NOT_WAYPOINT	-319.7647	20.47167	-71.39367	-0.03781778	0.04623554	0.001751656	0.9982129	0	0	0	-315	36.26224	-71.39368	
513.899	COLLISION_NONE	NOT_SWITCH	NOT_RESET	NOT_WAYPOINT	-319.6797	20.73824	-69.4213	-0.04464957	0.04778889	0.002138336	0.9978567	0	0	0	-315	36.62505	-69.4213	
513.919	COLLISION_NONE	NOT_SWITCH	NOT_RESET	NOT_WAYPOINT	-319.5888	20.99977	-67.44832	-0.05646467	0.05151083	0.002917087	0.9970707	0	0	0	-315	36.96478	-67.44832	
513.939	COLLISION_NONE	NOT_SWITCH	NOT_RESET	NOT_WAYPOINT	-319.4838	21.2553	-65.47467	-0.06237688	0.05367598	0.003359554	0.9966026	0	0	0	-315	37.28164	-65.47467	
513.959	COLLISION_NONE	NOT_SWITCH	NOT_RESET	NOT_WAYPOINT	-319.3716	21.51042	-63.50107	-0.06806806	0.05604428	0.003829769	0.996098	0	0	0	-315	37.57589	-63.50108	
513.9791	COLLISION_NONE	NOT_SWITCH	NOT_RESET	NOT_WAYPOINT	-319.2528	21.76658	-61.52775	-0.07093553	0.05859777	0.004174407	0.9957495	0	0	0	-315	37.84799	-61.52776	
513.9991	COLLISION_NONE	NOT_SWITCH	NOT_RESET	NOT_WAYPOINT	-319.1276	22.02428	-59.55484	-0.06558914	0.06097047	0.004015166	0.9959742	0	0	0	-315	38.09851	-59.55486	
514.0191	COLLISION_NONE	NOT_SWITCH	NOT_RESET	NOT_WAYPOINT	-318.9959	22.28224	-57.5822	-0.06152625	0.06541077	0.004040839	0.9959517	0	0	0	-315	38.32818	-57.58221	
514.0391	COLLISION_NONE	NOT_SWITCH	NOT_RESET	NOT_WAYPOINT	-318.8519	22.53929	-55.61003	-0.06082442	0.06756923	0.004126985	0.9958503	0	0	0	-315	38.53777	-55.61005	
514.0591	COLLISION_NONE	NOT_SWITCH	NOT_RESET	NOT_WAYPOINT	-318.702	22.79569	-53.63811	-0.06041518	0.06971216	0.004229746	0.9957271	0	0	0	-315	38.72814	-53.63812	
514.0792	COLLISION_NONE	NOT_SWITCH	NOT_RESET	NOT_WAYPOINT	-318.5463	23.05142	-51.66647	-0.06018905	0.07184593	0.004343499	0.9955885	0	0	0	-315	38.90022	-51.66647	
514.0992	COLLISION_NONE	NOT_SWITCH	NOT_RESET	NOT_WAYPOINT	-318.3849	23.3065	-49.69512	-0.06006708	0.07397418	0.00446377	0.9954395	0	0	0	-315	39.05496	-49.69513	
514.1192	COLLISION_NONE	NOT_SWITCH	NOT_RESET	NOT_WAYPOINT	-318.2179	23.56096	-47.72409	-0.05995253	0.07812361	0.004706638	0.9951283	0	0	0	-315	39.19336	-47.72409	
514.1392	COLLISION_NONE	NOT_SWITCH	NOT_RESET	NOT_WAYPOINT	-318.0397	23.81427	-45.75381	-0.05988664	0.07997248	0.004813423	0.9949849	0	0	0	-315	39.3164	-45.75381	
514.1592	COLLISION_NONE	NOT_SWITCH	NOT_RESET	NOT_WAYPOINT	-317.856	24.06706	-43.78393	-0.05822879	0.08162644	0.004777138	0.9949491	0	0	0	-315	39.42516	-43.78394	
514.1793	COLLISION_NONE	NOT_SWITCH	NOT_RESET	NOT_WAYPOINT	-317.6669	24.31908	-41.81444	-0.05563077	0.08308198	0.004645243	0.994978	0	0	0	-315	39.52066	-41.81445	
514.1993	COLLISION_NONE	NOT_SWITCH	NOT_RESET	NOT_WAYPOINT	-317.4725	24.57001	-39.84531	-0.05122519	0.08434307	0.004341722	0.9951097	0	0	0	-315	39.60394	-39.84531	
514.2193	COLLISION_NONE	NOT_SWITCH	NOT_RESET	NOT_WAYPOINT	-317.2729	24.81925	-37.87647	-0.04089489	0.08625776	0.003543708	0.9954269	0	0	0	-315	39.67601	-37.87646	
514.2393	COLLISION_NONE	NOT_SWITCH	NOT_RESET	NOT_WAYPOINT	-317.0637	25.06346	-35.90804	-0.0355512	0.08690792	0.003103407	0.995577	0	0	0	-315	39.73788	-35.90805	
514.2593	COLLISION_NONE	NOT_SWITCH	NOT_RESET	NOT_WAYPOINT	-316.85	25.30439	-33.93974	-0.03023309	0.08735257	0.002652303	0.9957151	0	0	0	-315	39.79053	-33.93973	
514.2794	COLLISION_NONE	NOT_SWITCH	NOT_RESET	NOT_WAYPOINT	-316.6323	25.54165	-31.9715	-0.02472503	0.08759275	0.002174765	0.9958471	0	0	0	-315	39.83487	-31.9715	
514.2994	COLLISION_NONE	NOT_SWITCH	NOT_RESET	NOT_WAYPOINT	-316.4107	25.77485	-30.00331	-0.01926083	0.08762811	0.001694627	0.9959656	0	0	0	-315	39.87181	-30.00333	
514.3194	COLLISION_NONE	NOT_SWITCH	NOT_RESET	NOT_WAYPOINT	-316.1855	26.00363	-28.03513	-0.01516092	0.08730434	0.001328843	0.9960654	0	0	0	-315	39.9022	-28.03513	
514.3394	COLLISION_NONE	NOT_SWITCH	NOT_RESET	NOT_WAYPOINT	-315.9535	26.22304	-26.06693	-0.01520447	0.08713672	0.001330082	0.9960794	0	0	0	-315	39.92686	-26.06693	
514.3594	COLLISION_NONE	NOT_SWITCH	NOT_RESET	NOT_WAYPOINT	-315.7178	26.43755	-24.09871	-0.01522049	0.0869688	0.001328899	0.9960939	0	0	0	-315	39.94655	-24.09872	
514.3795	COLLISION_NONE	NOT_SWITCH	NOT_RESET	NOT_WAYPOINT	-315.4786	26.64706	-22.13048	-0.01525085	0.08680059	0.001328955	0.9961081	0	0	0	-315	39.96197	-22.13049	
514.3995	COLLISION_NONE	NOT_SWITCH	NOT_RESET	NOT_WAYPOINT	-315.2357	26.85151	-20.16222	-0.01536233	0.0861428	0.001328451	0.9961635	0	0	0	-315	39.97379	-20.16223	
514.4195	COLLISION_NONE	NOT_SWITCH	NOT_RESET	NOT_WAYPOINT	-314.9856	27.04566	-18.19389	-0.01540779	0.08559473	0.001323843	0.99621	0	0	0	-315	39.98262	-18.19388	
514.4395	COLLISION_NONE	NOT_SWITCH	NOT_RESET	NOT_WAYPOINT	-314.7318	27.23458	-16.2255	-0.0154651	0.08474486	0.001315479	0.9962818	0	0	0	-315	39.989	-16.22549	
514.4595	COLLISION_NONE	NOT_SWITCH	NOT_RESET	NOT_WAYPOINT	-314.4746	27.41819	-14.25703	-0.003744046	0.08364347	0.0003142685	0.9964887	0	0	0	-315	39.99344	-14.25702	
514.4796	COLLISION_NONE	NOT_SWITCH	NOT_RESET	NOT_WAYPOINT	-314.2147	27.59604	-12.28845	0.01304913	0.08230078	-0.001077702	0.9965215	0	0	0	-315	39.99638	-12.28845	
514.4996	COLLISION_NONE	NOT_SWITCH	NOT_RESET	NOT_WAYPOINT	-313.9531	27.76776	-10.31976	0.02614651	0.08073509	-0.002118588	0.9963904	0	0	0	-315	39.9982	-10.31976	
514.5196	COLLISION_NONE	NOT_SWITCH	NOT_RESET	NOT_WAYPOINT	-313.69	27.93305	-8.351023	0.04770837	0.07698328	-0.003687928	0.9958835	0	0	0	-315	39.99923	-8.351013	
514.5396	COLLISION_NONE	NOT_SWITCH	NOT_RESET	NOT_WAYPOINT	-313.425	28.08468	-6.382295	0.05755827	0.07480425	-0.004324952	0.9955264	0	0	0	-315	39.99974	-6.382294	
514.5596	COLLISION_NONE	NOT_SWITCH	NOT_RESET	NOT_WAYPOINT	-313.1594	28.22859	-4.413655	0.06717572	0.07242432	-0.004889126	0.9950971	0	0	0	-315	39.99994	-4.413666	
514.5797	COLLISION_NONE	NOT_SWITCH	NOT_RESET	NOT_WAYPOINT	-312.8933	28.36421	-2.445169	0.07667558	0.0698434	-0.0053844	0.9945923	0	0	0	-315	40	-2.44516	
514.5997	COLLISION_NONE	NOT_SWITCH	NOT_RESET	NOT_WAYPOINT	-312.6271	28.49084	-0.476918	0.09554467	0.06407601	-0.006163158	0.9933416	0	0	0	-315	40	-0.4769287	
514.6197	COLLISION_NONE	NOT_SWITCH	NOT_RESET	NOT_WAYPOINT	-312.3611	28.59791	1.490595	0.1049663	0.06088734	-0.006438833	0.9925892	0	0	0	-315	40	1.49057	
514.6397	COLLISION_NONE	NOT_SWITCH	NOT_RESET	NOT_WAYPOINT	-312.0958	28.69331	3.457521	0.1143974	0.05749391	-0.006631878	0.9917478	0	0	0	-315	39.99998	3.457489	
514.6597	COLLISION_NONE	NOT_SWITCH	NOT_RESET	NOT_WAYPOINT	-311.8313	28.7758	5.423685	0.1238184	0.05389472	-0.006735	0.9908174	0	0	0	-315	39.99986	5.423676	
514.6797	COLLISION_NONE	NOT_SWITCH	NOT_RESET	NOT_WAYPOINT	-311.5683	28.84396	7.388875	0.1332299	0.05008767	-0.006741974	0.9897957	0	0	0	-315	39.99953	7.388885	
514.6998	COLLISION_NONE	NOT_SWITCH	NOT_RESET	NOT_WAYPOINT	-311.307	28.89617	9.352829	0.1520017	0.04184221	-0.006440769	0.9874732	0	0	0	-315	39.99879	9.352844	
514.7198	COLLISION_NONE	NOT_SWITCH	NOT_RESET	NOT_WAYPOINT	-311.0509	28.91277	11.31351	0.1417276	0.03766937	-0.005397217	0.989174	0	0	0	-315	39.9974	11.31351	
514.7398	COLLISION_NONE	NOT_SWITCH	NOT_RESET	NOT_WAYPOINT	-310.799	28.90725	13.2724	0.1366137	0.03373963	-0.004655673	0.9900387	0	0	0	-315	39.99508	13.2724	
514.7598	COLLISION_NONE	NOT_SWITCH	NOT_RESET	NOT_WAYPOINT	-310.5526	28.87743	15.22956	0.1340373	0.03000817	-0.004060735	0.9905135	0	0	0	-315	39.99146	15.22955	
514.7798	COLLISION_NONE	NOT_SWITCH	NOT_RESET	NOT_WAYPOINT	-310.3129	28.82137	17.18501	0.1327518	0.02651108	-0.003552114	0.9907883	0	0	0	-315	39.98616	17.18503	
514.7999	COLLISION_NONE	NOT_SWITCH	NOT_RESET	NOT_WAYPOINT	-310.0813	28.73739	19.13877	0.1169664	0.02021659	-0.002381506	0.9929273	0	0	0	-315	39.97872	19.13876	
514.8199	COLLISION_NONE	NOT_SWITCH	NOT_RESET	NOT_WAYPOINT	-309.871	28.5957	21.09036	0.1074395	0.01739051	-0.001879597	0.9940578	0	0	0	-315	39.96862	21.09036	
514.8399	COLLISION_NONE	NOT_SWITCH	NOT_RESET	NOT_WAYPOINT	-309.6749	28.42536	23.04206	0.09798212	0.01476978	-0.001454334	0.9950775	0	0	0	-315	39.95531	23.04202	
514.8599	COLLISION_NONE	NOT_SWITCH	NOT_RESET	NOT_WAYPOINT	-309.4954	28.22869	24.99484	0.08855501	0.01235193	-0.001098224	0.9959941	0	0	0	-315	39.93816	24.99484	
514.8799	COLLISION_NONE	NOT_SWITCH	NOT_RESET	NOT_WAYPOINT	-309.3344	28.00973	26.94979	0.07913911	0.01013409	-0.0008045677	0.9968117	0	0	0	-315	39.91646	26.9498	
514.9	COLLISION_NONE	NOT_SWITCH	NOT_RESET	NOT_WAYPOINT	-309.1939	27.77451	28.90805	0.05291266	0.0062935	-0.0003334796	0.9985793	0	0	0	-315	39.88948	28.90805	
514.92	COLLISION_NONE	NOT_SWITCH	NOT_RESET	NOT_WAYPOINT	-309.0955	27.53552	30.87617	0.03219649	0.004668941	-0.0001504031	0.9994707	0	0	0	-315	39.85628	30.87616	
514.94	COLLISION_NONE	NOT_SWITCH	NOT_RESET	NOT_WAYPOINT	-309.0058	27.30844	32.84727	0.01397989	0.003238576	-4.52796E-05	0.9998971	0	0	0	-315	39.8161	32.84729	
514.96	COLLISION_NONE	NOT_SWITCH	NOT_RESET	NOT_WAYPOINT	-308.9216	27.09382	34.82043	-0.002984549	0.001887648	5.633813E-06	0.9999938	0	0	0	-315	39.76805	34.82043	
514.98	COLLISION_NONE	NOT_SWITCH	NOT_RESET	NOT_WAYPOINT	-308.8417	26.89185	36.79507	-0.01931982	0.0005870028	1.134291E-05	0.9998132	0	0	0	-315	39.7112	36.79507	
515.0001	COLLISION_NONE	NOT_SWITCH	NOT_RESET	NOT_WAYPOINT	-308.7654	26.70279	38.77082	0.05118586	0.001865234	9.559912E-05	-0.9986874	0	0	0	-315	39.6446	38.77081	
515.0201	COLLISION_NONE	NOT_SWITCH	NOT_RESET	NOT_WAYPOINT	-308.6952	26.54054	40.74782	0.06694446	0.002998433	0.0002011807	-0.9977522	0	0	0	-315	39.56721	40.74783	
515.0401	COLLISION_NONE	NOT_SWITCH	NOT_RESET	NOT_WAYPOINT	-308.6277	26.39313	42.72499	0.08264704	0.004070515	0.0003375737	-0.9965705	0	0	0	-315	39.47808	42.72501	
515.0601	COLLISION_NONE	NOT_SWITCH	NOT_RESET	NOT_WAYPOINT	-308.5631	26.26167	44.70201	0.08893094	0.005134076	0.0004584006	-0.9960245	0	0	0	-315	39.37618	44.70203	
515.0801	COLLISION_NONE	NOT_SWITCH	NOT_RESET	NOT_WAYPOINT	-308.5016	26.14751	46.67872	0.09520128	0.006324391	0.0006048495	-0.9954378	0	0	0	-315	39.26048	46.67868	
515.1002	COLLISION_NONE	NOT_SWITCH	NOT_RESET	NOT_WAYPOINT	-308.4432	26.05209	48.65493	0.101059	0.009053157	0.0009196493	-0.9948388	0	0	0	-315	39.12997	48.65494	
515.1202	COLLISION_NONE	NOT_SWITCH	NOT_RESET	NOT_WAYPOINT	-308.3924	25.99724	50.62971	0.09565646	0.01034972	0.0009946321	-0.9953601	0	0	0	-315	38.9837	50.6297	
515.1402	COLLISION_NONE	NOT_SWITCH	NOT_RESET	NOT_WAYPOINT	-308.3464	25.96566	52.60387	0.0929252	0.01158175	0.001080988	-0.9956052	0	0	0	-315	38.82063	52.60388	
515.1602	COLLISION_NONE	NOT_SWITCH	NOT_RESET	NOT_WAYPOINT	-308.306	25.9585	54.57747	0.09150773	0.01278286	0.001174757	-0.9957216	0	0	0	-315	38.63979	54.57745	
515.1802	COLLISION_NONE	NOT_SWITCH	NOT_RESET	NOT_WAYPOINT	-308.2717	25.97658	56.55053	0.09034634	0.01515272	0.001374775	-0.9957942	0	0	0	-315	38.44027	56.55054	
515.2003	COLLISION_NONE	NOT_SWITCH	NOT_RESET	NOT_WAYPOINT	-308.2512	26.04594	58.52259	0.09008561	0.01633305	0.00147758	-0.995799	0	0	0	-315	38.22124	58.52258	
515.2203	COLLISION_NONE	NOT_SWITCH	NOT_RESET	NOT_WAYPOINT	-308.2382	26.14084	60.49416	0.08992105	0.01751421	0.001581549	-0.9957937	0	0	0	-315	37.98187	60.49417	
515.2403	COLLISION_NONE	NOT_SWITCH	NOT_RESET	NOT_WAYPOINT	-308.233	26.26065	62.46525	0.08631582	0.01870323	0.00162072	-0.9960909	0	0	0	-315	37.72144	62.46524	
515.2603	COLLISION_NONE	NOT_SWITCH	NOT_RESET	NOT_WAYPOINT	-308.2362	26.40429	64.43609	0.0799868	0.01989739	0.001596965	-0.996596	0	0	0	-315	37.43928	64.43613	
515.2803	COLLISION_NONE	NOT_SWITCH	NOT_RESET	NOT_WAYPOINT	-308.2488	26.5699	66.40718	0.04694926	0.02225299	0.001046175	-0.9986488	0	0	0	-315	37.13478	66.40717	
515.3004	COLLISION_NONE	NOT_SWITCH	NOT_RESET	NOT_WAYPOINT	-308.2953	26.75882	68.38508	0.02567858	0.02331388	0.0005990278	-0.9993982	0	0	0	-315	36.80636	68.38507	
515.3204	COLLISION_NONE	NOT_SWITCH	NOT_RESET	NOT_WAYPOINT	-308.3476	26.93686	70.36516	0.007187333	0.02426243	0.0001744381	-0.9996798	0	0	0	-315	36.45433	70.36517	
515.3404	COLLISION_NONE	NOT_SWITCH	NOT_RESET	NOT_WAYPOINT	-308.4032	27.1042	72.34648	-0.009910628	0.02510247	-0.0002488719	-0.9996358	0	0	0	-315	36.07863	72.34647	
515.3604	COLLISION_NONE	NOT_SWITCH	NOT_RESET	NOT_WAYPOINT	-308.461	27.26097	74.32861	-0.0263077	0.02593845	-0.0006828473	-0.9993171	0	0	0	-315	35.67926	74.32861	
515.3804	COLLISION_NONE	NOT_SWITCH	NOT_RESET	NOT_WAYPOINT	-308.5207	27.40707	76.31125	-0.05820375	0.02751609	-0.001604871	-0.9979241	0	0	0	-315	35.25638	76.31125	
515.4005	COLLISION_NONE	NOT_SWITCH	NOT_RESET	NOT_WAYPOINT	-308.5835	27.5312	78.29416	-0.07395664	0.02825452	-0.002096193	-0.9968589	0	0	0	-315	34.81029	78.29416	
515.4205	COLLISION_NONE	NOT_SWITCH	NOT_RESET	NOT_WAYPOINT	-308.6476	27.6432	80.27684	-0.08964712	0.02891251	-0.002603508	-0.9955505	0	0	0	-315	34.34153	80.27686	
515.4405	COLLISION_NONE	NOT_SWITCH	NOT_RESET	NOT_WAYPOINT	-308.7132	27.74216	82.25902	-0.1021671	0.02940351	-0.003021209	-0.994328	0	0	0	-315	33.85077	82.25903	
515.4605	COLLISION_NONE	NOT_SWITCH	NOT_RESET	NOT_WAYPOINT	-308.7802	27.82695	84.24043	-0.09170935	0.02992867	-0.002757611	-0.9953322	0	0	0	-315	33.33883	84.24045	
515.4805	COLLISION_NONE	NOT_SWITCH	NOT_RESET	NOT_WAYPOINT	-308.849	27.89619	86.22119	-0.08373176	0.03089017	-0.00259686	-0.9960061	0	0	0	-315	32.80658	86.22122	
515.5005	COLLISION_NONE	NOT_SWITCH	NOT_RESET	NOT_WAYPOINT	-308.922	27.93207	88.20086	-0.08235906	0.03135279	-0.002592281	-0.9961061	0	0	0	-315	32.25522	88.20087	
515.5206	COLLISION_NONE	NOT_SWITCH	NOT_RESET	NOT_WAYPOINT	-308.9976	27.94946	90.17998	-0.09093039	0.03165348	-0.00289171	-0.9953499	0	0	0	-315	31.68576	90.17996	
515.5406	COLLISION_NONE	NOT_SWITCH	NOT_RESET	NOT_WAYPOINT	-309.0757	27.94768	92.15828	-0.1016474	0.03183574	-0.003254554	-0.9943057	0	0	0	-315	31.09959	92.15826	
515.5606	COLLISION_NONE	NOT_SWITCH	NOT_RESET	NOT_WAYPOINT	-309.1562	27.92592	94.13541	-0.1163872	0.03188099	-0.00373788	-0.9926851	0	0	0	-315	30.49823	94.13541	
515.5806	COLLISION_NONE	NOT_SWITCH	NOT_RESET	NOT_WAYPOINT	-309.2388	27.88321	96.11086	-0.1390168	0.03163846	-0.004443715	-0.9897745	0	0	0	-315	29.88335	96.11084	
515.6006	COLLISION_NONE	NOT_SWITCH	NOT_RESET	NOT_WAYPOINT	-309.3251	27.79616	98.08167	-0.1448207	0.03135674	-0.004591843	-0.9889503	0	0	0	-315	29.25748	98.08167	
515.6207	COLLISION_NONE	NOT_SWITCH	NOT_RESET	NOT_WAYPOINT	-309.4132	27.68398	100.0495	-0.1479049	0.03096471	-0.004633085	-0.9885059	0	0	0	-315	28.6218	100.0494	
515.6407	COLLISION_NONE	NOT_SWITCH	NOT_RESET	NOT_WAYPOINT	-309.5031	27.54502	102.0139	-0.1480766	0.03046052	-0.004562982	-0.9884962	0	0	0	-315	27.9781	102.0139	
515.6607	COLLISION_NONE	NOT_SWITCH	NOT_RESET	NOT_WAYPOINT	-309.5948	27.37773	103.9748	-0.1481643	0.02981768	-0.004469299	-0.988503	0	0	0	-315	27.32814	103.9748	
515.6807	COLLISION_NONE	NOT_SWITCH	NOT_RESET	NOT_WAYPOINT	-309.6881	27.18088	105.932	-0.1482357	0.02802574	-0.004202551	-0.988546	0	0	0	-315	26.6737	105.932	
515.7007	COLLISION_NONE	NOT_SWITCH	NOT_RESET	NOT_WAYPOINT	-309.7841	26.92314	107.8817	-0.1482514	0.02679374	-0.004018101	-0.9885785	0	0	0	-315	26.01773	107.8817	
515.7208	COLLISION_NONE	NOT_SWITCH	NOT_RESET	NOT_WAYPOINT	-309.8807	26.63461	109.8275	-0.1482625	0.02531493	-0.003796472	-0.9886167	0	0	0	-315	25.36061	109.8275	
515.7408	COLLISION_NONE	NOT_SWITCH	NOT_RESET	NOT_WAYPOINT	-309.9775	26.31582	111.7697	-0.146727	0.0235962	-0.0035011	-0.9888894	0	0	0	-315	24.70391	111.7697	
515.7608	COLLISION_NONE	NOT_SWITCH	NOT_RESET	NOT_WAYPOINT	-310.0737	25.96778	113.7085	-0.1130716	0.0202267	-0.00230231	-0.9933783	0	0	0	-315	24.04903	113.7085	
515.7808	COLLISION_NONE	NOT_SWITCH	NOT_RESET	NOT_WAYPOINT	-310.1634	25.56453	115.6486	-0.1105759	0.01866052	-0.002076506	-0.9936903	0	0	0	-315	23.39583	115.6486	
515.8008	COLLISION_NONE	NOT_SWITCH	NOT_RESET	NOT_WAYPOINT	-310.2466	25.14671	117.5925	-0.1093347	0.01712933	-0.001884409	-0.9938556	0	0	0	-315	22.74485	117.5924	
515.8209	COLLISION_NONE	NOT_SWITCH	NOT_RESET	NOT_WAYPOINT	-310.3232	24.72193	119.5393	-0.1087153	0.01561672	-0.001708113	-0.9939488	0	0	0	-315	22.09772	119.5393	
515.8409	COLLISION_NONE	NOT_SWITCH	NOT_RESET	NOT_WAYPOINT	-310.3947	24.29464	121.4878	-0.1084067	0.01411405	-0.001539285	-0.9940053	0	0	0	-315	21.45615	121.4878	
515.8609	COLLISION_NONE	NOT_SWITCH	NOT_RESET	NOT_WAYPOINT	-310.4625	23.86646	123.4371	-0.09735009	0.01132984	-0.001108297	-0.9951851	0	0	0	-315	20.82154	123.4371	
515.8809	COLLISION_NONE	NOT_SWITCH	NOT_RESET	NOT_WAYPOINT	-310.5266	23.44272	125.3881	-0.08793359	0.01006122	-0.0008882048	-0.9960752	0	0	0	-315	20.19473	125.3881	
515.9009	COLLISION_NONE	NOT_SWITCH	NOT_RESET	NOT_WAYPOINT	-310.5899	23.0213	127.3396	-0.07852826	0.008881032	-0.0006996001	-0.9968721	0	0	0	-315	19.57705	127.3396	
515.921	COLLISION_NONE	NOT_SWITCH	NOT_RESET	NOT_WAYPOINT	-310.6526	22.60223	129.2916	-0.06910104	0.007798178	-0.0005401699	-0.997579	0	0	0	-315	18.96937	129.2916	
515.941	COLLISION_NONE	NOT_SWITCH	NOT_RESET	NOT_WAYPOINT	-310.7148	22.18557	131.2441	-0.05967866	0.006816711	-0.0004075481	-0.9981943	0	0	0	-315	18.37252	131.2441	
515.961	COLLISION_NONE	NOT_SWITCH	NOT_RESET	NOT_WAYPOINT	-310.7765	21.77136	133.1971	-0.04076844	0.005178086	-0.0002112809	-0.9991552	0	0	0	-315	17.78717	133.1971	
515.981	COLLISION_NONE	NOT_SWITCH	NOT_RESET	NOT_WAYPOINT	-310.8373	21.36228	135.1509	-0.03128598	0.004534782	-0.000141946	-0.9995002	0	0	0	-315	17.21383	135.1509	
516.001	COLLISION_NONE	NOT_SWITCH	NOT_RESET	NOT_WAYPOINT	-310.8977	20.95601	137.1052	-0.02181243	0.00402059	-8.77204E-05	-0.999754	0	0	0	-315	16.65313	137.1052	
516.0211	COLLISION_NONE	NOT_SWITCH	NOT_RESET	NOT_WAYPOINT	-310.9577	20.55275	139.0598	-0.01236708	0.003485557	-4.310971E-05	-0.9999174	0	0	0	-315	16.10548	139.0598	
516.0411	COLLISION_NONE	NOT_SWITCH	NOT_RESET	NOT_WAYPOINT	-311.0173	20.15272	141.0149	-0.002941453	0.002944842	-8.662189E-06	-0.9999914	0	0	0	-315	15.57126	141.0149	
516.0611	COLLISION_NONE	NOT_SWITCH	NOT_RESET	NOT_WAYPOINT	-311.0764	19.75617	142.9704	0.01516749	0.001963778	2.978905E-05	-0.9998831	0	0	0	-315	15.0507	142.9703	
516.0811	COLLISION_NONE	NOT_SWITCH	NOT_RESET	NOT_WAYPOINT	-311.1347	19.36725	144.9266	0.006964848	0.00149786	1.043263E-05	-0.9999747	0	0	0	-315	14.54393	144.9266	
516.1011	COLLISION_NONE	NOT_SWITCH	NOT_RESET	NOT_WAYPOINT	-311.1924	18.9829	146.8833	0.000531844	0.0009461957	5.032288E-07	-0.9999994	0	0	0	-315	14.05112	146.8833	
516.1212	COLLISION_NONE	NOT_SWITCH	NOT_RESET	NOT_WAYPOINT	-311.2493	18.60354	148.8406	-0.005097119	0.0003184357	-1.623126E-06	-0.9999869	0	0	0	-315	13.57236	148.8406	
516.1412	COLLISION_NONE	NOT_SWITCH	NOT_RESET	NOT_WAYPOINT	-311.3055	18.22957	150.7985	0.01042215	0.0003683214	-3.838909E-06	0.9999456	0	0	0	-315	13.10762	150.7985	
516.1612	COLLISION_NONE	NOT_SWITCH	NOT_RESET	NOT_WAYPOINT	-311.3606	17.86137	152.7571	0.01994656	0.001906663	-3.8039E-05	0.9997993	0	0	0	-315	12.65684	152.7571	
516.1812	COLLISION_NONE	NOT_SWITCH	NOT_RESET	NOT_WAYPOINT	-311.4133	17.50541	154.7174	0.02448321	0.00262525	-6.429405E-05	0.9996968	0	0	0	-315	12.21975	154.7174	
516.2012	COLLISION_NONE	NOT_SWITCH	NOT_RESET	NOT_WAYPOINT	-311.4643	17.15615	156.6786	0.02935348	0.003303416	-9.700907E-05	0.9995636	0	0	0	-315	11.79637	156.6786	
516.2213	COLLISION_NONE	NOT_SWITCH	NOT_RESET	NOT_WAYPOINT	-311.5133	16.81379	158.6409	0.03721438	0.003960763	-0.0001475006	0.9992995	0	0	0	-315	11.38653	158.641	
516.2413	COLLISION_NONE	NOT_SWITCH	NOT_RESET	NOT_WAYPOINT	-311.5601	16.47842	160.6044	0.05120754	0.004605857	-0.0002361669	0.9986774	0	0	0	-315	10.99005	160.6044	
516.2613	COLLISION_NONE	NOT_SWITCH	NOT_RESET	NOT_WAYPOINT	-311.6035	16.14972	162.5692	0.07346656	0.005266425	-0.00038796	0.9972837	0	0	0	-315	10.60666	162.5692	
516.2813	COLLISION_NONE	NOT_SWITCH	NOT_RESET	NOT_WAYPOINT	-311.6359	15.83021	164.5367	0.08345117	0.005212266	-0.0004364982	0.9964982	0	0	0	-315	10.23587	164.5367	
516.3013	COLLISION_NONE	NOT_SWITCH	NOT_RESET	NOT_WAYPOINT	-311.6621	15.50916	166.5047	0.09315357	0.004897729	-0.0004582391	0.9956396	0	0	0	-315	9.877838	166.5048	
516.3214	COLLISION_NONE	NOT_SWITCH	NOT_RESET	NOT_WAYPOINT	-311.6844	15.18386	168.4726	0.1027161	0.004355814	-0.0004497957	0.9947011	0	0	0	-315	9.532425	168.4726	
516.3414	COLLISION_NONE	NOT_SWITCH	NOT_RESET	NOT_WAYPOINT	-311.7044	14.85375	170.4398	0.1216229	0.002570648	-0.000314989	0.992573	0	0	0	-315	9.19936	170.4398	
516.3614	COLLISION_NONE	NOT_SWITCH	NOT_RESET	NOT_WAYPOINT	-311.722	14.51375	172.4054	0.1310075	0.001244338	-0.0001644349	0.9913806	0	0	0	-315	8.878491	172.4054	
516.3814	COLLISION_NONE	NOT_SWITCH	NOT_RESET	NOT_WAYPOINT	-311.739	14.16877	174.3701	-0.1403713	0.000380675	-5.397022E-05	-0.9900989	0	0	0	-315	8.569339	174.3701	
516.4014	COLLISION_NONE	NOT_SWITCH	NOT_RESET	NOT_WAYPOINT	-311.7556	13.81872	176.3337	-0.1497071	0.00226105	-0.0003423544	-0.9887277	0	0	0	-315	8.271587	176.3337	
516.4214	COLLISION_NONE	NOT_SWITCH	NOT_RESET	NOT_WAYPOINT	-311.7721	13.46344	178.2962	-0.1551929	0.004239439	-0.0006660063	-0.9878749	0	0	0	-315	7.984891	178.2962	
516.4415	COLLISION_NONE	NOT_SWITCH	NOT_RESET	NOT_WAYPOINT	-311.7885	13.10275	180.2574	-0.165598	0.008060434	-0.001353525	-0.9861595	0	0	0	-315	7.708898	180.2574	
516.4615	COLLISION_NONE	NOT_SWITCH	NOT_RESET	NOT_WAYPOINT	-311.8053	12.73078	182.216	-0.160891	0.01002616	-0.001634498	-0.9869199	0	0	0	-315	7.44345	182.216	
516.4815	COLLISION_NONE	NOT_SWITCH	NOT_RESET	NOT_WAYPOINT	-311.8227	12.35263	184.1731	-0.1486437	0.0120498	-0.001811386	-0.9888157	0	0	0	-315	7.188033	184.1731	
516.5015	COLLISION_NONE	NOT_SWITCH	NOT_RESET	NOT_WAYPOINT	-311.841	11.96804	186.1287	-0.1403024	0.01410779	-0.001999337	-0.9900062	0	0	0	-315	6.942274	186.1287	
516.5215	COLLISION_NONE	NOT_SWITCH	NOT_RESET	NOT_WAYPOINT	-311.8606	11.57692	188.083	-0.1337979	0.01613603	-0.002178849	-0.9908749	0	0	0	-315	6.70582	188.083	
516.5416	COLLISION_NONE	NOT_SWITCH	NOT_RESET	NOT_WAYPOINT	-311.8823	11.17939	190.0361	-0.1216299	0.02014861	-0.002469521	-0.9923679	0	0	0	-315	6.478328	190.0362	
516.5616	COLLISION_NONE	NOT_SWITCH	NOT_RESET	NOT_WAYPOINT	-311.9103	10.77018	191.9872	-0.1120558	0.02215733	-0.002499224	-0.9934517	0	0	0	-315	6.259563	191.9872	
516.5816	COLLISION_NONE	NOT_SWITCH	NOT_RESET	NOT_WAYPOINT	-311.9438	10.35768	193.938	-0.1026228	0.0240583	-0.002482769	-0.9944263	0	0	0	-315	6.049	193.938	
516.6016	COLLISION_NONE	NOT_SWITCH	NOT_RESET	NOT_WAYPOINT	-311.9829	9.945564	195.8892	-0.09321982	0.02582915	-0.00241914	-0.9953076	0	0	0	-315	5.846267	195.8892	
516.6216	COLLISION_NONE	NOT_SWITCH	NOT_RESET	NOT_WAYPOINT	-312.0266	9.536325	197.8412	-0.08385301	0.02741536	-0.002307865	-0.9960983	0	0	0	-315	5.651046	197.8412	
516.6417	COLLISION_NONE	NOT_SWITCH	NOT_RESET	NOT_WAYPOINT	-312.0735	9.130857	199.7941	-0.06515615	0.02999722	-0.001959555	-0.9974222	0	0	0	-315	5.463058	199.7941	
516.6617	COLLISION_NONE	NOT_SWITCH	NOT_RESET	NOT_WAYPOINT	-312.1251	8.733871	201.7486	-0.05583715	0.03099546	-0.001734241	-0.9979572	0	0	0	-315	5.281967	201.7485	
516.6817	COLLISION_NONE	NOT_SWITCH	NOT_RESET	NOT_WAYPOINT	-312.1786	8.341387	203.7038	-0.04650192	0.03180015	-0.001481122	-0.9984108	0	0	0	-315	5.107597	203.7038	
516.7017	COLLISION_NONE	NOT_SWITCH	NOT_RESET	NOT_WAYPOINT	-312.2338	7.953595	205.6598	-0.03720424	0.03241121	-0.001207306	-0.9987812	0	0	0	-315	4.939699	205.6598	
516.7217	COLLISION_NONE	NOT_SWITCH	NOT_RESET	NOT_WAYPOINT	-312.2904	7.570714	207.6165	-0.01445702	0.03261448	-0.0004718085	-0.9993634	0	0	0	-315	4.778029	207.6165	
516.7418	COLLISION_NONE	NOT_SWITCH	NOT_RESET	NOT_WAYPOINT	-312.3483	7.19307	209.5738	0.02223197	0.03190584	0.0007098668	-0.9992433	0	0	0	-315	4.622358	209.5737	
516.7618	COLLISION_NONE	NOT_SWITCH	NOT_RESET	NOT_WAYPOINT	-312.408	6.826757	211.5321	0.03880685	0.03117174	0.001211179	-0.9987597	0	0	0	-315	4.472426	211.532	
516.7818	COLLISION_NONE	NOT_SWITCH	NOT_RESET	NOT_WAYPOINT	-312.4686	6.467229	213.4908	0.05493182	0.03020157	0.001662299	-0.9980319	0	0	0	-315	4.328052	213.4908	
516.8018	COLLISION_NONE	NOT_SWITCH	NOT_RESET	NOT_WAYPOINT	-312.5299	6.115305	215.4498	0.06621205	0.02902685	0.001926973	-0.9973814	0	0	0	-315	4.189032	215.4498	
516.8218	COLLISION_NONE	NOT_SWITCH	NOT_RESET	NOT_WAYPOINT	-312.592	5.772	217.4091	0.07885333	0.02613055	0.002067632	-0.9965416	0	0	0	-315	4.055157	217.4091	
516.8419	COLLISION_NONE	NOT_SWITCH	NOT_RESET	NOT_WAYPOINT	-312.6555	5.448364	219.3689	0.07168493	0.02456338	0.001765904	-0.9971232	0	0	0	-315	3.926211	219.3689	
516.8619	COLLISION_NONE	NOT_SWITCH	NOT_RESET	NOT_WAYPOINT	-312.7197	5.137374	221.329	0.06802094	0.02316646	0.001579891	-0.9974136	0	0	0	-315	3.80201	221.329	
516.8819	COLLISION_NONE	NOT_SWITCH	NOT_RESET	NOT_WAYPOINT	-312.7845	4.840675	223.2896	0.06612559	0.02185514	0.001448704	-0.9975709	0	0	0	-315	3.682353	223.2897	
516.9019	COLLISION_NONE	NOT_SWITCH	NOT_RESET	NOT_WAYPOINT	-312.85	4.559968	225.2508	0.06511448	0.02058834	0.001343737	-0.9976645	0	0	0	-315	3.567064	225.2508	
516.9219	COLLISION_NONE	NOT_SWITCH	NOT_RESET	NOT_WAYPOINT	-312.916	4.296999	227.2126	0.06457587	0.0193457	0.001252115	-0.9977245	0	0	0	-315	3.45596	227.2126	
516.942	COLLISION_NONE	NOT_SWITCH	NOT_RESET	NOT_WAYPOINT	-312.9825	4.053529	229.1752	0.06409617	0.0168932	0.001085176	-0.9978002	0	0	0	-315	3.348875	229.1752	
516.962	COLLISION_NONE	NOT_SWITCH	NOT_RESET	NOT_WAYPOINT	-313.0491	3.852541	231.1395	0.06395584	0.01567507	0.001004693	-0.9978291	0	0	0	-315	3.245597	231.1395	
516.982	COLLISION_NONE	NOT_SWITCH	NOT_RESET	NOT_WAYPOINT	-313.1156	3.675891	233.1047	0.06389323	0.01445992	0.0009258802	-0.9978516	0	0	0	-315	3.146025	233.1047	
517.002	COLLISION_NONE	NOT_SWITCH	NOT_RESET	NOT_WAYPOINT	-313.1815	3.524931	235.071	0.06389829	0.01324706	0.0008482729	-0.9978682	0	0	0	-315	3.050001	235.071	
517.022	COLLISION_NONE	NOT_SWITCH	NOT_RESET	NOT_WAYPOINT	-313.2466	3.400759	237.0384	0.06391104	0.01082271	0.0006931486	-0.9978967	0	0	0	-315	2.95739	237.0385	
517.0421	COLLISION_NONE	NOT_SWITCH	NOT_RESET	NOT_WAYPOINT	-313.3087	3.331716	239.0081	0.05756934	0.0097211	0.0005605936	-0.9982941	0	0	0	-315	2.868005	239.0081	
517.0621	COLLISION_NONE	NOT_SWITCH	NOT_RESET	NOT_WAYPOINT	-313.3687	3.290675	240.9793	0.05127262	0.008749206	0.0004492028	-0.9986463	0	0	0	-315	2.781754	240.9794	
517.0821	COLLISION_NONE	NOT_SWITCH	NOT_RESET	NOT_WAYPOINT	-313.426	3.276839	242.9526	0.04496041	0.007924947	0.0003566807	-0.9989573	0	0	0	-315	2.6985	242.9526	
517.1021	COLLISION_NONE	NOT_SWITCH	NOT_RESET	NOT_WAYPOINT	-313.4798	3.288563	244.9282	0.0386396	0.0072669	0.0002810074	-0.9992267	0	0	0	-315	2.618112	244.9282	
517.1221	COLLISION_NONE	NOT_SWITCH	NOT_RESET	NOT_WAYPOINT	-313.5296	3.323329	246.9068	0.02602719	0.006505059	0.0001693694	-0.99964	0	0	0	-315	2.54046	246.9068	
517.1422	COLLISION_NONE	NOT_SWITCH	NOT_RESET	NOT_WAYPOINT	-313.5683	3.396479	248.894	0.01971117	0.006399926	0.0001261771	-0.9997852	0	0	0	-315	2.465234	248.894	
517.1622	COLLISION_NONE	NOT_SWITCH	NOT_RESET	NOT_WAYPOINT	-313.5989	3.473125	250.888	0.01341511	0.006469012	8.679211E-05	-0.9998891	0	0	0	-315	2.392425	250.8879	
517.1822	COLLISION_NONE	NOT_SWITCH	NOT_RESET	NOT_WAYPOINT	-313.6287	3.545662	252.8829	0.004955286	0.006661673	3.301163E-05	-0.9999655	0	0	0	-315	2.322152	252.8829	
517.2022	COLLISION_NONE	NOT_SWITCH	NOT_RESET	NOT_WAYPOINT	-313.6582	3.614673	254.8781	-0.01141055	0.007021302	-8.012408E-05	-0.9999102	0	0	0	-315	2.254338	254.8781	
517.2222	COLLISION_NONE	NOT_SWITCH	NOT_RESET	NOT_WAYPOINT	-313.6877	3.680333	256.8735	-0.03665898	0.008327422	-0.0003054907	-0.9992931	0	0	0	-315	2.188894	256.8735	
517.2422	COLLISION_NONE	NOT_SWITCH	NOT_RESET	NOT_WAYPOINT	-313.7173	3.739296	258.8688	-0.04706849	0.009271603	-0.0004369035	-0.9988486	0	0	0	-315	2.125726	258.8688	
517.2623	COLLISION_NONE	NOT_SWITCH	NOT_RESET	NOT_WAYPOINT	-313.747	3.794727	260.8641	-0.05692264	0.01039863	-0.0005929109	-0.9983243	0	0	0	-315	2.06475	260.8641	
517.2823	COLLISION_NONE	NOT_SWITCH	NOT_RESET	NOT_WAYPOINT	-313.7769	3.846463	262.8593	-0.06650747	0.0117041	-0.0007801913	-0.997717	0	0	0	-315	2.005879	262.8594	
517.3023	COLLISION_NONE	NOT_SWITCH	NOT_RESET	NOT_WAYPOINT	-313.8069	3.894297	264.8544	-0.07593679	0.01318784	-0.00100443	-0.997025	0	0	0	-315	1.949033	264.8544	
517.3223	COLLISION_NONE	NOT_SWITCH	NOT_RESET	NOT_WAYPOINT	-313.8372	3.937976	266.8492	-0.09464549	0.01666524	-0.001584626	-0.9953703	0	0	0	-315	1.894133	266.8492	
517.3423	COLLISION_NONE	NOT_SWITCH	NOT_RESET	NOT_WAYPOINT	-313.8683	3.972739	268.8434	-0.1039629	0.01864453	-0.001949246	-0.9944045	0	0	0	-315	1.841114	268.8434	
517.3624	COLLISION_NONE	NOT_SWITCH	NOT_RESET	NOT_WAYPOINT	-313.8998	4.002271	270.8371	-0.1132613	0.02070466	-0.002360743	-0.9933467	0	0	0	-315	1.789896	270.8371	
517.3824	COLLISION_NONE	NOT_SWITCH	NOT_RESET	NOT_WAYPOINT	-313.9319	4.026059	272.8303	-0.1167298	0.02282378	-0.002683273	-0.9928978	0	0	0	-315	1.740412	272.8303	
517.4024	COLLISION_NONE	NOT_SWITCH	NOT_RESET	NOT_WAYPOINT	-313.9648	4.043495	274.8228	-0.1078397	0.02484822	-0.002696194	-0.9938541	0	0	0	-315	1.692599	274.8228	
517.4224	COLLISION_NONE	NOT_SWITCH	NOT_RESET	NOT_WAYPOINT	-313.9986	4.053905	276.8147	-0.1011827	0.02868502	-0.002918626	-0.99445	0	0	0	-315	1.646387	276.8147	
517.4424	COLLISION_NONE	NOT_SWITCH	NOT_RESET	NOT_WAYPOINT	-314.0353	4.048991	278.8052	-0.1001738	0.03055735	-0.003077988	-0.9944959	0	0	0	-315	1.601734	278.8052	
517.4625	COLLISION_NONE	NOT_SWITCH	NOT_RESET	NOT_WAYPOINT	-314.0738	4.03517	280.7949	-0.09973717	0.03241763	-0.003251188	-0.9944803	0	0	0	-315	1.558564	280.7949	
517.4825	COLLISION_NONE	NOT_SWITCH	NOT_RESET	NOT_WAYPOINT	-314.1146	4.011802	282.7838	-0.09947854	0.03427424	-0.003428602	-0.9944434	0	0	0	-315	1.516823	282.7838	
517.5025	COLLISION_NONE	NOT_SWITCH	NOT_RESET	NOT_WAYPOINT	-314.1579	3.978248	284.7718	-0.09927852	0.03613038	-0.003607181	-0.994397	0	0	0	-315	1.476455	284.7719	
517.5225	COLLISION_NONE	NOT_SWITCH	NOT_RESET	NOT_WAYPOINT	-314.2042	3.933884	286.7589	-0.08684812	0.03977166	-0.003469981	-0.9954214	0	0	0	-315	1.437411	286.7589	
517.5425	COLLISION_NONE	NOT_SWITCH	NOT_RESET	NOT_WAYPOINT	-314.2581	3.866957	288.744	-0.07790378	0.04141665	-0.003239162	-0.9960949	0	0	0	-315	1.399657	288.744	
517.5626	COLLISION_NONE	NOT_SWITCH	NOT_RESET	NOT_WAYPOINT	-314.3173	3.788218	290.7284	-0.06885627	0.04292436	-0.002965402	-0.9966983	0	0	0	-315	1.363121	290.7284	
517.5826	COLLISION_NONE	NOT_SWITCH	NOT_RESET	NOT_WAYPOINT	-314.383	3.698018	292.7121	-0.05958442	0.04427657	-0.002645502	-0.9972373	0	0	0	-315	1.327756	292.7122	
517.6026	COLLISION_NONE	NOT_SWITCH	NOT_RESET	NOT_WAYPOINT	-314.4566	3.597305	294.6955	-0.04071317	0.04650114	-0.001896838	-0.9980865	0	0	0	-315	1.293517	294.6954	
